none
1020
0.000000 6.189102 -0.237274 0.156434 -0.000000 -0.987688 0.698852 0.840000
0.000000 6.189102 0.237274 0.156434 -0.000000 -0.987688 0.698852 0.840000
0.830979 6.057488 0.237274 0.156434 -0.000000 -0.987688 0.706762 0.823359
0.830979 6.057488 0.237274 0.156434 -0.000000 -0.987688 0.706762 0.823359
0.830979 6.057488 -0.237274 0.156434 -0.000000 -0.987688 0.706762 0.823359
0.000000 6.189102 -0.237274 0.156434 -0.000000 -0.987688 0.698852 0.840000
0.000000 6.189102 0.237274 0.000000 1.000000 -0.000000 0.698852 0.840000
0.000000 5.872737 0.237274 0.000000 1.000000 -0.000000 0.698852 0.800000
0.733216 5.756608 0.237274 0.000000 1.000000 -0.000000 0.705832 0.785317
0.733216 5.756608 0.237274 0.000000 1.000000 -0.000000 0.705832 0.785317
0.830979 6.057488 0.237274 0.000000 1.000000 -0.000000 0.706762 0.823359
0.000000 6.189102 0.237274 0.000000 1.000000 -0.000000 0.698852 0.840000
0.000000 5.872737 0.237274 -0.156434 0.000000 0.987688 0.698852 0.800000
0.000000 5.872737 -0.237274 -0.156434 0.000000 0.987688 0.698852 0.800000
0.733216 5.756608 -0.237274 -0.156434 0.000000 0.987688 0.705832 0.785317
0.733216 5.756608 -0.237274 -0.156434 0.000000 0.987688 0.705832 0.785317
0.733216 5.756608 0.237274 -0.156434 0.000000 0.987688 0.705832 0.785317
0.000000 5.872737 0.237274 -0.156434 0.000000 0.987688 0.698852 0.800000
0.000000 5.872737 -0.237274 0.000000 -1.000000 0.000000 0.698852 0.800000
0.000000 6.189102 -0.237274 0.000000 -1.000000 0.000000 0.698852 0.840000
0.830979 6.057488 -0.237274 0.000000 -1.000000 0.000000 0.706762 0.823359
0.830979 6.057488 -0.237274 0.000000 -1.000000 0.000000 0.706762 0.823359
0.733216 5.756608 -0.237274 0.000000 -1.000000 0.000000 0.705832 0.785317
0.000000 5.872737 -0.237274 0.000000 -1.000000 0.000000 0.698852 0.800000
0.830979 6.057488 -0.237274 0.453991 -0.000000 -0.891006 0.706762 0.823359
0.830979 6.057488 0.237274 0.453991 -0.000000 -0.891006 0.706762 0.823359
1.580615 5.675529 0.237274 0.453991 -0.000000 -0.891006 0.713899 0.775066
1.580615 5.675529 0.237274 0.453991 -0.000000 -0.891006 0.713899 0.775066
1.580615 5.675529 -0.237274 0.453991 -0.000000 -0.891006 0.713899 0.775066
0.830979 6.057488 -0.237274 0.453991 -0.000000 -0.891006 0.706762 0.823359
0.830979 6.057488 0.237274 0.000000 1.000000 -0.000000 0.706762 0.823359
0.733216 5.756608 0.237274 0.000000 1.000000 -0.000000 0.705832 0.785317
1.394660 5.419585 0.237274 0.000000 1.000000 -0.000000 0.712129 0.742705
1.394660 5.419585 0.237274 0.000000 1.000000 -0.000000 0.712129 0.742705
1.580615 5.675529 0.237274 0.000000 1.000000 -0.000000 0.713899 0.775066
0.830979 6.057488 0.237274 0.000000 1.000000 -0.000000 0.706762 0.823359
0.733216 5.756608 0.237274 -0.453990 0.000000 0.891007 0.705832 0.785317
0.733216 5.756608 -0.237274 -0.453990 0.000000 0.891007 0.705832 0.785317
1.394660 5.419585 -0.237274 -0.453990 0.000000 0.891007 0.712129 0.742705
1.394660 5.419585 -0.237274 -0.453990 0.000000 0.891007 0.712129 0.742705
1.394660 5.419585 0.237274 -0.453990 0.000000 0.891007 0.712129 0.742705
0.733216 5.756608 0.237274 -0.453990 0.000000 0.891007 0.705832 0.785317
0.733216 5.756608 -0.237274 0.000000 -1.000000 0.000000 0.705832 0.785317
0.830979 6.057488 -0.237274 0.000000 -1.000000 0.000000 0.706762 0.823359
1.580615 5.675529 -0.237274 0.000000 -1.000000 0.000000 0.713899 0.775066
1.580615 5.675529 -0.237274 0.000000 -1.000000 0.000000 0.713899 0.775066
1.394660 5.419585 -0.237274 0.000000 -1.000000 0.000000 0.712129 0.742705
0.733216 5.756608 -0.237274 0.000000 -1.000000 0.000000 0.705832 0.785317
1.580615 5.675529 -0.237274 0.707107 -0.000000 -0.707107 0.713899 0.775066
1.580615 5.675529 0.237274 0.707107 -0.000000 -0.707107 0.713899 0.775066
2.175529 5.080615 0.237274 0.707107 -0.000000 -0.707107 0.719562 0.699847
2.175529 5.080615 0.237274 0.707107 -0.000000 -0.707107 0.719562 0.699847
2.175529 5.080615 -0.237274 0.707107 -0.000000 -0.707107 0.719562 0.699847
1.580615 5.675529 -0.237274 0.707107 -0.000000 -0.707107 0.713899 0.775066
1.580615 5.675529 0.237274 0.000000 1.000000 -0.000000 0.713899 0.775066
1.394660 5.419585 0.237274 0.000000 1.000000 -0.000000 0.712129 0.742705
1.919585 4.894660 0.237274 0.000000 1.000000 -0.000000 0.717126 0.676336
1.919585 4.894660 0.237274 0.000000 1.000000 -0.000000 0.717126 0.676336
2.175529 5.080615 0.237274 0.000000 1.000000 -0.000000 0.719562 0.699847
1.580615 5.675529 0.237274 0.000000 1.000000 -0.000000 0.713899 0.775066
1.394660 5.419585 0.237274 -0.707107 0.000000 0.707107 0.712129 0.742705
1.394660 5.419585 -0.237274 -0.707107 0.000000 0.707107 0.712129 0.742705
1.919585 4.894660 -0.237274 -0.707107 0.000000 0.707107 0.717126 0.676336
1.919585 4.894660 -0.237274 -0.707107 0.000000 0.707107 0.717126 0.676336
1.919585 4.894660 0.237274 -0.707107 0.000000 0.707107 0.717126 0.676336
1.394660 5.419585 0.237274 -0.707107 0.000000 0.707107 0.712129 0.742705
1.394660 5.419585 -0.237274 0.000000 -1.000000 0.000000 0.712129 0.742705
1.580615 5.675529 -0.237274 0.000000 -1.000000 0.000000 0.713899 0.775066
2.175529 5.080615 -0.237274 0.000000 -1.000000 0.000000 0.719562 0.699847
2.175529 5.080615 -0.237274 0.000000 -1.000000 0.000000 0.719562 0.699847
1.919585 4.894660 -0.237274 0.000000 -1.000000 0.000000 0.717126 0.676336
1.394660 5.419585 -0.237274 0.000000 -1.000000 0.000000 0.712129 0.742705
2.175529 5.080615 -0.237274 0.891006 -0.000000 -0.453991 0.719562 0.699847
2.175529 5.080615 0.237274 0.891006 -0.000000 -0.453991 0.719562 0.699847
2.557488 4.330978 0.237274 0.891006 -0.000000 -0.453991 0.723199 0.605066
2.557488 4.330978 0.237274 0.891006 -0.000000 -0.453991 0.723199 0.605066
2.557488 4.330978 -0.237274 0.891006 -0.000000 -0.453991 0.723199 0.605066
2.175529 5.080615 -0.237274 0.891006 -0.000000 -0.453991 0.719562 0.699847
2.175529 5.080615 0.237274 0.000000 1.000000 -0.000000 0.719562 0.699847
1.919585 4.894660 0.237274 0.000000 1.000000 -0.000000 0.717126 0.676336
2.256608 4.233216 0.237274 0.000000 1.000000 -0.000000 0.720334 0.592705
2.256608 4.233216 0.237274 0.000000 1.000000 -0.000000 0.720334 0.592705
2.557488 4.330978 0.237274 0.000000 1.000000 -0.000000 0.723199 0.605066
2.175529 5.080615 0.237274 0.000000 1.000000 -0.000000 0.719562 0.699847
1.919585 4.894660 0.237274 -0.891007 0.000000 0.453990 0.717126 0.676336
1.919585 4.894660 -0.237274 -0.891007 0.000000 0.453990 0.717126 0.676336
2.256608 4.233216 -0.237274 -0.891007 0.000000 0.453990 0.720334 0.592705
2.256608 4.233216 -0.237274 -0.891007 0.000000 0.453990 0.720334 0.592705
2.256608 4.233216 0.237274 -0.891007 0.000000 0.453990 0.720334 0.592705
1.919585 4.894660 0.237274 -0.891007 0.000000 0.453990 0.717126 0.676336
1.919585 4.894660 -0.237274 0.000000 -1.000000 0.000000 0.717126 0.676336
2.175529 5.080615 -0.237274 0.000000 -1.000000 0.000000 0.719562 0.699847
2.557488 4.330978 -0.237274 0.000000 -1.000000 0.000000 0.723199 0.605066
2.557488 4.330978 -0.237274 0.000000 -1.000000 0.000000 0.723199 0.605066
2.256608 4.233216 -0.237274 0.000000 -1.000000 0.000000 0.720334 0.592705
1.919585 4.894660 -0.237274 0.000000 -1.000000 0.000000 0.717126 0.676336
2.557488 4.330978 -0.237274 0.987688 -0.000000 -0.156434 0.723199 0.605066
2.557488 4.330978 0.237274 0.987688 -0.000000 -0.156434 0.723199 0.605066
2.689102 3.500000 0.237274 0.987688 -0.000000 -0.156434 0.724451 0.500000
2.689102 3.500000 0.237274 0.987688 -0.000000 -0.156434 0.724451 0.500000
2.689102 3.500000 -0.237274 0.987688 -0.000000 -0.156434 0.724451 0.500000
2.557488 4.330978 -0.237274 0.987688 -0.000000 -0.156434 0.723199 0.605066
2.557488 4.330978 0.237274 0.000000 1.000000 -0.000000 0.723199 0.605066
2.256608 4.233216 0.237274 0.000000 1.000000 -0.000000 0.720334 0.592705
2.372737 3.500000 0.237274 0.000000 1.000000 -0.000000 0.721440 0.500000
2.372737 3.500000 0.237274 0.000000 1.000000 -0.000000 0.721440 0.500000
2.689102 3.500000 0.237274 0.000000 1.000000 -0.000000 0.724451 0.500000
2.557488 4.330978 0.237274 0.000000 1.000000 -0.000000 0.723199 0.605066
2.256608 4.233216 0.237274 -0.987688 0.000000 0.156434 0.720334 0.592705
2.256608 4.233216 -0.237274 -0.987688 0.000000 0.156434 0.720334 0.592705
2.372737 3.500000 -0.237274 -0.987688 0.000000 0.156434 0.721440 0.500000
2.372737 3.500000 -0.237274 -0.987688 0.000000 0.156434 0.721440 0.500000
2.372737 3.500000 0.237274 -0.987688 0.000000 0.156434 0.721440 0.500000
2.256608 4.233216 0.237274 -0.987688 0.000000 0.156434 0.720334 0.592705
2.256608 4.233216 -0.237274 0.000000 -1.000000 0.000000 0.720334 0.592705
2.557488 4.330978 -0.237274 0.000000 -1.000000 0.000000 0.723199 0.605066
2.689102 3.500000 -0.237274 0.000000 -1.000000 0.000000 0.724451 0.500000
2.689102 3.500000 -0.237274 0.000000 -1.000000 0.000000 0.724451 0.500000
2.372737 3.500000 -0.237274 0.000000 -1.000000 0.000000 0.721440 0.500000
2.256608 4.233216 -0.237274 0.000000 -1.000000 0.000000 0.720334 0.592705
2.689102 3.500000 -0.237274 0.987688 0.000000 0.156434 0.724451 0.500000
2.689102 3.500000 0.237274 0.987688 0.000000 0.156434 0.724451 0.500000
2.557488 2.669022 0.237274 0.987688 0.000000 0.156434 0.723199 0.394934
2.557488 2.669022 0.237274 0.987688 0.000000 0.156434 0.723199 0.394934
2.557488 2.669022 -0.237274 0.987688 0.000000 0.156434 0.723199 0.394934
2.689102 3.500000 -0.237274 0.987688 0.000000 0.156434 0.724451 0.500000
2.689102 3.500000 0.237274 0.000000 1.000000 -0.000000 0.724451 0.500000
2.372737 3.500000 0.237274 0.000000 1.000000 -0.000000 0.721440 0.500000
2.256608 2.766784 0.237274 0.000000 1.000000 -0.000000 0.720334 0.407295
2.256608 2.766784 0.237274 0.000000 1.000000 -0.000000 0.720334 0.407295
2.557488 2.669022 0.237274 0.000000 1.000000 -0.000000 0.723199 0.394934
2.689102 3.500000 0.237274 0.000000 1.000000 -0.000000 0.724451 0.500000
2.372737 3.500000 0.237274 -0.987688 -0.000000 -0.156434 0.721440 0.500000
2.372737 3.500000 -0.237274 -0.987688 -0.000000 -0.156434 0.721440 0.500000
2.256608 2.766784 -0.237274 -0.987688 -0.000000 -0.156434 0.720334 0.407295
2.256608 2.766784 -0.237274 -0.987688 -0.000000 -0.156434 0.720334 0.407295
2.256608 2.766784 0.237274 -0.987688 -0.000000 -0.156434 0.720334 0.407295
2.372737 3.500000 0.237274 -0.987688 -0.000000 -0.156434 0.721440 0.500000
2.372737 3.500000 -0.237274 0.000000 -1.000000 0.000000 0.721440 0.500000
2.689102 3.500000 -0.237274 0.000000 -1.000000 0.000000 0.724451 0.500000
2.557488 2.669022 -0.237274 0.000000 -1.000000 0.000000 0.723199 0.394934
2.557488 2.669022 -0.237274 0.000000 -1.000000 0.000000 0.723199 0.394934
2.256608 2.766784 -0.237274 0.000000 -1.000000 0.000000 0.720334 0.407295
2.372737 3.500000 -0.237274 0.000000 -1.000000 0.000000 0.721440 0.500000
2.557488 2.669022 -0.237274 0.891006 0.000000 0.453991 0.723199 0.394934
2.557488 2.669022 0.237274 0.891006 0.000000 0.453991 0.723199 0.394934
2.175529 1.919386 0.237274 0.891006 0.000000 0.453991 0.719562 0.300153
2.175529 1.919386 0.237274 0.891006 0.000000 0.453991 0.719562 0.300153
2.175529 1.919386 -0.237274 0.891006 0.000000 0.453991 0.719562 0.300153
2.557488 2.669022 -0.237274 0.891006 0.000000 0.453991 0.723199 0.394934
2.557488 2.669022 0.237274 0.000000 1.000000 -0.000000 0.723199 0.394934
2.256608 2.766784 0.237274 0.000000 1.000000 -0.000000 0.720334 0.407295
1.919585 2.105340 0.237274 0.000000 1.000000 -0.000000 0.717126 0.323664
1.919585 2.105340 0.237274 0.000000 1.000000 -0.000000 0.717126 0.323664
2.175529 1.919386 0.237274 0.000000 1.000000 -0.000000 0.719562 0.300153
2.557488 2.669022 0.237274 0.000000 1.000000 -0.000000 0.723199 0.394934
2.256608 2.766784 0.237274 -0.891007 -0.000000 -0.453990 0.720334 0.407295
2.256608 2.766784 -0.237274 -0.891007 -0.000000 -0.453990 0.720334 0.407295
1.919585 2.105340 -0.237274 -0.891007 -0.000000 -0.453990 0.717126 0.323664
1.919585 2.105340 -0.237274 -0.891007 -0.000000 -0.453990 0.717126 0.323664
1.919585 2.105340 0.237274 -0.891007 -0.000000 -0.453990 0.717126 0.323664
2.256608 2.766784 0.237274 -0.891007 -0.000000 -0.453990 0.720334 0.407295
2.256608 2.766784 -0.237274 0.000000 -1.000000 0.000000 0.720334 0.407295
2.557488 2.669022 -0.237274 0.000000 -1.000000 0.000000 0.723199 0.394934
2.175529 1.919386 -0.237274 0.000000 -1.000000 0.000000 0.719562 0.300153
2.175529 1.919386 -0.237274 0.000000 -1.000000 0.000000 0.719562 0.300153
1.919585 2.105340 -0.237274 0.000000 -1.000000 0.000000 0.717126 0.323664
2.256608 2.766784 -0.237274 0.000000 -1.000000 0.000000 0.720334 0.407295
2.175529 1.919386 -0.237274 0.707107 0.000000 0.707107 0.719562 0.300153
2.175529 1.919386 0.237274 0.707107 0.000000 0.707107 0.719562 0.300153
1.580615 1.324471 0.237274 0.707107 0.000000 0.707107 0.713899 0.224934
1.580615 1.324471 0.237274 0.707107 0.000000 0.707107 0.713899 0.224934
1.580615 1.324471 -0.237274 0.707107 0.000000 0.707107 0.713899 0.224934
2.175529 1.919386 -0.237274 0.707107 0.000000 0.707107 0.719562 0.300153
2.175529 1.919386 0.237274 0.000000 1.000000 -0.000000 0.719562 0.300153
1.919585 2.105340 0.237274 0.000000 1.000000 -0.000000 0.717126 0.323664
1.394660 1.580415 0.237274 0.000000 1.000000 -0.000000 0.712129 0.257295
1.394660 1.580415 0.237274 0.000000 1.000000 -0.000000 0.712129 0.257295
1.580615 1.324471 0.237274 0.000000 1.000000 -0.000000 0.713899 0.224934
2.175529 1.919386 0.237274 0.000000 1.000000 -0.000000 0.719562 0.300153
1.919585 2.105340 0.237274 -0.707107 -0.000000 -0.707107 0.717126 0.323664
1.919585 2.105340 -0.237274 -0.707107 -0.000000 -0.707107 0.717126 0.323664
1.394660 1.580415 -0.237274 -0.707107 -0.000000 -0.707107 0.712129 0.257295
1.394660 1.580415 -0.237274 -0.707107 -0.000000 -0.707107 0.712129 0.257295
1.394660 1.580415 0.237274 -0.707107 -0.000000 -0.707107 0.712129 0.257295
1.919585 2.105340 0.237274 -0.707107 -0.000000 -0.707107 0.717126 0.323664
1.919585 2.105340 -0.237274 0.000000 -1.000000 0.000000 0.717126 0.323664
2.175529 1.919386 -0.237274 0.000000 -1.000000 0.000000 0.719562 0.300153
1.580615 1.324471 -0.237274 0.000000 -1.000000 0.000000 0.713899 0.224934
1.580615 1.324471 -0.237274 0.000000 -1.000000 0.000000 0.713899 0.224934
1.394660 1.580415 -0.237274 0.000000 -1.000000 0.000000 0.712129 0.257295
1.919585 2.105340 -0.237274 0.000000 -1.000000 0.000000 0.717126 0.323664
1.580615 1.324471 -0.237274 0.453991 0.000000 0.891006 0.713899 0.224934
1.580615 1.324471 0.237274 0.453991 0.000000 0.891006 0.713899 0.224934
0.830979 0.942512 0.237274 0.453991 0.000000 0.891006 0.706762 0.176641
0.830979 0.942512 0.237274 0.453991 0.000000 0.891006 0.706762 0.176641
0.830979 0.942512 -0.237274 0.453991 0.000000 0.891006 0.706762 0.176641
1.580615 1.324471 -0.237274 0.453991 0.000000 0.891006 0.713899 0.224934
1.580615 1.324471 0.237274 0.000000 1.000000 -0.000000 0.713899 0.224934
1.394660 1.580415 0.237274 0.000000 1.000000 -0.000000 0.712129 0.257295
0.733216 1.243393 0.237274 0.000000 1.000000 -0.000000 0.705832 0.214683
0.733216 1.243393 0.237274 0.000000 1.000000 -0.000000 0.705832 0.214683
0.830979 0.942512 0.237274 0.000000 1.000000 -0.000000 0.706762 0.176641
1.580615 1.324471 0.237274 0.000000 1.000000 -0.000000 0.713899 0.224934
1.394660 1.580415 0.237274 -0.453990 -0.000000 -0.891007 0.712129 0.257295
1.394660 1.580415 -0.237274 -0.453990 -0.000000 -0.891007 0.712129 0.257295
0.733216 1.243393 -0.237274 -0.453990 -0.000000 -0.891007 0.705832 0.214683
0.733216 1.243393 -0.237274 -0.453990 -0.000000 -0.891007 0.705832 0.214683
0.733216 1.243393 0.237274 -0.453990 -0.000000 -0.891007 0.705832 0.214683
1.394660 1.580415 0.237274 -0.453990 -0.000000 -0.891007 0.712129 0.257295
1.394660 1.580415 -0.237274 0.000000 -1.000000 0.000000 0.712129 0.257295
1.580615 1.324471 -0.237274 0.000000 -1.000000 0.000000 0.713899 0.224934
0.830979 0.942512 -0.237274 0.000000 -1.000000 0.000000 0.706762 0.176641
0.830979 0.942512 -0.237274 0.000000 -1.000000 0.000000 0.706762 0.176641
0.733216 1.243393 -0.237274 0.000000 -1.000000 0.000000 0.705832 0.214683
1.394660 1.580415 -0.237274 0.000000 -1.000000 0.000000 0.712129 0.257295
0.830979 0.942512 -0.237274 0.156434 0.000000 0.987688 0.706762 0.176641
0.830979 0.942512 0.237274 0.156434 0.000000 0.987688 0.706762 0.176641
0.000000 0.810898 0.237274 0.156434 0.000000 0.987688 0.698852 0.160000
0.000000 0.810898 0.237274 0.156434 0.000000 0.987688 0.698852 0.160000
0.000000 0.810898 -0.237274 0.156434 0.000000 0.987688 0.698852 0.160000
0.830979 0.942512 -0.237274 0.156434 0.000000 0.987688 0.706762 0.176641
0.830979 0.942512 0.237274 0.000000 1.000000 -0.000000 0.706762 0.176641
0.733216 1.243393 0.237274 0.000000 1.000000 -0.000000 0.705832 0.214683
0.000000 1.127263 0.237274 0.000000 1.000000 -0.000000 0.698852 0.200000
0.000000 1.127263 0.237274 0.000000 1.000000 -0.000000 0.698852 0.200000
0.000000 0.810898 0.237274 0.000000 1.000000 -0.000000 0.698852 0.160000
0.830979 0.942512 0.237274 0.000000 1.000000 -0.000000 0.706762 0.176641
0.733216 1.243393 0.237274 -0.156434 -0.000000 -0.987688 0.705832 0.214683
0.733216 1.243393 -0.237274 -0.156434 -0.000000 -0.987688 0.705832 0.214683
0.000000 1.127263 -0.237274 -0.156434 -0.000000 -0.987688 0.698852 0.200000
0.000000 1.127263 -0.237274 -0.156434 -0.000000 -0.987688 0.698852 0.200000
0.000000 1.127263 0.237274 -0.156434 -0.000000 -0.987688 0.698852 0.200000
0.733216 1.243393 0.237274 -0.156434 -0.000000 -0.987688 0.705832 0.214683
0.733216 1.243393 -0.237274 0.000000 -1.000000 0.000000 0.705832 0.214683
0.830979 0.942512 -0.237274 0.000000 -1.000000 0.000000 0.706762 0.176641
0.000000 0.810898 -0.237274 0.000000 -1.000000 0.000000 0.698852 0.160000
0.000000 0.810898 -0.237274 0.000000 -1.000000 0.000000 0.698852 0.160000
0.000000 1.127263 -0.237274 0.000000 -1.000000 0.000000 0.698852 0.200000
0.733216 1.243393 -0.237274 0.000000 -1.000000 0.000000 0.705832 0.214683
0.000000 0.810898 -0.237274 -0.156434 0.000000 0.987688 0.698852 0.160000
0.000000 0.810898 0.237274 -0.156434 0.000000 0.987688 0.698852 0.160000
-0.830978 0.942512 0.237274 -0.156434 0.000000 0.987688 0.690941 0.176641
-0.830978 0.942512 0.237274 -0.156434 0.000000 0.987688 0.690941 0.176641
-0.830978 0.942512 -0.237274 -0.156434 0.000000 0.987688 0.690941 0.176641
0.000000 0.810898 -0.237274 -0.156434 0.000000 0.987688 0.698852 0.160000
0.000000 0.810898 0.237274 0.000000 1.000000 -0.000000 0.698852 0.160000
0.000000 1.127263 0.237274 0.000000 1.000000 -0.000000 0.698852 0.200000
-0.733216 1.243393 0.237274 0.000000 1.000000 -0.000000 0.691871 0.214683
-0.733216 1.243393 0.237274 0.000000 1.000000 -0.000000 0.691871 0.214683
-0.830978 0.942512 0.237274 0.000000 1.000000 -0.000000 0.690941 0.176641
0.000000 0.810898 0.237274 0.000000 1.000000 -0.000000 0.698852 0.160000
0.000000 1.127263 0.237274 0.156435 -0.000000 -0.987688 0.698852 0.200000
0.000000 1.127263 -0.237274 0.156435 -0.000000 -0.987688 0.698852 0.200000
-0.733216 1.243393 -0.237274 0.156435 -0.000000 -0.987688 0.691871 0.214683
-0.733216 1.243393 -0.237274 0.156435 -0.000000 -0.987688 0.691871 0.214683
-0.733216 1.243393 0.237274 0.156435 -0.000000 -0.987688 0.691871 0.214683
0.000000 1.127263 0.237274 0.156435 -0.000000 -0.987688 0.698852 0.200000
0.000000 1.127263 -0.237274 0.000000 -1.000000 0.000000 0.698852 0.200000
0.000000 0.810898 -0.237274 0.000000 -1.000000 0.000000 0.698852 0.160000
-0.830978 0.942512 -0.237274 0.000000 -1.000000 0.000000 0.690941 0.176641
-0.830978 0.942512 -0.237274 0.000000 -1.000000 0.000000 0.690941 0.176641
-0.733216 1.243393 -0.237274 0.000000 -1.000000 0.000000 0.691871 0.214683
0.000000 1.127263 -0.237274 0.000000 -1.000000 0.000000 0.698852 0.200000
-0.830978 0.942512 -0.237274 -0.453991 0.000000 0.891007 0.690941 0.176641
-0.830978 0.942512 0.237274 -0.453991 0.000000 0.891007 0.690941 0.176641
-1.580614 1.324471 0.237274 -0.453991 0.000000 0.891007 0.683804 0.224934
-1.580614 1.324471 0.237274 -0.453991 0.000000 0.891007 0.683804 0.224934
-1.580614 1.324471 -0.237274 -0.453991 0.000000 0.891007 0.683804 0.224934
-0.830978 0.942512 -0.237274 -0.453991 0.000000 0.891007 0.690941 0.176641
-0.830978 0.942512 0.237274 0.000000 1.000000 -0.000000 0.690941 0.176641
-0.733216 1.243393 0.237274 0.000000 1.000000 -0.000000 0.691871 0.214683
-1.394660 1.580415 0.237274 0.000000 1.000000 -0.000000 0.685574 0.257295
-1.394660 1.580415 0.237274 0.000000 1.000000 -0.000000 0.685574 0.257295
-1.580614 1.324471 0.237274 0.000000 1.000000 -0.000000 0.683804 0.224934
-0.830978 0.942512 0.237274 0.000000 1.000000 -0.000000 0.690941 0.176641
-0.733216 1.243393 0.237274 0.453990 -0.000000 -0.891007 0.691871 0.214683
-0.733216 1.243393 -0.237274 0.453990 -0.000000 -0.891007 0.691871 0.214683
-1.394660 1.580415 -0.237274 0.453990 -0.000000 -0.891007 0.685574 0.257295
-1.394660 1.580415 -0.237274 0.453990 -0.000000 -0.891007 0.685574 0.257295
-1.394660 1.580415 0.237274 0.453990 -0.000000 -0.891007 0.685574 0.257295
-0.733216 1.243393 0.237274 0.453990 -0.000000 -0.891007 0.691871 0.214683
-0.733216 1.243393 -0.237274 0.000000 -1.000000 0.000000 0.691871 0.214683
-0.830978 0.942512 -0.237274 0.000000 -1.000000 0.000000 0.690941 0.176641
-1.580614 1.324471 -0.237274 0.000000 -1.000000 0.000000 0.683804 0.224934
-1.580614 1.324471 -0.237274 0.000000 -1.000000 0.000000 0.683804 0.224934
-1.394660 1.580415 -0.237274 0.000000 -1.000000 0.000000 0.685574 0.257295
-0.733216 1.243393 -0.237274 0.000000 -1.000000 0.000000 0.691871 0.214683
-1.580614 1.324471 -0.237274 -0.707107 0.000000 0.707107 0.683804 0.224934
-1.580614 1.324471 0.237274 -0.707107 0.000000 0.707107 0.683804 0.224934
-2.175529 1.919386 0.237274 -0.707107 0.000000 0.707107 0.678141 0.300153
-2.175529 1.919386 0.237274 -0.707107 0.000000 0.707107 0.678141 0.300153
-2.175529 1.919386 -0.237274 -0.707107 0.000000 0.707107 0.678141 0.300153
-1.580614 1.324471 -0.237274 -0.707107 0.000000 0.707107 0.683804 0.224934
-1.580614 1.324471 0.237274 0.000000 1.000000 -0.000000 0.683804 0.224934
-1.394660 1.580415 0.237274 0.000000 1.000000 -0.000000 0.685574 0.257295
-1.919585 2.105340 0.237274 0.000000 1.000000 -0.000000 0.680577 0.323664
-1.919585 2.105340 0.237274 0.000000 1.000000 -0.000000 0.680577 0.323664
-2.175529 1.919386 0.237274 0.000000 1.000000 -0.000000 0.678141 0.300153
-1.580614 1.324471 0.237274 0.000000 1.000000 -0.000000 0.683804 0.224934
-1.394660 1.580415 0.237274 0.707107 -0.000000 -0.707107 0.685574 0.257295
-1.394660 1.580415 -0.237274 0.707107 -0.000000 -0.707107 0.685574 0.257295
-1.919585 2.105340 -0.237274 0.707107 -0.000000 -0.707107 0.680577 0.323664
-1.919585 2.105340 -0.237274 0.707107 -0.000000 -0.707107 0.680577 0.323664
-1.919585 2.105340 0.237274 0.707107 -0.000000 -0.707107 0.680577 0.323664
-1.394660 1.580415 0.237274 0.707107 -0.000000 -0.707107 0.685574 0.257295
-1.394660 1.580415 -0.237274 0.000000 -1.000000 0.000000 0.685574 0.257295
-1.580614 1.324471 -0.237274 0.000000 -1.000000 0.000000 0.683804 0.224934
-2.175529 1.919386 -0.237274 0.000000 -1.000000 0.000000 0.678141 0.300153
-2.175529 1.919386 -0.237274 0.000000 -1.000000 0.000000 0.678141 0.300153
-1.919585 2.105340 -0.237274 0.000000 -1.000000 0.000000 0.680577 0.323664
-1.394660 1.580415 -0.237274 0.000000 -1.000000 0.000000 0.685574 0.257295
-2.175529 1.919386 -0.237274 -0.891007 0.000000 0.453990 0.678141 0.300153
-2.175529 1.919386 0.237274 -0.891007 0.000000 0.453990 0.678141 0.300153
-2.557488 2.669023 0.237274 -0.891007 0.000000 0.453990 0.674504 0.394934
-2.557488 2.669023 0.237274 -0.891007 0.000000 0.453990 0.674504 0.394934
-2.557488 2.669023 -0.237274 -0.891007 0.000000 0.453990 0.674504 0.394934
-2.175529 1.919386 -0.237274 -0.891007 0.000000 0.453990 0.678141 0.300153
-2.175529 1.919386 0.237274 0.000000 1.000000 -0.000000 0.678141 0.300153
-1.919585 2.105340 0.237274 0.000000 1.000000 -0.000000 0.680577 0.323664
-2.256607 2.766785 0.237274 0.000000 1.000000 -0.000000 0.677369 0.407295
-2.256607 2.766785 0.237274 0.000000 1.000000 -0.000000 0.677369 0.407295
-2.557488 2.669023 0.237274 0.000000 1.000000 -0.000000 0.674504 0.394934
-2.175529 1.919386 0.237274 0.000000 1.000000 -0.000000 0.678141 0.300153
-1.919585 2.105340 0.237274 0.891007 -0.000000 -0.453990 0.680577 0.323664
-1.919585 2.105340 -0.237274 0.891007 -0.000000 -0.453990 0.680577 0.323664
-2.256607 2.766785 -0.237274 0.891007 -0.000000 -0.453990 0.677369 0.407295
-2.256607 2.766785 -0.237274 0.891007 -0.000000 -0.453990 0.677369 0.407295
-2.256607 2.766785 0.237274 0.891007 -0.000000 -0.453990 0.677369 0.407295
-1.919585 2.105340 0.237274 0.891007 -0.000000 -0.453990 0.680577 0.323664
-1.919585 2.105340 -0.237274 0.000000 -1.000000 0.000000 0.680577 0.323664
-2.175529 1.919386 -0.237274 0.000000 -1.000000 0.000000 0.678141 0.300153
-2.557488 2.669023 -0.237274 0.000000 -1.000000 0.000000 0.674504 0.394934
-2.557488 2.669023 -0.237274 0.000000 -1.000000 0.000000 0.674504 0.394934
-2.256607 2.766785 -0.237274 0.000000 -1.000000 0.000000 0.677369 0.407295
-1.919585 2.105340 -0.237274 0.000000 -1.000000 0.000000 0.680577 0.323664
-2.557488 2.669023 -0.237274 -0.987688 0.000000 0.156434 0.674504 0.394934
-2.557488 2.669023 0.237274 -0.987688 0.000000 0.156434 0.674504 0.394934
-2.689102 3.500001 0.237274 -0.987688 0.000000 0.156434 0.673252 0.500000
-2.689102 3.500001 0.237274 -0.987688 0.000000 0.156434 0.673252 0.500000
-2.689102 3.500001 -0.237274 -0.987688 0.000000 0.156434 0.673252 0.500000
-2.557488 2.669023 -0.237274 -0.987688 0.000000 0.156434 0.674504 0.394934
-2.557488 2.669023 0.237274 0.000000 1.000000 -0.000000 0.674504 0.394934
-2.256607 2.766785 0.237274 0.000000 1.000000 -0.000000 0.677369 0.407295
-2.372737 3.500001 0.237274 0.000000 1.000000 -0.000000 0.676263 0.500000
-2.372737 3.500001 0.237274 0.000000 1.000000 -0.000000 0.676263 0.500000
-2.689102 3.500001 0.237274 0.000000 1.000000 -0.000000 0.673252 0.500000
-2.557488 2.669023 0.237274 0.000000 1.000000 -0.000000 0.674504 0.394934
-2.256607 2.766785 0.237274 0.987688 -0.000000 -0.156434 0.677369 0.407295
-2.256607 2.766785 -0.237274 0.987688 -0.000000 -0.156434 0.677369 0.407295
-2.372737 3.500001 -0.237274 0.987688 -0.000000 -0.156434 0.676263 0.500000
-2.372737 3.500001 -0.237274 0.987688 -0.000000 -0.156434 0.676263 0.500000
-2.372737 3.500001 0.237274 0.987688 -0.000000 -0.156434 0.676263 0.500000
-2.256607 2.766785 0.237274 0.987688 -0.000000 -0.156434 0.677369 0.407295
-2.256607 2.766785 -0.237274 0.000000 -1.000000 0.000000 0.677369 0.407295
-2.557488 2.669023 -0.237274 0.000000 -1.000000 0.000000 0.674504 0.394934
-2.689102 3.500001 -0.237274 0.000000 -1.000000 0.000000 0.673252 0.500000
-2.689102 3.500001 -0.237274 -0.000000 -1.000000 0.000000 0.673252 0.500000
-2.372737 3.500001 -0.237274 -0.000000 -1.000000 0.000000 0.676263 0.500000
-2.256607 2.766785 -0.237274 -0.000000 -1.000000 0.000000 0.677369 0.407295
-2.689102 3.500001 -0.237274 -0.987688 -0.000000 -0.156435 0.673252 0.500000
-2.689102 3.500001 0.237274 -0.987688 -0.000000 -0.156435 0.673252 0.500000
-2.557487 4.330980 0.237274 -0.987688 -0.000000 -0.156435 0.674504 0.605066
-2.557487 4.330980 0.237274 -0.987688 -0.000000 -0.156435 0.674504 0.605066
-2.557487 4.330980 -0.237274 -0.987688 -0.000000 -0.156435 0.674504 0.605066
-2.689102 3.500001 -0.237274 -0.987688 -0.000000 -0.156435 0.673252 0.500000
-2.689102 3.500001 0.237274 0.000000 1.000000 -0.000000 0.673252 0.500000
-2.372737 3.500001 0.237274 0.000000 1.000000 -0.000000 0.676263 0.500000
-2.256607 4.233217 0.237274 0.000000 1.000000 -0.000000 0.677369 0.592705
-2.256607 4.233217 0.237274 0.000000 1.000000 -0.000000 0.677369 0.592705
-2.557487 4.330980 0.237274 0.000000 1.000000 -0.000000 0.674504 0.605066
-2.689102 3.500001 0.237274 0.000000 1.000000 -0.000000 0.673252 0.500000
-2.372737 3.500001 0.237274 0.987688 0.000000 0.156435 0.676263 0.500000
-2.372737 3.500001 -0.237274 0.987688 0.000000 0.156435 0.676263 0.500000
-2.256607 4.233217 -0.237274 0.987688 0.000000 0.156435 0.677369 0.592705
-2.256607 4.233217 -0.237274 0.987688 0.000000 0.156435 0.677369 0.592705
-2.256607 4.233217 0.237274 0.987688 0.000000 0.156435 0.677369 0.592705
-2.372737 3.500001 0.237274 0.987688 0.000000 0.156435 0.676263 0.500000
-2.372737 3.500001 -0.237274 0.000000 -1.000000 0.000000 0.676263 0.500000
-2.689102 3.500001 -0.237274 0.000000 -1.000000 0.000000 0.673252 0.500000
-2.557487 4.330980 -0.237274 0.000000 -1.000000 0.000000 0.674504 0.605066
-2.557487 4.330980 -0.237274 0.000000 -1.000000 0.000000 0.674504 0.605066
-2.256607 4.233217 -0.237274 0.000000 -1.000000 0.000000 0.677369 0.592705
-2.372737 3.500001 -0.237274 0.000000 -1.000000 0.000000 0.676263 0.500000
-2.557487 4.330980 -0.237274 -0.891006 -0.000000 -0.453991 0.674504 0.605066
-2.557487 4.330980 0.237274 -0.891006 -0.000000 -0.453991 0.674504 0.605066
-2.175528 5.080616 0.237274 -0.891006 -0.000000 -0.453991 0.678141 0.699847
-2.175528 5.080616 0.237274 -0.891006 -0.000000 -0.453991 0.678141 0.699847
-2.175528 5.080616 -0.237274 -0.891006 -0.000000 -0.453991 0.678141 0.699847
-2.557487 4.330980 -0.237274 -0.891006 -0.000000 -0.453991 0.674504 0.605066
-2.557487 4.330980 0.237274 0.000000 1.000000 -0.000000 0.674504 0.605066
-2.256607 4.233217 0.237274 0.000000 1.000000 -0.000000 0.677369 0.592705
-1.919584 4.894661 0.237274 0.000000 1.000000 -0.000000 0.680577 0.676336
-1.919584 4.894661 0.237274 0.000000 1.000000 -0.000000 0.680577 0.676336
-2.175528 5.080616 0.237274 0.000000 1.000000 -0.000000 0.678141 0.699847
-2.557487 4.330980 0.237274 0.000000 1.000000 -0.000000 0.674504 0.605066
-2.256607 4.233217 0.237274 0.891006 0.000000 0.453991 0.677369 0.592705
-2.256607 4.233217 -0.237274 0.891006 0.000000 0.453991 0.677369 0.592705
-1.919584 4.894661 -0.237274 0.891006 0.000000 0.453991 0.680577 0.676336
-1.919584 4.894661 -0.237274 0.891006 0.000000 0.453991 0.680577 0.676336
-1.919584 4.894661 0.237274 0.891006 0.000000 0.453991 0.680577 0.676336
-2.256607 4.233217 0.237274 0.891006 0.000000 0.453991 0.677369 0.592705
-2.256607 4.233217 -0.237274 0.000000 -1.000000 0.000000 0.677369 0.592705
-2.557487 4.330980 -0.237274 0.000000 -1.000000 0.000000 0.674504 0.605066
-2.175528 5.080616 -0.237274 0.000000 -1.000000 0.000000 0.678141 0.699847
-2.175528 5.080616 -0.237274 0.000000 -1.000000 0.000000 0.678141 0.699847
-1.919584 4.894661 -0.237274 0.000000 -1.000000 0.000000 0.680577 0.676336
-2.256607 4.233217 -0.237274 0.000000 -1.000000 0.000000 0.677369 0.592705
-2.175528 5.080616 -0.237274 -0.707106 -0.000000 -0.707107 0.678141 0.699847
-2.175528 5.080616 0.237274 -0.707106 -0.000000 -0.707107 0.678141 0.699847
-1.580613 5.675530 0.237274 -0.707106 -0.000000 -0.707107 0.683804 0.775066
-1.580613 5.675530 0.237274 -0.707106 -0.000000 -0.707107 0.683804 0.775066
-1.580613 5.675530 -0.237274 -0.707106 -0.000000 -0.707107 0.683804 0.775066
-2.175528 5.080616 -0.237274 -0.707106 -0.000000 -0.707107 0.678141 0.699847
-2.175528 5.080616 0.237274 0.000000 1.000000 -0.000000 0.678141 0.699847
-1.919584 4.894661 0.237274 0.000000 1.000000 -0.000000 0.680577 0.676336
-1.394658 5.419586 0.237274 0.000000 1.000000 -0.000000 0.685575 0.742705
-1.394658 5.419586 0.237274 0.000000 1.000000 -0.000000 0.685575 0.742705
-1.580613 5.675530 0.237274 0.000000 1.000000 -0.000000 0.683804 0.775066
-2.175528 5.080616 0.237274 0.000000 1.000000 -0.000000 0.678141 0.699847
-1.919584 4.894661 0.237274 0.707106 0.000000 0.707107 0.680577 0.676336
-1.919584 4.894661 -0.237274 0.707106 0.000000 0.707107 0.680577 0.676336
-1.394658 5.419586 -0.237274 0.707106 0.000000 0.707107 0.685575 0.742705
-1.394658 5.419586 -0.237274 0.707106 0.000000 0.707107 0.685575 0.742705
-1.394658 5.419586 0.237274 0.707106 0.000000 0.707107 0.685575 0.742705
-1.919584 4.894661 0.237274 0.707106 0.000000 0.707107 0.680577 0.676336
-1.919584 4.894661 -0.237274 0.000000 -1.000000 0.000000 0.680577 0.676336
-2.175528 5.080616 -0.237274 0.000000 -1.000000 0.000000 0.678141 0.699847
-1.580613 5.675530 -0.237274 0.000000 -1.000000 0.000000 0.683804 0.775066
-1.580613 5.675530 -0.237274 0.000000 -1.000000 0.000000 0.683804 0.775066
-1.394658 5.419586 -0.237274 0.000000 -1.000000 0.000000 0.685575 0.742705
-1.919584 4.894661 -0.237274 0.000000 -1.000000 0.000000 0.680577 0.676336
-1.580613 5.675530 -0.237274 -0.453990 -0.000000 -0.891007 0.683804 0.775066
-1.580613 5.675530 0.237274 -0.453990 -0.000000 -0.891007 0.683804 0.775066
-0.830976 6.057489 0.237274 -0.453990 -0.000000 -0.891007 0.690941 0.823359
-0.830976 6.057489 0.237274 -0.453990 -0.000000 -0.891007 0.690941 0.823359
-0.830976 6.057489 -0.237274 -0.453990 -0.000000 -0.891007 0.690941 0.823359
-1.580613 5.675530 -0.237274 -0.453990 -0.000000 -0.891007 0.683804 0.775066
-1.580613 5.675530 0.237274 0.000000 1.000000 -0.000000 0.683804 0.775066
-1.394658 5.419586 0.237274 0.000000 1.000000 -0.000000 0.685575 0.742705
-0.733214 5.756608 0.237274 0.000000 1.000000 -0.000000 0.691871 0.785317
-0.733214 5.756608 0.237274 0.000000 1.000000 -0.000000 0.691871 0.785317
-0.830976 6.057489 0.237274 0.000000 1.000000 -0.000000 0.690941 0.823359
-1.580613 5.675530 0.237274 0.000000 1.000000 -0.000000 0.683804 0.775066
-1.394658 5.419586 0.237274 0.453990 0.000000 0.891007 0.685575 0.742705
-1.394658 5.419586 -0.237274 0.453990 0.000000 0.891007 0.685575 0.742705
-0.733214 5.756608 -0.237274 0.453990 0.000000 0.891007 0.691871 0.785317
-0.733214 5.756608 -0.237274 0.453990 0.000000 0.891007 0.691871 0.785317
-0.733214 5.756608 0.237274 0.453990 0.000000 0.891007 0.691871 0.785317
-1.394658 5.419586 0.237274 0.453990 0.000000 0.891007 0.685575 0.742705
-1.394658 5.419586 -0.237274 0.000000 -1.000000 0.000000 0.685575 0.742705
-1.580613 5.675530 -0.237274 0.000000 -1.000000 0.000000 0.683804 0.775066
-0.830976 6.057489 -0.237274 0.000000 -1.000000 0.000000 0.690941 0.823359
-0.830976 6.057489 -0.237274 0.000000 -1.000000 0.000000 0.690941 0.823359
-0.733214 5.756608 -0.237274 0.000000 -1.000000 0.000000 0.691871 0.785317
-1.394658 5.419586 -0.237274 0.000000 -1.000000 0.000000 0.685575 0.742705
-0.830976 6.057489 -0.237274 -0.156434 -0.000000 -0.987688 0.690941 0.823359
-0.830976 6.057489 0.237274 -0.156434 -0.000000 -0.987688 0.690941 0.823359
0.000000 6.189102 0.237274 -0.156434 -0.000000 -0.987688 0.698852 0.840000
0.000000 6.189102 0.237274 -0.156434 -0.000000 -0.987688 0.698852 0.840000
0.000000 6.189102 -0.237274 -0.156434 -0.000000 -0.987688 0.698852 0.840000
-0.830976 6.057489 -0.237274 -0.156434 -0.000000 -0.987688 0.690941 0.823359
-0.830976 6.057489 0.237274 0.000000 1.000000 -0.000000 0.690941 0.823359
-0.733214 5.756608 0.237274 0.000000 1.000000 -0.000000 0.691871 0.785317
0.000000 5.872737 0.237274 0.000000 1.000000 -0.000000 0.698852 0.800000
0.000000 5.872737 0.237274 0.000000 1.000000 -0.000000 0.698852 0.800000
0.000000 6.189102 0.237274 0.000000 1.000000 -0.000000 0.698852 0.840000
-0.830976 6.057489 0.237274 0.000000 1.000000 -0.000000 0.690941 0.823359
-0.733214 5.756608 0.237274 0.156434 0.000000 0.987688 0.691871 0.785317
-0.733214 5.756608 -0.237274 0.156434 0.000000 0.987688 0.691871 0.785317
0.000000 5.872737 -0.237274 0.156434 0.000000 0.987688 0.698852 0.800000
0.000000 5.872737 -0.237274 0.156434 0.000000 0.987688 0.698852 0.800000
0.000000 5.872737 0.237274 0.156434 0.000000 0.987688 0.698852 0.800000
-0.733214 5.756608 0.237274 0.156434 0.000000 0.987688 0.691871 0.785317
-0.733214 5.756608 -0.237274 0.000000 -1.000000 0.000000 0.691871 0.785317
-0.830976 6.057489 -0.237274 0.000000 -1.000000 0.000000 0.690941 0.823359
0.000000 6.189102 -0.237274 0.000000 -1.000000 0.000000 0.698852 0.840000
0.000000 6.189102 -0.237274 0.000000 -1.000000 0.000000 0.698852 0.840000
0.000000 5.872737 -0.237274 0.000000 -1.000000 0.000000 0.698852 0.800000
-0.733214 5.756608 -0.237274 0.000000 -1.000000 0.000000 0.691871 0.785317
-1.792120 2.473125 -0.237274 -0.779620 -0.316228 -0.540549 0.681791 0.370166
-1.943200 2.394034 -0.000000 -0.779620 -0.316228 -0.540549 0.680352 0.360166
-1.352306 3.246265 -0.000000 -0.779620 -0.316228 -0.540549 0.685978 0.467919
-1.352306 3.246265 -0.000000 -0.779620 -0.316228 -0.540549 0.685978 0.467919
-1.255425 3.247186 -0.237274 -0.779620 -0.316228 -0.540549 0.686900 0.468035
-1.792120 2.473125 -0.237274 -0.779620 -0.316228 -0.540549 0.681791 0.370166
-1.177391 2.473125 -0.237274 0.000000 -0.316228 0.948683 0.687643 0.370166
-1.135208 2.394034 -0.000000 -0.000000 -0.316228 0.948683 0.688044 0.360166
-1.943200 2.394034 -0.000000 0.000000 -0.316228 0.948683 0.680352 0.360166
-1.943200 2.394034 -0.000000 0.000000 -0.316228 0.948683 0.680352 0.360166
-1.792120 2.473125 -0.237274 0.000000 -0.316228 0.948683 0.681791 0.370166
-1.177391 2.473125 -0.237274 0.000000 -0.316228 0.948683 0.687643 0.370166
-0.857974 2.949301 -0.237274 0.787847 -0.316228 0.528486 0.690684 0.430372
-0.862965 2.799884 -0.000000 0.787847 -0.316228 0.528486 0.690636 0.411480
-1.135208 2.394034 -0.000000 0.787847 -0.316228 0.528486 0.688044 0.360166
-1.135208 2.394034 -0.000000 0.787847 -0.316228 0.528486 0.688044 0.360166
-1.177391 2.473125 -0.237274 0.787847 -0.316228 0.528486 0.687643 0.370166
-0.857974 2.949301 -0.237274 0.787847 -0.316228 0.528486 0.690684 0.430372
-0.582752 2.473125 -0.237274 -0.821359 -0.316228 0.474731 0.693304 0.370166
-0.628390 2.394034 -0.000000 -0.821359 -0.316228 0.474731 0.692869 0.360166
-0.862965 2.799884 -0.000000 -0.821359 -0.316228 0.474731 0.690636 0.411480
-0.862965 2.799884 -0.000000 -0.821359 -0.316228 0.474731 0.690636 0.411480
-0.857974 2.949301 -0.237274 -0.821359 -0.316228 0.474731 0.690684 0.430372
-0.582752 2.473125 -0.237274 -0.821359 -0.316228 0.474731 0.693304 0.370166
0.076173 2.473125 -0.237274 0.000000 -0.316228 0.948683 0.699577 0.370166
0.227808 2.394034 -0.000000 -0.000000 -0.316228 0.948683 0.701020 0.360166
-0.628390 2.394034 -0.000000 0.000000 -0.316228 0.948683 0.692869 0.360166
-0.628390 2.394034 -0.000000 0.000000 -0.316228 0.948683 0.692869 0.360166
-0.582752 2.473125 -0.237274 0.000000 -0.316228 0.948683 0.693304 0.370166
0.076173 2.473125 -0.237274 0.000000 -0.316228 0.948683 0.699577 0.370166
-0.463975 3.247186 -0.237274 0.777991 -0.316228 -0.542890 0.694435 0.468035
-0.367135 3.246619 -0.000000 0.777991 -0.316228 -0.542890 0.695356 0.467963
0.227808 2.394034 -0.000000 0.777991 -0.316228 -0.542890 0.701020 0.360166
0.227808 2.394034 -0.000000 0.777991 -0.316228 -0.542890 0.701020 0.360166
0.076173 2.473125 -0.237274 0.777991 -0.316228 -0.542890 0.699577 0.370166
-0.463975 3.247186 -0.237274 0.777991 -0.316228 -0.542890 0.694435 0.468035
0.040013 3.951688 -0.237274 0.771576 -0.316228 0.551970 0.699232 0.557110
0.193839 4.030779 -0.000000 0.771576 -0.316228 0.551970 0.700697 0.567110
-0.367135 3.246619 -0.000000 0.771576 -0.316228 0.551970 0.695356 0.467963
-0.367135 3.246619 -0.000000 0.771576 -0.316228 0.551970 0.695356 0.467963
-0.463975 3.247186 -0.237274 0.771576 -0.316228 0.551970 0.694435 0.468035
0.040013 3.951688 -0.237274 0.771576 -0.316228 0.551970 0.699232 0.557110
-0.582752 3.951688 -0.237274 0.000000 -0.316228 -0.948683 0.693304 0.557110
-0.625037 4.030779 -0.000000 0.000000 -0.316227 -0.948683 0.692901 0.567110
0.193839 4.030779 -0.000000 0.000000 -0.316228 -0.948683 0.700697 0.567110
0.193839 4.030779 -0.000000 0.000000 -0.316228 -0.948683 0.700697 0.567110
0.040013 3.951688 -0.237274 0.000000 -0.316228 -0.948683 0.699232 0.557110
-0.582752 3.951688 -0.237274 0.000000 -0.316228 -0.948683 0.693304 0.557110
-0.857974 3.539609 -0.237274 -0.788908 -0.316228 -0.526900 0.690684 0.505008
-0.852673 3.689950 -0.000000 -0.788908 -0.316228 -0.526900 0.690734 0.524016
-0.625037 4.030779 -0.000000 -0.788908 -0.316228 -0.526900 0.692901 0.567110
-0.625037 4.030779 -0.000000 -0.788908 -0.316228 -0.526900 0.692901 0.567110
-0.582752 3.951688 -0.237274 -0.788908 -0.316228 -0.526900 0.693304 0.557110
-0.857974 3.539609 -0.237274 -0.788908 -0.316228 -0.526900 0.690684 0.505008
-1.093017 3.951688 -0.237274 0.824058 -0.316228 -0.470030 0.688446 0.557110
-1.047077 4.030779 -0.000000 0.824058 -0.316228 -0.470030 0.688883 0.567110
-0.852673 3.689950 -0.000000 0.824058 -0.316228 -0.470030 0.690734 0.524016
-0.852673 3.689950 -0.000000 0.824058 -0.316228 -0.470030 0.690734 0.524016
-0.857974 3.539609 -0.237274 0.824058 -0.316228 -0.470030 0.690684 0.505008
-1.093017 3.951688 -0.237274 0.824058 -0.316228 -0.470030 0.688446 0.557110
-1.763995 3.951688 -0.237274 0.000000 -0.316228 -0.948683 0.682058 0.557110
-1.918636 4.030779 -0.000000 0.000000 -0.316228 -0.948683 0.680586 0.567110
-1.047077 4.030779 -0.000000 0.000000 -0.316228 -0.948683 0.688883 0.567110
-1.047077 4.030779 -0.000000 0.000000 -0.316228 -0.948683 0.688883 0.567110
-1.093017 3.951688 -0.237274 0.000000 -0.316228 -0.948683 0.688446 0.557110
-1.763995 3.951688 -0.237274 0.000000 -0.316228 -0.948683 0.682058 0.557110
-1.255425 3.247186 -0.237274 -0.769201 -0.316228 0.555275 0.686900 0.468035
-1.352306 3.246265 -0.000000 -0.769201 -0.316228 0.555275 0.685978 0.467919
-1.918636 4.030779 -0.000000 -0.769201 -0.316228 0.555275 0.680586 0.567110
-1.918636 4.030779 -0.000000 -0.769201 -0.316228 0.555275 0.680586 0.567110
-1.763995 3.951688 -0.237274 -0.769201 -0.316228 0.555275 0.682058 0.557110
-1.255425 3.247186 -0.237274 -0.769201 -0.316228 0.555275 0.686900 0.468035
1.004322 2.956462 -0.237274 0.020109 -0.311055 -0.950179 0.708413 0.431277
1.207692 3.028743 -0.000000 0.018733 -0.306017 -0.951842 0.710349 0.440416
1.943201 3.014267 -0.000000 0.022464 -0.319663 -0.947265 0.717351 0.438586
1.943201 3.014267 -0.000000 0.022464 -0.319663 -0.947265 0.717351 0.438586
1.864110 2.935176 -0.237274 0.023422 -0.323159 -0.946055 0.716598 0.428586
1.004322 2.956462 -0.237274 0.020109 -0.311055 -0.950179 0.708413 0.431277
1.004322 2.956462 -0.237274 0.612241 -0.304381 0.729735 0.708413 0.431277
1.771021 3.500745 -0.000000 0.757362 -0.315782 0.571563 0.715711 0.500094
1.207692 3.028743 -0.000000 0.612220 -0.302155 0.730677 0.710349 0.440416
1.708211 3.548912 -0.237274 0.759273 -0.326478 0.562954 0.715113 0.506184
1.921184 3.836335 -0.000000 0.931508 -0.316806 0.178680 0.717141 0.542525
1.771021 3.500745 -0.000000 0.757362 -0.315782 0.571563 0.715711 0.500094
1.771021 3.500745 -0.000000 0.757362 -0.315782 0.571563 0.715711 0.500094
1.004322 2.956462 -0.237274 0.612241 -0.304381 0.729735 0.708413 0.431277
1.708211 3.548912 -0.237274 0.759273 -0.326478 0.562954 0.715113 0.506184
1.849831 3.902041 -0.237274 0.937579 -0.334853 0.093912 0.716462 0.550833
1.895715 4.170732 -0.000000 0.901903 -0.301708 -0.309100 0.716899 0.584805
1.921184 3.836335 -0.000000 0.931508 -0.316806 0.178680 0.717141 0.542525
1.921184 3.836335 -0.000000 0.931508 -0.316806 0.178680 0.717141 0.542525
1.708211 3.548912 -0.237274 0.759273 -0.326478 0.562954 0.715113 0.506184
1.849831 3.902041 -0.237274 0.937579 -0.334853 0.093912 0.716462 0.550833
1.803467 4.188590 -0.237274 0.858973 -0.331333 -0.390365 0.716020 0.587063
1.714360 4.439604 -0.000000 0.620025 -0.298260 -0.725679 0.715172 0.618800
1.895715 4.170732 -0.000000 0.901903 -0.301708 -0.309100 0.716899 0.584805
1.895715 4.170732 -0.000000 0.901903 -0.301708 -0.309100 0.716899 0.584805
1.849831 3.902041 -0.237274 0.937579 -0.334853 0.093912 0.716462 0.550833
1.803467 4.188590 -0.237274 0.858973 -0.331333 -0.390365 0.716020 0.587063
1.624827 4.410052 -0.237274 0.538984 -0.326717 -0.776371 0.714320 0.615064
1.342374 4.605967 -0.000000 0.200751 -0.307812 -0.930027 0.711631 0.639834
1.714360 4.439604 -0.000000 0.620025 -0.298260 -0.725679 0.715172 0.618800
1.714360 4.439604 -0.000000 0.620025 -0.298260 -0.725679 0.715172 0.618800
1.803467 4.188590 -0.237274 0.858973 -0.331333 -0.390365 0.716020 0.587063
1.624827 4.410052 -0.237274 0.538984 -0.326717 -0.776371 0.714320 0.615064
1.262218 4.537800 -0.237274 0.122394 -0.330707 -0.935763 0.710868 0.631216
0.728890 4.604722 -0.000000 -0.166914 -0.327194 -0.930099 0.705790 0.639677
1.342374 4.605967 -0.000000 0.200751 -0.307812 -0.930027 0.711631 0.639834
1.342374 4.605967 -0.000000 0.200751 -0.307812 -0.930027 0.711631 0.639834
1.624827 4.410052 -0.237274 0.538984 -0.326717 -0.776371 0.714320 0.615064
1.262218 4.537800 -0.237274 0.122394 -0.330707 -0.935763 0.710868 0.631216
0.630860 4.497812 -0.237274 -0.310015 -0.346773 -0.885234 0.704857 0.626160
0.409020 4.469326 -0.000000 -0.573116 -0.306965 -0.759809 0.702745 0.622558
0.728890 4.604722 -0.000000 -0.166914 -0.327194 -0.930099 0.705790 0.639677
0.728890 4.604722 -0.000000 -0.166914 -0.327194 -0.930099 0.705790 0.639677
1.262218 4.537800 -0.237274 0.122394 -0.330707 -0.935763 0.710868 0.631216
0.630860 4.497812 -0.237274 -0.310015 -0.346773 -0.885234 0.704857 0.626160
0.358001 4.310369 -0.237274 -0.736063 -0.356448 -0.575461 0.702260 0.602460
0.212528 4.220570 -0.000000 -0.856651 -0.331476 -0.395314 0.700875 0.591106
0.409020 4.469326 -0.000000 -0.573116 -0.306965 -0.759809 0.702745 0.622558
0.409020 4.469326 -0.000000 -0.573116 -0.306965 -0.759809 0.702745 0.622558
0.630860 4.497812 -0.237274 -0.310015 -0.346773 -0.885234 0.704857 0.626160
0.358001 4.310369 -0.237274 -0.736063 -0.356448 -0.575461 0.702260 0.602460
0.208762 3.900649 -0.237274 -0.906436 -0.334051 -0.258425 0.700839 0.550657
0.117033 3.828654 -0.000000 -0.929628 -0.290660 -0.226516 0.699966 0.541554
0.212528 4.220570 -0.000000 -0.856651 -0.331476 -0.395314 0.700875 0.591106
0.212528 4.220570 -0.000000 -0.856651 -0.331476 -0.395314 0.700875 0.591106
0.358001 4.310369 -0.237274 -0.736063 -0.356448 -0.575461 0.702260 0.602460
0.208762 3.900649 -0.237274 -0.906436 -0.334051 -0.258425 0.700839 0.550657
0.775277 3.855260 -0.237274 -0.075765 -0.316227 0.945653 0.706232 0.544918
0.841542 3.770607 -0.000000 -0.075765 -0.316227 0.945653 0.706863 0.534214
0.117033 3.828654 -0.000000 -0.075765 -0.316227 0.945653 0.699966 0.541554
0.117033 3.828654 -0.000000 -0.075765 -0.316227 0.945653 0.699966 0.541554
0.208762 3.900649 -0.237274 -0.075765 -0.316228 0.945653 0.700839 0.550657
0.775277 3.855260 -0.237274 -0.075765 -0.316227 0.945653 0.706232 0.544918
0.775277 3.855260 -0.237274 0.884237 -0.339766 0.320444 0.706232 0.544918
0.936490 4.048534 -0.000000 0.662075 -0.343876 0.665888 0.707767 0.569355
0.841542 3.770607 -0.000000 0.884699 -0.354907 0.302240 0.706863 0.534214
0.775277 3.855260 -0.237274 0.884237 -0.339766 0.320444 0.706232 0.544918
0.867467 4.093223 -0.237274 0.695147 -0.323160 0.642136 0.707110 0.575005
0.936490 4.048534 -0.000000 0.662075 -0.343876 0.665888 0.707767 0.569355
1.014185 4.159240 -0.237274 0.074891 -0.307820 0.948493 0.708506 0.583352
1.021677 4.080409 -0.000000 0.050450 -0.313833 0.948137 0.708578 0.573385
0.936490 4.048534 -0.000000 0.662075 -0.343876 0.665888 0.707767 0.569355
0.936490 4.048534 -0.000000 0.662075 -0.343876 0.665888 0.707767 0.569355
0.867467 4.093223 -0.237274 0.695147 -0.323160 0.642136 0.707110 0.575005
1.014185 4.159240 -0.237274 0.074891 -0.307820 0.948493 0.708506 0.583352
1.196558 4.112025 -0.237274 -0.548031 -0.310320 0.776765 0.710243 0.577382
1.148290 4.049210 -0.000000 -0.517055 -0.315801 0.795565 0.709783 0.569440
1.021677 4.080409 -0.000000 0.050450 -0.313833 0.948137 0.708578 0.573385
1.021677 4.080409 -0.000000 0.050450 -0.313833 0.948137 0.708578 0.573385
1.014185 4.159240 -0.237274 0.074891 -0.307820 0.948493 0.708506 0.583352
1.196558 4.112025 -0.237274 -0.548031 -0.310320 0.776765 0.710243 0.577382
1.196558 4.112025 -0.237274 -0.548031 -0.310320 0.776765 0.710243 0.577382
1.198386 3.983148 -0.000000 -0.902901 -0.328096 0.277710 0.710260 0.561087
1.148290 4.049210 -0.000000 -0.517055 -0.315801 0.795565 0.709783 0.569440
1.279938 3.986112 -0.237274 -0.931072 -0.304767 0.200553 0.711036 0.561462
1.190369 3.863956 -0.000000 -0.852431 -0.336969 -0.399767 0.710184 0.546017
1.198386 3.983148 -0.000000 -0.902901 -0.328096 0.277710 0.710260 0.561087
1.198386 3.983148 -0.000000 -0.902901 -0.328096 0.277710 0.710260 0.561087
1.196558 4.112025 -0.237274 -0.548031 -0.310320 0.776765 0.710243 0.577382
1.279938 3.986112 -0.237274 -0.931072 -0.304767 0.200553 0.711036 0.561462
1.250773 3.806694 -0.237274 -0.827363 -0.324203 -0.458653 0.710759 0.538777
0.331087 3.061196 -0.000000 -0.740541 -0.325406 -0.587971 0.702003 0.444519
1.190369 3.863956 -0.000000 -0.852431 -0.336969 -0.399767 0.710184 0.546017
1.190369 3.863956 -0.000000 -0.852431 -0.336969 -0.399767 0.710184 0.546017
1.279938 3.986112 -0.237274 -0.931072 -0.304767 0.200553 0.711036 0.561462
1.250773 3.806694 -0.237274 -0.827363 -0.324203 -0.458653 0.710759 0.538777
0.345682 2.947104 -0.237274 -0.788293 -0.333440 -0.517119 0.702142 0.430094
0.118350 2.634509 -0.000000 -0.892543 -0.345323 -0.290032 0.699978 0.390571
0.331087 3.061196 -0.000000 -0.740541 -0.325406 -0.587971 0.702003 0.444519
0.331087 3.061196 -0.000000 -0.740541 -0.325406 -0.587971 0.702003 0.444519
1.250773 3.806694 -0.237274 -0.827363 -0.324203 -0.458653 0.710759 0.538777
0.345682 2.947104 -0.237274 -0.788293 -0.333440 -0.517119 0.702142 0.430094
0.168583 2.473125 -0.237274 -0.898463 -0.360585 -0.250485 0.700456 0.370166
0.076670 2.394034 -0.000000 -0.937130 -0.308877 -0.162425 0.699581 0.360166
0.118350 2.634509 -0.000000 -0.892543 -0.345323 -0.290032 0.699978 0.390571
0.118350 2.634509 -0.000000 -0.892543 -0.345323 -0.290032 0.699978 0.390571
0.345682 2.947104 -0.237274 -0.788293 -0.333440 -0.517119 0.702142 0.430094
0.168583 2.473125 -0.237274 -0.898463 -0.360585 -0.250485 0.700456 0.370166
1.864110 2.473125 -0.237274 0.000000 -0.316228 0.948683 0.716598 0.370166
1.943201 2.394034 -0.000000 -0.000000 -0.316228 0.948683 0.717351 0.360166
0.076670 2.394034 -0.000000 0.000000 -0.316228 0.948683 0.699581 0.360166
0.076670 2.394034 -0.000000 0.000000 -0.316228 0.948683 0.699581 0.360166
0.168583 2.473125 -0.237274 0.000000 -0.316228 0.948683 0.700456 0.370166
1.864110 2.473125 -0.237274 0.000000 -0.316228 0.948683 0.716598 0.370166
1.864110 2.935176 -0.237274 0.948683 -0.316227 0.000000 0.716598 0.428586
1.943201 3.014267 -0.000000 0.948683 -0.316227 0.000000 0.717351 0.438586
1.943201 2.394034 -0.000000 0.948683 -0.316227 0.000000 0.717351 0.360166
1.943201 2.394034 -0.000000 0.948683 -0.316227 0.000000 0.717351 0.360166
1.864110 2.473125 -0.237274 0.948683 -0.316227 0.000000 0.716598 0.370166
1.864110 2.935176 -0.237274 0.948683 -0.316227 0.000000 0.716598 0.428586
-1.943200 2.394034 -0.000000 -0.779620 0.316228 -0.540549 0.680352 0.360166
-1.792120 2.473125 0.237274 -0.779620 0.316228 -0.540549 0.681791 0.370166
-1.255425 3.247186 0.237274 -0.779620 0.316228 -0.540549 0.686900 0.468035
-1.255425 3.247186 0.237274 -0.779620 0.316228 -0.540549 0.686900 0.468035
-1.352306 3.246265 -0.000000 -0.779620 0.316228 -0.540549 0.685978 0.467919
-1.943200 2.394034 -0.000000 -0.779620 0.316228 -0.540549 0.680352 0.360166
-1.135208 2.394034 -0.000000 0.000000 0.316228 0.948683 0.688044 0.360166
-1.177391 2.473125 0.237274 0.000000 0.316228 0.948683 0.687643 0.370166
-1.792120 2.473125 0.237274 0.000000 0.316228 0.948683 0.681791 0.370166
-1.792120 2.473125 0.237274 0.000000 0.316228 0.948683 0.681791 0.370166
-1.943200 2.394034 -0.000000 0.000000 0.316228 0.948683 0.680352 0.360166
-1.135208 2.394034 -0.000000 0.000000 0.316228 0.948683 0.688044 0.360166
-0.862965 2.799884 -0.000000 0.787847 0.316228 0.528486 0.690636 0.411480
-0.857974 2.949301 0.237274 0.787847 0.316228 0.528486 0.690684 0.430372
-1.177391 2.473125 0.237274 0.787847 0.316228 0.528486 0.687643 0.370166
-1.177391 2.473125 0.237274 0.787847 0.316228 0.528486 0.687643 0.370166
-1.135208 2.394034 -0.000000 0.787847 0.316228 0.528486 0.688044 0.360166
-0.862965 2.799884 -0.000000 0.787847 0.316228 0.528486 0.690636 0.411480
-0.628390 2.394034 -0.000000 -0.821359 0.316228 0.474731 0.692869 0.360166
-0.582752 2.473125 0.237274 -0.821359 0.316228 0.474731 0.693304 0.370166
-0.857974 2.949301 0.237274 -0.821359 0.316228 0.474731 0.690684 0.430372
-0.857974 2.949301 0.237274 -0.821359 0.316228 0.474731 0.690684 0.430372
-0.862965 2.799884 -0.000000 -0.821359 0.316228 0.474731 0.690636 0.411480
-0.628390 2.394034 -0.000000 -0.821359 0.316228 0.474731 0.692869 0.360166
0.227808 2.394034 -0.000000 0.000000 0.316228 0.948683 0.701020 0.360166
0.076173 2.473125 0.237274 0.000000 0.316228 0.948683 0.699577 0.370166
-0.582752 2.473125 0.237274 0.000000 0.316228 0.948683 0.693304 0.370166
-0.582752 2.473125 0.237274 0.000000 0.316228 0.948683 0.693304 0.370166
-0.628390 2.394034 -0.000000 0.000000 0.316228 0.948683 0.692869 0.360166
0.227808 2.394034 -0.000000 0.000000 0.316228 0.948683 0.701020 0.360166
-0.367135 3.246619 -0.000000 0.777991 0.316228 -0.542890 0.695356 0.467963
-0.463975 3.247186 0.237274 0.777991 0.316228 -0.542890 0.694435 0.468035
0.076173 2.473125 0.237274 0.777991 0.316228 -0.542890 0.699577 0.370166
0.076173 2.473125 0.237274 0.777991 0.316228 -0.542890 0.699577 0.370166
0.227808 2.394034 -0.000000 0.777991 0.316228 -0.542890 0.701020 0.360166
-0.367135 3.246619 -0.000000 0.777991 0.316228 -0.542890 0.695356 0.467963
0.193839 4.030779 -0.000000 0.771576 0.316228 0.551970 0.700697 0.567110
0.040013 3.951688 0.237274 0.771576 0.316228 0.551970 0.699232 0.557110
-0.463975 3.247186 0.237274 0.771576 0.316228 0.551970 0.694435 0.468035
-0.463975 3.247186 0.237274 0.771576 0.316228 0.551970 0.694435 0.468035
-0.367135 3.246619 -0.000000 0.771576 0.316228 0.551970 0.695356 0.467963
0.193839 4.030779 -0.000000 0.771576 0.316228 0.551970 0.700697 0.567110
-0.625037 4.030779 -0.000000 0.000000 0.316227 -0.948683 0.692901 0.567110
-0.582752 3.951688 0.237274 0.000000 0.316227 -0.948683 0.693304 0.557110
0.040013 3.951688 0.237274 0.000000 0.316227 -0.948683 0.699232 0.557110
0.040013 3.951688 0.237274 0.000000 0.316227 -0.948683 0.699232 0.557110
0.193839 4.030779 -0.000000 0.000000 0.316227 -0.948683 0.700697 0.567110
-0.625037 4.030779 -0.000000 0.000000 0.316227 -0.948683 0.692901 0.567110
-0.852673 3.689950 -0.000000 -0.788908 0.316228 -0.526900 0.690734 0.524016
-0.857974 3.539609 0.237274 -0.788908 0.316228 -0.526900 0.690684 0.505008
-0.582752 3.951688 0.237274 -0.788908 0.316228 -0.526900 0.693304 0.557110
-0.582752 3.951688 0.237274 -0.788908 0.316228 -0.526900 0.693304 0.557110
-0.625037 4.030779 -0.000000 -0.788908 0.316228 -0.526900 0.692901 0.567110
-0.852673 3.689950 -0.000000 -0.788908 0.316228 -0.526900 0.690734 0.524016
-1.047077 4.030779 -0.000000 0.824058 0.316228 -0.470030 0.688883 0.567110
-1.093017 3.951688 0.237274 0.824058 0.316228 -0.470030 0.688446 0.557110
-0.857974 3.539609 0.237274 0.824058 0.316228 -0.470030 0.690684 0.505008
-0.857974 3.539609 0.237274 0.824058 0.316228 -0.470030 0.690684 0.505008
-0.852673 3.689950 -0.000000 0.824058 0.316228 -0.470030 0.690734 0.524016
-1.047077 4.030779 -0.000000 0.824058 0.316228 -0.470030 0.688883 0.567110
-1.918636 4.030779 -0.000000 0.000000 0.316227 -0.948683 0.680586 0.567110
-1.763995 3.951688 0.237274 0.000000 0.316227 -0.948683 0.682058 0.557110
-1.093017 3.951688 0.237274 0.000000 0.316227 -0.948683 0.688446 0.557110
-1.093017 3.951688 0.237274 0.000000 0.316227 -0.948683 0.688446 0.557110
-1.047077 4.030779 -0.000000 0.000000 0.316227 -0.948683 0.688883 0.567110
-1.918636 4.030779 -0.000000 0.000000 0.316227 -0.948683 0.680586 0.567110
-1.352306 3.246265 -0.000000 -0.769201 0.316228 0.555275 0.685978 0.467919
-1.255425 3.247186 0.237274 -0.769201 0.316228 0.555275 0.686900 0.468035
-1.763995 3.951688 0.237274 -0.769201 0.316228 0.555275 0.682058 0.557110
-1.763995 3.951688 0.237274 -0.769201 0.316228 0.555275 0.682058 0.557110
-1.918636 4.030779 -0.000000 -0.769201 0.316228 0.555275 0.680586 0.567110
-1.352306 3.246265 -0.000000 -0.769201 0.316228 0.555275 0.685978 0.467919
1.207692 3.028743 -0.000000 0.042948 0.261434 -0.964266 0.710349 0.440416
1.025313 2.976554 0.237274 0.047713 0.249417 -0.967220 0.708612 0.433817
1.864110 2.935176 0.237274 0.024192 0.308108 -0.951044 0.716598 0.428586
1.864110 2.935176 0.237274 0.024192 0.308108 -0.951044 0.716598 0.428586
1.943201 3.014267 -0.000000 0.018631 0.321757 -0.946639 0.717351 0.438586
1.207692 3.028743 -0.000000 0.042948 0.261434 -0.964266 0.710349 0.440416
1.207692 3.028743 -0.000000 0.624170 0.343939 0.701511 0.710349 0.440416
1.771941 3.647115 0.237274 0.809467 0.354592 0.468004 0.715720 0.518601
1.025313 2.976554 0.237274 0.630687 0.330315 0.702230 0.708612 0.433817
1.207692 3.028743 -0.000000 0.624170 0.343939 0.701511 0.710349 0.440416
1.771021 3.500745 -0.000000 0.707999 0.368786 0.602274 0.715711 0.500094
1.771941 3.647115 0.237274 0.809467 0.354592 0.468004 0.715720 0.518601
1.921184 3.836335 -0.000000 0.934636 0.313887 0.167122 0.717141 0.542525
1.850113 4.004569 0.237274 0.932315 0.353308 -0.077219 0.716464 0.563796
1.771941 3.647115 0.237274 0.809467 0.354592 0.468004 0.715720 0.518601
1.771941 3.647115 0.237274 0.809467 0.354592 0.468004 0.715720 0.518601
1.771021 3.500745 -0.000000 0.707999 0.368786 0.602274 0.715711 0.500094
1.921184 3.836335 -0.000000 0.934636 0.313887 0.167122 0.717141 0.542525
1.895715 4.170732 -0.000000 0.896621 0.309142 -0.317019 0.716899 0.584805
1.728164 4.311172 0.237274 0.728476 0.352426 -0.587468 0.715303 0.602561
1.850113 4.004569 0.237274 0.932315 0.353308 -0.077219 0.716464 0.563796
1.850113 4.004569 0.237274 0.932315 0.353308 -0.077219 0.716464 0.563796
1.921184 3.836335 -0.000000 0.934636 0.313887 0.167122 0.717141 0.542525
1.895715 4.170732 -0.000000 0.896621 0.309142 -0.317019 0.716899 0.584805
1.714360 4.439604 -0.000000 0.612224 0.300674 -0.731284 0.715172 0.618800
1.445263 4.500164 0.237274 0.289705 0.338135 -0.895397 0.712610 0.626457
1.728164 4.311172 0.237274 0.728476 0.352426 -0.587468 0.715303 0.602561
1.728164 4.311172 0.237274 0.728476 0.352426 -0.587468 0.715303 0.602561
1.895715 4.170732 -0.000000 0.896621 0.309142 -0.317019 0.716899 0.584805
1.714360 4.439604 -0.000000 0.612224 0.300674 -0.731284 0.715172 0.618800
1.342374 4.605967 -0.000000 0.141635 0.351547 -0.925394 0.711631 0.639834
0.630860 4.497812 0.237274 -0.298024 0.365316 -0.881888 0.704857 0.626160
1.445263 4.500164 0.237274 0.289705 0.338135 -0.895397 0.712610 0.626457
1.445263 4.500164 0.237274 0.289705 0.338135 -0.895397 0.712610 0.626457
1.714360 4.439604 -0.000000 0.612224 0.300674 -0.731284 0.715172 0.618800
1.342374 4.605967 -0.000000 0.141635 0.351547 -0.925394 0.711631 0.639834
1.342374 4.605967 -0.000000 0.141635 0.351547 -0.925394 0.711631 0.639834
0.728890 4.604722 -0.000000 -0.139100 0.358468 -0.923121 0.705790 0.639677
0.630860 4.497812 0.237274 -0.298024 0.365316 -0.881888 0.704857 0.626160
0.409020 4.469326 -0.000000 -0.572506 0.326120 -0.752251 0.702745 0.622558
0.331086 4.273366 0.237274 -0.764942 0.355665 -0.536997 0.702003 0.597782
0.630860 4.497812 0.237274 -0.298024 0.365316 -0.881888 0.704857 0.626160
0.630860 4.497812 0.237274 -0.298024 0.365316 -0.881888 0.704857 0.626160
0.728890 4.604722 -0.000000 -0.139100 0.358468 -0.923121 0.705790 0.639677
0.409020 4.469326 -0.000000 -0.572506 0.326120 -0.752251 0.702745 0.622558
0.212528 4.220570 -0.000000 -0.861480 0.313457 -0.399497 0.700875 0.591106
0.208762 3.900650 0.237274 -0.913486 0.321580 -0.249259 0.700839 0.550657
0.331086 4.273366 0.237274 -0.764942 0.355665 -0.536997 0.702003 0.597782
0.331086 4.273366 0.237274 -0.764942 0.355665 -0.536997 0.702003 0.597782
0.409020 4.469326 -0.000000 -0.572506 0.326120 -0.752251 0.702745 0.622558
0.212528 4.220570 -0.000000 -0.861480 0.313457 -0.399497 0.700875 0.591106
0.212528 4.220570 -0.000000 -0.861480 0.313457 -0.399497 0.700875 0.591106
0.117033 3.828654 -0.000000 -0.929628 0.290660 -0.226516 0.699966 0.541554
0.208762 3.900650 0.237274 -0.913486 0.321580 -0.249259 0.700839 0.550657
0.841542 3.770607 -0.000000 -0.075765 0.316228 0.945653 0.706863 0.534214
0.775277 3.855260 0.237274 -0.075765 0.316227 0.945653 0.706232 0.544918
0.208762 3.900650 0.237274 -0.075765 0.316228 0.945653 0.700839 0.550657
0.208762 3.900650 0.237274 -0.075765 0.316228 0.945653 0.700839 0.550657
0.117033 3.828654 -0.000000 -0.075765 0.316228 0.945653 0.699966 0.541554
0.841542 3.770607 -0.000000 -0.075765 0.316228 0.945653 0.706863 0.534214
0.841542 3.770607 -0.000000 0.884741 0.355593 0.301310 0.706863 0.534214
0.848774 4.071862 0.237274 0.751801 0.333241 0.568987 0.706932 0.572304
0.775277 3.855260 0.237274 0.885474 0.354488 0.300457 0.706232 0.544918
0.936490 4.048534 -0.000000 0.661506 0.356542 0.659764 0.707767 0.569355
0.985699 4.155114 0.237274 0.185996 0.293737 0.937616 0.708235 0.582830
0.848774 4.071862 0.237274 0.751801 0.333241 0.568987 0.706932 0.572304
0.848774 4.071862 0.237274 0.751801 0.333241 0.568987 0.706932 0.572304
0.841542 3.770607 -0.000000 0.884741 0.355593 0.301310 0.706863 0.534214
0.936490 4.048534 -0.000000 0.661506 0.356542 0.659764 0.707767 0.569355
1.021677 4.080409 -0.000000 0.051890 0.328470 0.943088 0.708578 0.573385
1.174783 4.126873 0.237274 -0.486959 0.302681 0.819301 0.710035 0.579259
0.985699 4.155114 0.237274 0.185996 0.293737 0.937616 0.708235 0.582830
0.985699 4.155114 0.237274 0.185996 0.293737 0.937616 0.708235 0.582830
0.936490 4.048534 -0.000000 0.661506 0.356542 0.659764 0.707767 0.569355
1.021677 4.080409 -0.000000 0.051890 0.328470 0.943088 0.708578 0.573385
1.021677 4.080409 -0.000000 0.051890 0.328470 0.943088 0.708578 0.573385
1.148290 4.049210 -0.000000 -0.536574 0.316016 0.782447 0.709783 0.569440
1.174783 4.126873 0.237274 -0.486959 0.302681 0.819301 0.710035 0.579259
1.198386 3.983148 -0.000000 -0.903670 0.315964 0.289046 0.710260 0.561087
1.279938 3.986112 0.237274 -0.926177 0.303101 0.224336 0.711036 0.561462
1.174783 4.126873 0.237274 -0.486959 0.302681 0.819301 0.710035 0.579259
1.174783 4.126873 0.237274 -0.486959 0.302681 0.819301 0.710035 0.579259
1.148290 4.049210 -0.000000 -0.536574 0.316016 0.782447 0.709783 0.569440
1.198386 3.983148 -0.000000 -0.903670 0.315964 0.289046 0.710260 0.561087
1.190369 3.863956 -0.000000 -0.852431 0.336969 -0.399767 0.710184 0.546017
1.250773 3.806694 0.237274 -0.826491 0.328638 -0.457067 0.710759 0.538777
1.279938 3.986112 0.237274 -0.926177 0.303101 0.224336 0.711036 0.561462
1.279938 3.986112 0.237274 -0.926177 0.303101 0.224336 0.711036 0.561462
1.198386 3.983148 -0.000000 -0.903670 0.315964 0.289046 0.710260 0.561087
1.190369 3.863956 -0.000000 -0.852431 0.336969 -0.399767 0.710184 0.546017
0.331087 3.061196 -0.000000 -0.720891 0.359704 -0.592392 0.702003 0.444519
0.305846 2.883052 0.237274 -0.810122 0.333121 -0.482423 0.701763 0.421995
1.250773 3.806694 0.237274 -0.826491 0.328638 -0.457067 0.710759 0.538777
1.250773 3.806694 0.237274 -0.826491 0.328638 -0.457067 0.710759 0.538777
1.190369 3.863956 -0.000000 -0.852431 0.336969 -0.399767 0.710184 0.546017
0.331087 3.061196 -0.000000 -0.720891 0.359704 -0.592392 0.702003 0.444519
0.118350 2.634509 -0.000000 -0.901575 0.327971 -0.282131 0.699978 0.390571
0.168583 2.473125 0.237274 -0.906415 0.351354 -0.234438 0.700456 0.370166
0.305846 2.883052 0.237274 -0.810122 0.333121 -0.482423 0.701763 0.421995
0.305846 2.883052 0.237274 -0.810122 0.333121 -0.482423 0.701763 0.421995
0.331087 3.061196 -0.000000 -0.720891 0.359704 -0.592392 0.702003 0.444519
0.118350 2.634509 -0.000000 -0.901575 0.327971 -0.282131 0.699978 0.390571
0.118350 2.634509 -0.000000 -0.901575 0.327971 -0.282131 0.699978 0.390571
0.076670 2.394034 -0.000000 -0.937130 0.308877 -0.162425 0.699581 0.360166
0.168583 2.473125 0.237274 -0.906415 0.351354 -0.234438 0.700456 0.370166
1.943201 2.394034 -0.000000 0.000000 0.316228 0.948683 0.717351 0.360166
1.864110 2.473125 0.237274 0.000000 0.316228 0.948683 0.716598 0.370166
0.168583 2.473125 0.237274 0.000000 0.316228 0.948683 0.700456 0.370166
0.168583 2.473125 0.237274 0.000000 0.316228 0.948683 0.700456 0.370166
0.076670 2.394034 -0.000000 0.000000 0.316228 0.948683 0.699581 0.360166
1.943201 2.394034 -0.000000 0.000000 0.316228 0.948683 0.717351 0.360166
1.943201 3.014267 -0.000000 0.948683 0.316227 -0.000000 0.717351 0.438586
1.864110 2.935176 0.237274 0.948683 0.316227 -0.000000 0.716598 0.428586
1.864110 2.473125 0.237274 0.948683 0.316227 -0.000000 0.716598 0.370166
1.864110 2.473125 0.237274 0.948683 0.316227 -0.000000 0.716598 0.370166
1.943201 2.394034 -0.000000 0.948683 0.316227 -0.000000 0.717351 0.360166
1.943201 3.014267 -0.000000 0.948683 0.316227 -0.000000 0.717351 0.438586
-1.255425 3.247186 0.237274 0.000000 1.000000 -0.000000 0.686900 0.468035
-1.792120 2.473125 0.237274 0.000000 1.000000 -0.000000 0.681791 0.370166
-1.177391 2.473125 0.237274 0.000000 1.000000 -0.000000 0.687643 0.370166
-1.255425 3.247186 0.237274 0.000000 1.000000 -0.000000 0.686900 0.468035
-1.177391 2.473125 0.237274 0.000000 1.000000 -0.000000 0.687643 0.370166
-0.857974 2.949301 0.237274 0.000000 1.000000 -0.000000 0.690684 0.430372
-0.582752 2.473125 0.237274 0.000000 1.000000 -0.000000 0.693304 0.370166
0.076173 2.473125 0.237274 0.000000 1.000000 -0.000000 0.699577 0.370166
-0.463975 3.247186 0.237274 0.000000 1.000000 -0.000000 0.694435 0.468035
-0.857974 2.949301 0.237274 0.000000 1.000000 -0.000000 0.690684 0.430372
-0.582752 2.473125 0.237274 0.000000 1.000000 -0.000000 0.693304 0.370166
-0.463975 3.247186 0.237274 0.000000 1.000000 -0.000000 0.694435 0.468035
-0.463975 3.247186 0.237274 0.000000 1.000000 -0.000000 0.694435 0.468035
0.040013 3.951688 0.237274 0.000000 1.000000 -0.000000 0.699232 0.557110
-0.582752 3.951688 0.237274 0.000000 1.000000 -0.000000 0.693304 0.557110
-0.463975 3.247186 0.237274 0.000000 1.000000 -0.000000 0.694435 0.468035
-0.582752 3.951688 0.237274 0.000000 1.000000 -0.000000 0.693304 0.557110
-0.857974 3.539609 0.237274 0.000000 1.000000 -0.000000 0.690684 0.505008
-0.857974 2.949301 0.237274 0.000000 1.000000 -0.000000 0.690684 0.430372
-0.463975 3.247186 0.237274 0.000000 1.000000 -0.000000 0.694435 0.468035
-0.857974 3.539609 0.237274 0.000000 1.000000 -0.000000 0.690684 0.505008
-1.255425 3.247186 0.237274 0.000000 1.000000 -0.000000 0.686900 0.468035
-0.857974 2.949301 0.237274 0.000000 1.000000 -0.000000 0.690684 0.430372
-0.857974 3.539609 0.237274 0.000000 1.000000 -0.000000 0.690684 0.505008
-1.255425 3.247186 0.237274 0.000000 1.000000 -0.000000 0.686900 0.468035
-0.857974 3.539609 0.237274 0.000000 1.000000 -0.000000 0.690684 0.505008
-1.093017 3.951688 0.237274 0.000000 1.000000 -0.000000 0.688446 0.557110
-1.255425 3.247186 0.237274 0.000000 1.000000 -0.000000 0.686900 0.468035
-1.093017 3.951688 0.237274 0.000000 1.000000 -0.000000 0.688446 0.557110
-1.763995 3.951688 0.237274 0.000000 1.000000 -0.000000 0.682058 0.557110
1.864110 2.473125 0.237274 0.000000 1.000000 -0.000000 0.716598 0.370166
1.864110 2.935176 0.237274 0.000000 1.000000 -0.000000 0.716598 0.428586
1.025313 2.976554 0.237274 0.000000 1.000000 -0.000000 0.708612 0.433817
0.208762 3.900650 0.237274 0.000000 1.000000 -0.000000 0.700839 0.550657
0.775277 3.855260 0.237274 0.000000 1.000000 -0.000000 0.706232 0.544918
0.848774 4.071862 0.237274 0.000000 1.000000 -0.000000 0.706932 0.572304
0.331086 4.273366 0.237274 0.000000 1.000000 -0.000000 0.702003 0.597782
0.208762 3.900650 0.237274 0.000000 1.000000 -0.000000 0.700839 0.550657
0.848774 4.071862 0.237274 0.000000 1.000000 -0.000000 0.706932 0.572304
0.630860 4.497812 0.237274 0.000000 1.000000 -0.000000 0.704857 0.626160
0.331086 4.273366 0.237274 0.000000 1.000000 -0.000000 0.702003 0.597782
0.848774 4.071862 0.237274 0.000000 1.000000 -0.000000 0.706932 0.572304
0.630860 4.497812 0.237274 0.000000 1.000000 -0.000000 0.704857 0.626160
0.848774 4.071862 0.237274 0.000000 1.000000 -0.000000 0.706932 0.572304
0.985699 4.155114 0.237274 0.000000 1.000000 -0.000000 0.708235 0.582830
1.445263 4.500164 0.237274 0.000000 1.000000 -0.000000 0.712610 0.626457
0.630860 4.497812 0.237274 0.000000 1.000000 -0.000000 0.704857 0.626160
0.985699 4.155114 0.237274 0.000000 1.000000 -0.000000 0.708235 0.582830
1.445263 4.500164 0.237274 0.000000 1.000000 -0.000000 0.712610 0.626457
0.985699 4.155114 0.237274 0.000000 1.000000 -0.000000 0.708235 0.582830
1.174783 4.126873 0.237274 0.000000 1.000000 -0.000000 0.710035 0.579259
1.445263 4.500164 0.237274 0.000000 1.000000 -0.000000 0.712610 0.626457
1.174783 4.126873 0.237274 0.000000 1.000000 -0.000000 0.710035 0.579259
1.279938 3.986112 0.237274 0.000000 1.000000 -0.000000 0.711036 0.561462
1.728164 4.311172 0.237274 0.000000 1.000000 -0.000000 0.715303 0.602561
1.445263 4.500164 0.237274 0.000000 1.000000 -0.000000 0.712610 0.626457
1.279938 3.986112 0.237274 0.000000 1.000000 -0.000000 0.711036 0.561462
1.850113 4.004569 0.237274 0.000000 1.000000 -0.000000 0.716464 0.563796
1.728164 4.311172 0.237274 0.000000 1.000000 -0.000000 0.715303 0.602561
1.279938 3.986112 0.237274 0.000000 1.000000 -0.000000 0.711036 0.561462
1.850113 4.004569 0.237274 0.000000 1.000000 -0.000000 0.716464 0.563796
1.279938 3.986112 0.237274 0.000000 1.000000 -0.000000 0.711036 0.561462
1.250773 3.806694 0.237274 0.000000 1.000000 -0.000000 0.710759 0.538777
1.771941 3.647115 0.237274 0.000000 1.000000 -0.000000 0.715720 0.518601
1.850113 4.004569 0.237274 0.000000 1.000000 -0.000000 0.716464 0.563796
1.250773 3.806694 0.237274 0.000000 1.000000 -0.000000 0.710759 0.538777
1.025313 2.976554 0.237274 0.000000 1.000000 -0.000000 0.708612 0.433817
1.771941 3.647115 0.237274 0.000000 1.000000 -0.000000 0.715720 0.518601
1.250773 3.806694 0.237274 0.000000 1.000000 -0.000000 0.710759 0.538777
1.025313 2.976554 0.237274 0.000000 1.000000 -0.000000 0.708612 0.433817
1.250773 3.806694 0.237274 0.000000 1.000000 -0.000000 0.710759 0.538777
0.305846 2.883052 0.237274 0.000000 1.000000 -0.000000 0.701763 0.421995
1.864110 2.473125 0.237274 0.000000 1.000000 -0.000000 0.716598 0.370166
1.025313 2.976554 0.237274 0.000000 1.000000 -0.000000 0.708612 0.433817
0.305846 2.883052 0.237274 0.000000 1.000000 -0.000000 0.701763 0.421995
1.864110 2.473125 0.237274 0.000000 1.000000 -0.000000 0.716598 0.370166
0.305846 2.883052 0.237274 0.000000 1.000000 -0.000000 0.701763 0.421995
0.168583 2.473125 0.237274 0.000000 1.000000 -0.000000 0.700456 0.370166
-1.255425 3.247186 -0.237274 0.000000 -1.000000 0.000000 0.686900 0.468035
-1.763995 3.951688 -0.237274 0.000000 -1.000000 0.000000 0.682058 0.557110
-1.093017 3.951688 -0.237274 0.000000 -1.000000 0.000000 0.688446 0.557110
-1.255425 3.247186 -0.237274 0.000000 -1.000000 0.000000 0.686900 0.468035
-1.093017 3.951688 -0.237274 0.000000 -1.000000 0.000000 0.688446 0.557110
-0.857974 3.539609 -0.237274 0.000000 -1.000000 0.000000 0.690684 0.505008
-0.582752 3.951688 -0.237274 0.000000 -1.000000 0.000000 0.693304 0.557110
0.040013 3.951688 -0.237274 0.000000 -1.000000 0.000000 0.699232 0.557110
-0.463975 3.247186 -0.237274 0.000000 -1.000000 0.000000 0.694435 0.468035
-0.857974 3.539609 -0.237274 0.000000 -1.000000 0.000000 0.690684 0.505008
-0.582752 3.951688 -0.237274 0.000000 -1.000000 0.000000 0.693304 0.557110
-0.463975 3.247186 -0.237274 0.000000 -1.000000 0.000000 0.694435 0.468035
-0.463975 3.247186 -0.237274 0.000000 -1.000000 0.000000 0.694435 0.468035
0.076173 2.473125 -0.237274 0.000000 -1.000000 0.000000 0.699577 0.370166
-0.582752 2.473125 -0.237274 0.000000 -1.000000 0.000000 0.693304 0.370166
-0.463975 3.247186 -0.237274 0.000000 -1.000000 0.000000 0.694435 0.468035
-0.582752 2.473125 -0.237274 0.000000 -1.000000 0.000000 0.693304 0.370166
-0.857974 2.949301 -0.237274 0.000000 -1.000000 0.000000 0.690684 0.430372
-0.857974 3.539609 -0.237274 0.000000 -1.000000 0.000000 0.690684 0.505008
-0.463975 3.247186 -0.237274 0.000000 -1.000000 0.000000 0.694435 0.468035
-0.857974 2.949301 -0.237274 0.000000 -1.000000 0.000000 0.690684 0.430372
-1.255425 3.247186 -0.237274 0.000000 -1.000000 0.000000 0.686900 0.468035
-0.857974 3.539609 -0.237274 0.000000 -1.000000 0.000000 0.690684 0.505008
-0.857974 2.949301 -0.237274 0.000000 -1.000000 0.000000 0.690684 0.430372
-1.255425 3.247186 -0.237274 0.000000 -1.000000 0.000000 0.686900 0.468035
-0.857974 2.949301 -0.237274 0.000000 -1.000000 0.000000 0.690684 0.430372
-1.177391 2.473125 -0.237274 0.000000 -1.000000 0.000000 0.687643 0.370166
-1.255425 3.247186 -0.237274 0.000000 -1.000000 0.000000 0.686900 0.468035
-1.177391 2.473125 -0.237274 0.000000 -1.000000 0.000000 0.687643 0.370166
-1.792120 2.473125 -0.237274 0.000000 -1.000000 0.000000 0.681791 0.370166
1.864110 2.473125 -0.237274 0.000000 -1.000000 0.000000 0.716598 0.370166
0.168583 2.473125 -0.237274 0.000000 -1.000000 0.000000 0.700456 0.370166
0.345682 2.947104 -0.237274 0.000000 -1.000000 0.000000 0.702142 0.430094
0.775277 3.855260 -0.237274 0.000000 -1.000000 0.000000 0.706232 0.544918
0.208762 3.900649 -0.237274 0.000000 -1.000000 0.000000 0.700839 0.550657
0.358001 4.310369 -0.237274 0.000000 -1.000000 0.000000 0.702260 0.602460
0.867467 4.093223 -0.237274 0.000000 -1.000000 0.000000 0.707110 0.575005
0.775277 3.855260 -0.237274 0.000000 -1.000000 0.000000 0.706232 0.544918
0.358001 4.310369 -0.237274 0.000000 -1.000000 0.000000 0.702260 0.602460
0.867467 4.093223 -0.237274 0.000000 -1.000000 0.000000 0.707110 0.575005
0.358001 4.310369 -0.237274 0.000000 -1.000000 0.000000 0.702260 0.602460
0.630860 4.497812 -0.237274 0.000000 -1.000000 0.000000 0.704857 0.626160
1.014185 4.159240 -0.237274 0.000000 -1.000000 0.000000 0.708506 0.583352
0.867467 4.093223 -0.237274 0.000000 -1.000000 0.000000 0.707110 0.575005
0.630860 4.497812 -0.237274 0.000000 -1.000000 0.000000 0.704857 0.626160
1.014185 4.159240 -0.237274 0.000000 -1.000000 0.000000 0.708506 0.583352
0.630860 4.497812 -0.237274 0.000000 -1.000000 0.000000 0.704857 0.626160
1.262218 4.537800 -0.237274 0.000000 -1.000000 0.000000 0.710868 0.631216
1.196558 4.112025 -0.237274 0.000000 -1.000000 0.000000 0.710243 0.577382
1.014185 4.159240 -0.237274 0.000000 -1.000000 0.000000 0.708506 0.583352
1.262218 4.537800 -0.237274 0.000000 -1.000000 0.000000 0.710868 0.631216
1.196558 4.112025 -0.237274 0.000000 -1.000000 0.000000 0.710243 0.577382
1.262218 4.537800 -0.237274 0.000000 -1.000000 0.000000 0.710868 0.631216
1.624827 4.410052 -0.237274 0.000000 -1.000000 0.000000 0.714320 0.615064
1.279938 3.986112 -0.237274 0.000000 -1.000000 0.000000 0.711036 0.561462
1.196558 4.112025 -0.237274 0.000000 -1.000000 0.000000 0.710243 0.577382
1.624827 4.410052 -0.237274 0.000000 -1.000000 0.000000 0.714320 0.615064
1.279938 3.986112 -0.237274 0.000000 -1.000000 0.000000 0.711036 0.561462
1.624827 4.410052 -0.237274 0.000000 -1.000000 0.000000 0.714320 0.615064
1.803467 4.188590 -0.237274 0.000000 -1.000000 0.000000 0.716020 0.587063
1.279938 3.986112 -0.237274 0.000000 -1.000000 0.000000 0.711036 0.561462
1.803467 4.188590 -0.237274 0.000000 -1.000000 0.000000 0.716020 0.587063
1.849831 3.902041 -0.237274 0.000000 -1.000000 0.000000 0.716462 0.550833
1.250773 3.806694 -0.237274 0.000000 -1.000000 0.000000 0.710759 0.538777
1.279938 3.986112 -0.237274 0.000000 -1.000000 0.000000 0.711036 0.561462
1.849831 3.902041 -0.237274 0.000000 -1.000000 0.000000 0.716462 0.550833
1.250773 3.806694 -0.237274 0.000000 -1.000000 0.000000 0.710759 0.538777
1.849831 3.902041 -0.237274 0.000000 -1.000000 0.000000 0.716462 0.550833
1.708211 3.548912 -0.237274 0.000000 -1.000000 0.000000 0.715113 0.506184
1.250773 3.806694 -0.237274 0.000000 -1.000000 0.000000 0.710759 0.538777
1.708211 3.548912 -0.237274 0.000000 -1.000000 0.000000 0.715113 0.506184
1.004322 2.956462 -0.237274 0.000000 -1.000000 0.000000 0.708413 0.431277
0.345682 2.947104 -0.237274 0.000000 -1.000000 0.000000 0.702142 0.430094
1.250773 3.806694 -0.237274 0.000000 -1.000000 0.000000 0.710759 0.538777
1.004322 2.956462 -0.237274 0.000000 -1.000000 0.000000 0.708413 0.431277
1.864110 2.473125 -0.237274 0.000000 -1.000000 0.000000 0.716598 0.370166
0.345682 2.947104 -0.237274 0.000000 -1.000000 0.000000 0.702142 0.430094
1.004322 2.956462 -0.237274 0.000000 -1.000000 0.000000 0.708413 0.431277
1.864110 2.473125 -0.237274 0.000000 -1.000000 0.000000 0.716598 0.370166
1.004322 2.956462 -0.237274 0.000000 -1.000000 0.000000 0.708413 0.431277
1.864110 2.935176 -0.237274 0.000000 -1.000000 0.000000 0.716598 0.428586
Box
2
-2.689103 -0.237274
2.689102 0.237273
End