none
708
0.000001 6.189102 -0.237274 0.156434 -0.000000 -0.987688 0.898802 0.843920
0.000001 6.189102 0.237274 0.156434 -0.000000 -0.987688 0.898802 0.843920
0.830979 6.057488 0.237274 0.156434 -0.000000 -0.987688 0.906599 0.826281
0.830979 6.057488 0.237274 0.156434 -0.000000 -0.987688 0.906599 0.826281
0.830979 6.057488 -0.237274 0.156434 -0.000000 -0.987688 0.906599 0.826281
0.000001 6.189102 -0.237274 0.156434 -0.000000 -0.987688 0.898802 0.843920
0.000001 6.189102 0.237274 0.000000 1.000000 -0.000000 0.898802 0.843920
0.000001 5.872737 0.237274 0.000000 1.000000 -0.000000 0.898802 0.801521
0.733217 5.756608 0.237274 0.000000 1.000000 -0.000000 0.905682 0.785956
0.733217 5.756608 0.237274 0.000000 1.000000 -0.000000 0.905682 0.785956
0.830979 6.057488 0.237274 0.000000 1.000000 -0.000000 0.906599 0.826281
0.000001 6.189102 0.237274 0.000000 1.000000 -0.000000 0.898802 0.843920
0.000001 5.872737 0.237274 -0.156434 0.000000 0.987688 0.898802 0.801521
0.000001 5.872737 -0.237274 -0.156434 0.000000 0.987688 0.898802 0.801521
0.733217 5.756608 -0.237274 -0.156434 0.000000 0.987688 0.905682 0.785956
0.733217 5.756608 -0.237274 -0.156434 0.000000 0.987688 0.905682 0.785956
0.733217 5.756608 0.237274 -0.156434 0.000000 0.987688 0.905682 0.785956
0.000001 5.872737 0.237274 -0.156434 0.000000 0.987688 0.898802 0.801521
0.000001 5.872737 -0.237274 0.000000 -1.000000 0.000000 0.898802 0.801521
0.000001 6.189102 -0.237274 0.000000 -1.000000 0.000000 0.898802 0.843920
0.830979 6.057488 -0.237274 0.000000 -1.000000 0.000000 0.906599 0.826281
0.830979 6.057488 -0.237274 0.000000 -1.000000 0.000000 0.906599 0.826281
0.733217 5.756608 -0.237274 0.000000 -1.000000 0.000000 0.905682 0.785956
0.000001 5.872737 -0.237274 0.000000 -1.000000 0.000000 0.898802 0.801521
0.830979 6.057488 -0.237274 0.453991 -0.000000 -0.891006 0.906599 0.826281
0.830979 6.057488 0.237274 0.453991 -0.000000 -0.891006 0.906599 0.826281
1.580615 5.675529 0.237274 0.453991 -0.000000 -0.891006 0.913633 0.775090
1.580615 5.675529 0.237274 0.453991 -0.000000 -0.891006 0.913633 0.775090
1.580615 5.675529 -0.237274 0.453991 -0.000000 -0.891006 0.913633 0.775090
0.830979 6.057488 -0.237274 0.453991 -0.000000 -0.891006 0.906599 0.826281
0.830979 6.057488 0.237274 0.000000 1.000000 -0.000000 0.906599 0.826281
0.733217 5.756608 0.237274 0.000000 1.000000 -0.000000 0.905682 0.785956
1.394661 5.419585 0.237274 0.000000 1.000000 -0.000000 0.911888 0.740788
1.394661 5.419585 0.237274 0.000000 1.000000 -0.000000 0.911888 0.740788
1.580615 5.675529 0.237274 0.000000 1.000000 -0.000000 0.913633 0.775090
0.830979 6.057488 0.237274 0.000000 1.000000 -0.000000 0.906599 0.826281
0.733217 5.756608 0.237274 -0.453990 0.000000 0.891007 0.905682 0.785956
0.733217 5.756608 -0.237274 -0.453990 0.000000 0.891007 0.905682 0.785956
1.394661 5.419585 -0.237274 -0.453990 0.000000 0.891007 0.911888 0.740788
1.394661 5.419585 -0.237274 -0.453990 0.000000 0.891007 0.911888 0.740788
1.394661 5.419585 0.237274 -0.453990 0.000000 0.891007 0.911888 0.740788
0.733217 5.756608 0.237274 -0.453990 0.000000 0.891007 0.905682 0.785956
0.733217 5.756608 -0.237274 0.000000 -1.000000 0.000000 0.905682 0.785956
0.830979 6.057488 -0.237274 0.000000 -1.000000 0.000000 0.906599 0.826281
1.580615 5.675529 -0.237274 0.000000 -1.000000 0.000000 0.913633 0.775090
1.580615 5.675529 -0.237274 0.000000 -1.000000 0.000000 0.913633 0.775090
1.394661 5.419585 -0.237274 0.000000 -1.000000 0.000000 0.911888 0.740788
0.733217 5.756608 -0.237274 0.000000 -1.000000 0.000000 0.905682 0.785956
1.580615 5.675529 -0.237274 0.707107 -0.000000 -0.707107 0.913633 0.775090
1.580615 5.675529 0.237274 0.707107 -0.000000 -0.707107 0.913633 0.775090
2.175530 5.080615 0.237274 0.707107 -0.000000 -0.707107 0.919216 0.695358
2.175530 5.080615 0.237274 0.707107 -0.000000 -0.707107 0.919216 0.695358
2.175530 5.080615 -0.237274 0.707107 -0.000000 -0.707107 0.919216 0.695358
1.580615 5.675529 -0.237274 0.707107 -0.000000 -0.707107 0.913633 0.775090
1.580615 5.675529 0.237274 0.000000 1.000000 -0.000000 0.913633 0.775090
1.394661 5.419585 0.237274 0.000000 1.000000 -0.000000 0.911888 0.740788
1.919585 4.894660 0.237274 0.000000 1.000000 -0.000000 0.916814 0.670436
1.919585 4.894660 0.237274 0.000000 1.000000 -0.000000 0.916814 0.670436
2.175530 5.080615 0.237274 0.000000 1.000000 -0.000000 0.919216 0.695358
1.580615 5.675529 0.237274 0.000000 1.000000 -0.000000 0.913633 0.775090
1.394661 5.419585 0.237274 -0.707107 0.000000 0.707107 0.911888 0.740788
1.394661 5.419585 -0.237274 -0.707107 0.000000 0.707107 0.911888 0.740788
1.919585 4.894660 -0.237274 -0.707107 0.000000 0.707107 0.916814 0.670436
1.919585 4.894660 -0.237274 -0.707107 0.000000 0.707107 0.916814 0.670436
1.919585 4.894660 0.237274 -0.707107 0.000000 0.707107 0.916814 0.670436
1.394661 5.419585 0.237274 -0.707107 0.000000 0.707107 0.911888 0.740788
1.394661 5.419585 -0.237274 0.000000 -1.000000 0.000000 0.911888 0.740788
1.580615 5.675529 -0.237274 0.000000 -1.000000 0.000000 0.913633 0.775090
2.175530 5.080615 -0.237274 0.000000 -1.000000 0.000000 0.919216 0.695358
2.175530 5.080615 -0.237274 0.000000 -1.000000 0.000000 0.919216 0.695358
1.919585 4.894660 -0.237274 0.000000 -1.000000 0.000000 0.916814 0.670436
1.394661 5.419585 -0.237274 0.000000 -1.000000 0.000000 0.911888 0.740788
2.175530 5.080615 -0.237274 0.891006 -0.000000 -0.453991 0.919216 0.695358
2.175530 5.080615 0.237274 0.891006 -0.000000 -0.453991 0.919216 0.695358
2.557489 4.330978 0.237274 0.891006 -0.000000 -0.453991 0.922800 0.594890
2.557489 4.330978 0.237274 0.891006 -0.000000 -0.453991 0.922800 0.594890
2.557489 4.330978 -0.237274 0.891006 -0.000000 -0.453991 0.922800 0.594890
2.175530 5.080615 -0.237274 0.891006 -0.000000 -0.453991 0.919216 0.695358
2.175530 5.080615 0.237274 0.000000 1.000000 -0.000000 0.919216 0.695358
1.919585 4.894660 0.237274 0.000000 1.000000 -0.000000 0.916814 0.670436
2.256608 4.233216 0.237274 0.000000 1.000000 -0.000000 0.919977 0.581788
2.256608 4.233216 0.237274 0.000000 1.000000 -0.000000 0.919977 0.581788
2.557489 4.330978 0.237274 0.000000 1.000000 -0.000000 0.922800 0.594890
2.175530 5.080615 0.237274 0.000000 1.000000 -0.000000 0.919216 0.695358
1.919585 4.894660 0.237274 -0.891007 0.000000 0.453990 0.916814 0.670436
1.919585 4.894660 -0.237274 -0.891007 0.000000 0.453990 0.916814 0.670436
2.256608 4.233216 -0.237274 -0.891007 0.000000 0.453990 0.919977 0.581788
2.256608 4.233216 -0.237274 -0.891007 0.000000 0.453990 0.919977 0.581788
2.256608 4.233216 0.237274 -0.891007 0.000000 0.453990 0.919977 0.581788
1.919585 4.894660 0.237274 -0.891007 0.000000 0.453990 0.916814 0.670436
1.919585 4.894660 -0.237274 0.000000 -1.000000 0.000000 0.916814 0.670436
2.175530 5.080615 -0.237274 0.000000 -1.000000 0.000000 0.919216 0.695358
2.557489 4.330978 -0.237274 0.000000 -1.000000 0.000000 0.922800 0.594890
2.557489 4.330978 -0.237274 0.000000 -1.000000 0.000000 0.922800 0.594890
2.256608 4.233216 -0.237274 0.000000 -1.000000 0.000000 0.919977 0.581788
1.919585 4.894660 -0.237274 0.000000 -1.000000 0.000000 0.916814 0.670436
2.557489 4.330978 -0.237274 0.987688 -0.000000 -0.156434 0.922800 0.594890
2.557489 4.330978 0.237274 0.987688 -0.000000 -0.156434 0.922800 0.594890
2.689103 3.500000 0.237274 0.987688 -0.000000 -0.156434 0.924035 0.483521
2.689103 3.500000 0.237274 0.987688 -0.000000 -0.156434 0.924035 0.483521
2.689103 3.500000 -0.237274 0.987688 -0.000000 -0.156434 0.924035 0.483521
2.557489 4.330978 -0.237274 0.987688 -0.000000 -0.156434 0.922800 0.594890
2.557489 4.330978 0.237274 0.000000 1.000000 -0.000000 0.922800 0.594890
2.256608 4.233216 0.237274 0.000000 1.000000 -0.000000 0.919977 0.581788
2.372738 3.500000 0.237274 0.000000 1.000000 -0.000000 0.921066 0.483521
2.372738 3.500000 0.237274 0.000000 1.000000 -0.000000 0.921066 0.483521
2.689103 3.500000 0.237274 0.000000 1.000000 -0.000000 0.924035 0.483521
2.557489 4.330978 0.237274 0.000000 1.000000 -0.000000 0.922800 0.594890
2.256608 4.233216 0.237274 -0.987688 0.000000 0.156434 0.919977 0.581788
2.256608 4.233216 -0.237274 -0.987688 0.000000 0.156434 0.919977 0.581788
2.372738 3.500000 -0.237274 -0.987688 0.000000 0.156434 0.921066 0.483521
2.372738 3.500000 -0.237274 -0.987688 0.000000 0.156434 0.921066 0.483521
2.372738 3.500000 0.237274 -0.987688 0.000000 0.156434 0.921066 0.483521
2.256608 4.233216 0.237274 -0.987688 0.000000 0.156434 0.919977 0.581788
2.256608 4.233216 -0.237274 0.000000 -1.000000 0.000000 0.919977 0.581788
2.557489 4.330978 -0.237274 0.000000 -1.000000 0.000000 0.922800 0.594890
2.689103 3.500000 -0.237274 0.000000 -1.000000 0.000000 0.924035 0.483521
2.689103 3.500000 -0.237274 0.000000 -1.000000 0.000000 0.924035 0.483521
2.372738 3.500000 -0.237274 0.000000 -1.000000 0.000000 0.921066 0.483521
2.256608 4.233216 -0.237274 0.000000 -1.000000 0.000000 0.919977 0.581788
2.689103 3.500000 -0.237274 0.987688 0.000000 0.156434 0.924035 0.483521
2.689103 3.500000 0.237274 0.987688 0.000000 0.156434 0.924035 0.483521
2.557489 2.669022 0.237274 0.987688 0.000000 0.156434 0.922800 0.372151
2.557489 2.669022 0.237274 0.987688 0.000000 0.156434 0.922800 0.372151
2.557489 2.669022 -0.237274 0.987688 0.000000 0.156434 0.922800 0.372151
2.689103 3.500000 -0.237274 0.987688 0.000000 0.156434 0.924035 0.483521
2.689103 3.500000 0.237274 0.000000 1.000000 -0.000000 0.924035 0.483521
2.372738 3.500000 0.237274 0.000000 1.000000 -0.000000 0.921066 0.483521
2.256608 2.766784 0.237274 0.000000 1.000000 -0.000000 0.919977 0.385253
2.256608 2.766784 0.237274 0.000000 1.000000 -0.000000 0.919977 0.385253
2.557489 2.669022 0.237274 0.000000 1.000000 -0.000000 0.922800 0.372151
2.689103 3.500000 0.237274 0.000000 1.000000 -0.000000 0.924035 0.483521
2.372738 3.500000 0.237274 -0.987688 -0.000000 -0.156434 0.921066 0.483521
2.372738 3.500000 -0.237274 -0.987688 -0.000000 -0.156434 0.921066 0.483521
2.256608 2.766784 -0.237274 -0.987688 -0.000000 -0.156434 0.919977 0.385253
2.256608 2.766784 -0.237274 -0.987688 -0.000000 -0.156434 0.919977 0.385253
2.256608 2.766784 0.237274 -0.987688 -0.000000 -0.156434 0.919977 0.385253
2.372738 3.500000 0.237274 -0.987688 -0.000000 -0.156434 0.921066 0.483521
2.372738 3.500000 -0.237274 0.000000 -1.000000 0.000000 0.921066 0.483521
2.689103 3.500000 -0.237274 0.000000 -1.000000 0.000000 0.924035 0.483521
2.557489 2.669022 -0.237274 0.000000 -1.000000 0.000000 0.922800 0.372151
2.557489 2.669022 -0.237274 0.000000 -1.000000 0.000000 0.922800 0.372151
2.256608 2.766784 -0.237274 0.000000 -1.000000 0.000000 0.919977 0.385253
2.372738 3.500000 -0.237274 0.000000 -1.000000 0.000000 0.921066 0.483521
2.557489 2.669022 -0.237274 0.891006 0.000000 0.453991 0.922800 0.372151
2.557489 2.669022 0.237274 0.891006 0.000000 0.453991 0.922800 0.372151
2.175530 1.919386 0.237274 0.891006 0.000000 0.453991 0.919216 0.271683
2.175530 1.919386 0.237274 0.891006 0.000000 0.453991 0.919216 0.271683
2.175530 1.919386 -0.237274 0.891006 0.000000 0.453991 0.919216 0.271683
2.557489 2.669022 -0.237274 0.891006 0.000000 0.453991 0.922800 0.372151
2.557489 2.669022 0.237274 0.000000 1.000000 -0.000000 0.922800 0.372151
2.256608 2.766784 0.237274 0.000000 1.000000 -0.000000 0.919977 0.385253
1.919585 2.105340 0.237274 0.000000 1.000000 -0.000000 0.916814 0.296605
1.919585 2.105340 0.237274 0.000000 1.000000 -0.000000 0.916814 0.296605
2.175530 1.919386 0.237274 0.000000 1.000000 -0.000000 0.919216 0.271683
2.557489 2.669022 0.237274 0.000000 1.000000 -0.000000 0.922800 0.372151
2.256608 2.766784 0.237274 -0.891007 -0.000000 -0.453990 0.919977 0.385253
2.256608 2.766784 -0.237274 -0.891007 -0.000000 -0.453990 0.919977 0.385253
1.919585 2.105340 -0.237274 -0.891007 -0.000000 -0.453990 0.916814 0.296605
1.919585 2.105340 -0.237274 -0.891007 -0.000000 -0.453990 0.916814 0.296605
1.919585 2.105340 0.237274 -0.891007 -0.000000 -0.453990 0.916814 0.296605
2.256608 2.766784 0.237274 -0.891007 -0.000000 -0.453990 0.919977 0.385253
2.256608 2.766784 -0.237274 0.000000 -1.000000 0.000000 0.919977 0.385253
2.557489 2.669022 -0.237274 0.000000 -1.000000 0.000000 0.922800 0.372151
2.175530 1.919386 -0.237274 0.000000 -1.000000 0.000000 0.919216 0.271683
2.175530 1.919386 -0.237274 0.000000 -1.000000 0.000000 0.919216 0.271683
1.919585 2.105340 -0.237274 0.000000 -1.000000 0.000000 0.916814 0.296605
2.256608 2.766784 -0.237274 0.000000 -1.000000 0.000000 0.919977 0.385253
2.175530 1.919386 -0.237274 0.707107 0.000000 0.707107 0.919216 0.271683
2.175530 1.919386 0.237274 0.707107 0.000000 0.707107 0.919216 0.271683
1.580615 1.324471 0.237274 0.707107 0.000000 0.707107 0.913633 0.191951
1.580615 1.324471 0.237274 0.707107 0.000000 0.707107 0.913633 0.191951
1.580615 1.324471 -0.237274 0.707107 0.000000 0.707107 0.913633 0.191951
2.175530 1.919386 -0.237274 0.707107 0.000000 0.707107 0.919216 0.271683
2.175530 1.919386 0.237274 0.000000 1.000000 -0.000000 0.919216 0.271683
1.919585 2.105340 0.237274 0.000000 1.000000 -0.000000 0.916814 0.296605
1.394661 1.580415 0.237274 0.000000 1.000000 -0.000000 0.911888 0.226253
1.394661 1.580415 0.237274 0.000000 1.000000 -0.000000 0.911888 0.226253
1.580615 1.324471 0.237274 0.000000 1.000000 -0.000000 0.913633 0.191951
2.175530 1.919386 0.237274 0.000000 1.000000 -0.000000 0.919216 0.271683
1.919585 2.105340 0.237274 -0.707107 -0.000000 -0.707107 0.916814 0.296605
1.919585 2.105340 -0.237274 -0.707107 -0.000000 -0.707107 0.916814 0.296605
1.394661 1.580415 -0.237274 -0.707107 -0.000000 -0.707107 0.911888 0.226253
1.394661 1.580415 -0.237274 -0.707107 -0.000000 -0.707107 0.911888 0.226253
1.394661 1.580415 0.237274 -0.707107 -0.000000 -0.707107 0.911888 0.226253
1.919585 2.105340 0.237274 -0.707107 -0.000000 -0.707107 0.916814 0.296605
1.919585 2.105340 -0.237274 0.000000 -1.000000 0.000000 0.916814 0.296605
2.175530 1.919386 -0.237274 0.000000 -1.000000 0.000000 0.919216 0.271683
1.580615 1.324471 -0.237274 0.000000 -1.000000 0.000000 0.913633 0.191951
1.580615 1.324471 -0.237274 0.000000 -1.000000 0.000000 0.913633 0.191951
1.394661 1.580415 -0.237274 0.000000 -1.000000 0.000000 0.911888 0.226253
1.919585 2.105340 -0.237274 0.000000 -1.000000 0.000000 0.916814 0.296605
1.580615 1.324471 -0.237274 0.453991 0.000000 0.891006 0.913633 0.191951
1.580615 1.324471 0.237274 0.453991 0.000000 0.891006 0.913633 0.191951
0.830979 0.942512 0.237274 0.453991 0.000000 0.891006 0.906599 0.140760
0.830979 0.942512 0.237274 0.453991 0.000000 0.891006 0.906599 0.140760
0.830979 0.942512 -0.237274 0.453991 0.000000 0.891006 0.906599 0.140760
1.580615 1.324471 -0.237274 0.453991 0.000000 0.891006 0.913633 0.191951
1.580615 1.324471 0.237274 0.000000 1.000000 -0.000000 0.913633 0.191951
1.394661 1.580415 0.237274 0.000000 1.000000 -0.000000 0.911888 0.226253
0.733217 1.243393 0.237274 0.000000 1.000000 -0.000000 0.905682 0.181085
0.733217 1.243393 0.237274 0.000000 1.000000 -0.000000 0.905682 0.181085
0.830979 0.942512 0.237274 0.000000 1.000000 -0.000000 0.906599 0.140760
1.580615 1.324471 0.237274 0.000000 1.000000 -0.000000 0.913633 0.191951
1.394661 1.580415 0.237274 -0.453990 -0.000000 -0.891007 0.911888 0.226253
1.394661 1.580415 -0.237274 -0.453990 -0.000000 -0.891007 0.911888 0.226253
0.733217 1.243393 -0.237274 -0.453990 -0.000000 -0.891007 0.905682 0.181085
0.733217 1.243393 -0.237274 -0.453990 -0.000000 -0.891007 0.905682 0.181085
0.733217 1.243393 0.237274 -0.453990 -0.000000 -0.891007 0.905682 0.181085
1.394661 1.580415 0.237274 -0.453990 -0.000000 -0.891007 0.911888 0.226253
1.394661 1.580415 -0.237274 0.000000 -1.000000 0.000000 0.911888 0.226253
1.580615 1.324471 -0.237274 0.000000 -1.000000 0.000000 0.913633 0.191951
0.830979 0.942512 -0.237274 0.000000 -1.000000 0.000000 0.906599 0.140760
0.830979 0.942512 -0.237274 0.000000 -1.000000 0.000000 0.906599 0.140760
0.733217 1.243393 -0.237274 0.000000 -1.000000 0.000000 0.905682 0.181085
1.394661 1.580415 -0.237274 0.000000 -1.000000 0.000000 0.911888 0.226253
0.830979 0.942512 -0.237274 0.156434 0.000000 0.987688 0.906599 0.140760
0.830979 0.942512 0.237274 0.156434 0.000000 0.987688 0.906599 0.140760
0.000001 0.810898 0.237274 0.156434 0.000000 0.987688 0.898802 0.123121
0.000001 0.810898 0.237274 0.156434 0.000000 0.987688 0.898802 0.123121
0.000001 0.810898 -0.237274 0.156434 0.000000 0.987688 0.898802 0.123121
0.830979 0.942512 -0.237274 0.156434 0.000000 0.987688 0.906599 0.140760
0.830979 0.942512 0.237274 0.000000 1.000000 -0.000000 0.906599 0.140760
0.733217 1.243393 0.237274 0.000000 1.000000 -0.000000 0.905682 0.181085
0.000001 1.127263 0.237274 0.000000 1.000000 -0.000000 0.898802 0.165521
0.000001 1.127263 0.237274 0.000000 1.000000 -0.000000 0.898802 0.165521
0.000001 0.810898 0.237274 0.000000 1.000000 -0.000000 0.898802 0.123121
0.830979 0.942512 0.237274 0.000000 1.000000 -0.000000 0.906599 0.140760
0.733217 1.243393 0.237274 -0.156434 -0.000000 -0.987688 0.905682 0.181085
0.733217 1.243393 -0.237274 -0.156434 -0.000000 -0.987688 0.905682 0.181085
0.000001 1.127263 -0.237274 -0.156434 -0.000000 -0.987688 0.898802 0.165521
0.000001 1.127263 -0.237274 -0.156434 -0.000000 -0.987688 0.898802 0.165521
0.000001 1.127263 0.237274 -0.156434 -0.000000 -0.987688 0.898802 0.165521
0.733217 1.243393 0.237274 -0.156434 -0.000000 -0.987688 0.905682 0.181085
0.733217 1.243393 -0.237274 0.000000 -1.000000 0.000000 0.905682 0.181085
0.830979 0.942512 -0.237274 0.000000 -1.000000 0.000000 0.906599 0.140760
0.000001 0.810898 -0.237274 0.000000 -1.000000 0.000000 0.898802 0.123121
0.000001 0.810898 -0.237274 0.000000 -1.000000 0.000000 0.898802 0.123121
0.000001 1.127263 -0.237274 0.000000 -1.000000 0.000000 0.898802 0.165521
0.733217 1.243393 -0.237274 0.000000 -1.000000 0.000000 0.905682 0.181085
0.000001 0.810898 -0.237274 -0.156434 0.000000 0.987688 0.898802 0.123121
0.000001 0.810898 0.237274 -0.156434 0.000000 0.987688 0.898802 0.123121
-0.830978 0.942512 0.237274 -0.156434 0.000000 0.987688 0.891004 0.140760
-0.830978 0.942512 0.237274 -0.156434 0.000000 0.987688 0.891004 0.140760
-0.830978 0.942512 -0.237274 -0.156434 0.000000 0.987688 0.891004 0.140760
0.000001 0.810898 -0.237274 -0.156434 0.000000 0.987688 0.898802 0.123121
0.000001 0.810898 0.237274 0.000000 1.000000 -0.000000 0.898802 0.123121
0.000001 1.127263 0.237274 0.000000 1.000000 -0.000000 0.898802 0.165521
-0.733216 1.243393 0.237274 0.000000 1.000000 -0.000000 0.891922 0.181085
-0.733216 1.243393 0.237274 0.000000 1.000000 -0.000000 0.891922 0.181085
-0.830978 0.942512 0.237274 0.000000 1.000000 -0.000000 0.891004 0.140760
0.000001 0.810898 0.237274 0.000000 1.000000 -0.000000 0.898802 0.123121
0.000001 1.127263 0.237274 0.156435 -0.000000 -0.987688 0.898802 0.165521
0.000001 1.127263 -0.237274 0.156435 -0.000000 -0.987688 0.898802 0.165521
-0.733216 1.243393 -0.237274 0.156435 -0.000000 -0.987688 0.891922 0.181085
-0.733216 1.243393 -0.237274 0.156435 -0.000000 -0.987688 0.891922 0.181085
-0.733216 1.243393 0.237274 0.156435 -0.000000 -0.987688 0.891922 0.181085
0.000001 1.127263 0.237274 0.156435 -0.000000 -0.987688 0.898802 0.165521
0.000001 1.127263 -0.237274 0.000000 -1.000000 0.000000 0.898802 0.165521
0.000001 0.810898 -0.237274 0.000000 -1.000000 0.000000 0.898802 0.123121
-0.830978 0.942512 -0.237274 0.000000 -1.000000 0.000000 0.891004 0.140760
-0.830978 0.942512 -0.237274 0.000000 -1.000000 0.000000 0.891004 0.140760
-0.733216 1.243393 -0.237274 0.000000 -1.000000 0.000000 0.891922 0.181085
0.000001 1.127263 -0.237274 0.000000 -1.000000 0.000000 0.898802 0.165521
-0.830978 0.942512 -0.237274 -0.453991 0.000000 0.891007 0.891004 0.140760
-0.830978 0.942512 0.237274 -0.453991 0.000000 0.891007 0.891004 0.140760
-1.580614 1.324471 0.237274 -0.453991 0.000000 0.891007 0.883970 0.191951
-1.580614 1.324471 0.237274 -0.453991 0.000000 0.891007 0.883970 0.191951
-1.580614 1.324471 -0.237274 -0.453991 0.000000 0.891007 0.883970 0.191951
-0.830978 0.942512 -0.237274 -0.453991 0.000000 0.891007 0.891004 0.140760
-0.830978 0.942512 0.237274 0.000000 1.000000 -0.000000 0.891004 0.140760
-0.733216 1.243393 0.237274 0.000000 1.000000 -0.000000 0.891922 0.181085
-1.394659 1.580415 0.237274 0.000000 1.000000 -0.000000 0.885715 0.226253
-1.394659 1.580415 0.237274 0.000000 1.000000 -0.000000 0.885715 0.226253
-1.580614 1.324471 0.237274 0.000000 1.000000 -0.000000 0.883970 0.191951
-0.830978 0.942512 0.237274 0.000000 1.000000 -0.000000 0.891004 0.140760
-0.733216 1.243393 0.237274 0.453990 -0.000000 -0.891007 0.891922 0.181085
-0.733216 1.243393 -0.237274 0.453990 -0.000000 -0.891007 0.891922 0.181085
-1.394659 1.580415 -0.237274 0.453990 -0.000000 -0.891007 0.885715 0.226253
-1.394659 1.580415 -0.237274 0.453990 -0.000000 -0.891007 0.885715 0.226253
-1.394659 1.580415 0.237274 0.453990 -0.000000 -0.891007 0.885715 0.226253
-0.733216 1.243393 0.237274 0.453990 -0.000000 -0.891007 0.891922 0.181085
-0.733216 1.243393 -0.237274 0.000000 -1.000000 0.000000 0.891922 0.181085
-0.830978 0.942512 -0.237274 0.000000 -1.000000 0.000000 0.891004 0.140760
-1.580614 1.324471 -0.237274 0.000000 -1.000000 0.000000 0.883970 0.191951
-1.580614 1.324471 -0.237274 0.000000 -1.000000 0.000000 0.883970 0.191951
-1.394659 1.580415 -0.237274 0.000000 -1.000000 0.000000 0.885715 0.226253
-0.733216 1.243393 -0.237274 0.000000 -1.000000 0.000000 0.891922 0.181085
-1.580614 1.324471 -0.237274 -0.707107 0.000000 0.707107 0.883970 0.191951
-1.580614 1.324471 0.237274 -0.707107 0.000000 0.707107 0.883970 0.191951
-2.175529 1.919386 0.237274 -0.707107 0.000000 0.707107 0.878388 0.271683
-2.175529 1.919386 0.237274 -0.707107 0.000000 0.707107 0.878388 0.271683
-2.175529 1.919386 -0.237274 -0.707107 0.000000 0.707107 0.878388 0.271683
-1.580614 1.324471 -0.237274 -0.707107 0.000000 0.707107 0.883970 0.191951
-1.580614 1.324471 0.237274 0.000000 1.000000 -0.000000 0.883970 0.191951
-1.394659 1.580415 0.237274 0.000000 1.000000 -0.000000 0.885715 0.226253
-1.919584 2.105340 0.237274 0.000000 1.000000 -0.000000 0.880789 0.296605
-1.919584 2.105340 0.237274 0.000000 1.000000 -0.000000 0.880789 0.296605
-2.175529 1.919386 0.237274 0.000000 1.000000 -0.000000 0.878388 0.271683
-1.580614 1.324471 0.237274 0.000000 1.000000 -0.000000 0.883970 0.191951
-1.394659 1.580415 0.237274 0.707107 -0.000000 -0.707107 0.885715 0.226253
-1.394659 1.580415 -0.237274 0.707107 -0.000000 -0.707107 0.885715 0.226253
-1.919584 2.105340 -0.237274 0.707107 -0.000000 -0.707107 0.880789 0.296605
-1.919584 2.105340 -0.237274 0.707107 -0.000000 -0.707107 0.880789 0.296605
-1.919584 2.105340 0.237274 0.707107 -0.000000 -0.707107 0.880789 0.296605
-1.394659 1.580415 0.237274 0.707107 -0.000000 -0.707107 0.885715 0.226253
-1.394659 1.580415 -0.237274 0.000000 -1.000000 0.000000 0.885715 0.226253
-1.580614 1.324471 -0.237274 0.000000 -1.000000 0.000000 0.883970 0.191951
-2.175529 1.919386 -0.237274 0.000000 -1.000000 0.000000 0.878388 0.271683
-2.175529 1.919386 -0.237274 0.000000 -1.000000 0.000000 0.878388 0.271683
-1.919584 2.105340 -0.237274 0.000000 -1.000000 0.000000 0.880789 0.296605
-1.394659 1.580415 -0.237274 0.000000 -1.000000 0.000000 0.885715 0.226253
-2.175529 1.919386 -0.237274 -0.891007 0.000000 0.453990 0.878388 0.271683
-2.175529 1.919386 0.237274 -0.891007 0.000000 0.453990 0.878388 0.271683
-2.557488 2.669023 0.237274 -0.891007 0.000000 0.453990 0.874803 0.372151
-2.557488 2.669023 0.237274 -0.891007 0.000000 0.453990 0.874803 0.372151
-2.557488 2.669023 -0.237274 -0.891007 0.000000 0.453990 0.874803 0.372151
-2.175529 1.919386 -0.237274 -0.891007 0.000000 0.453990 0.878388 0.271683
-2.175529 1.919386 0.237274 0.000000 1.000000 -0.000000 0.878388 0.271683
-1.919584 2.105340 0.237274 0.000000 1.000000 -0.000000 0.880789 0.296605
-2.256607 2.766785 0.237274 0.000000 1.000000 -0.000000 0.877627 0.385253
-2.256607 2.766785 0.237274 0.000000 1.000000 -0.000000 0.877627 0.385253
-2.557488 2.669023 0.237274 0.000000 1.000000 -0.000000 0.874803 0.372151
-2.175529 1.919386 0.237274 0.000000 1.000000 -0.000000 0.878388 0.271683
-1.919584 2.105340 0.237274 0.891007 -0.000000 -0.453990 0.880789 0.296605
-1.919584 2.105340 -0.237274 0.891007 -0.000000 -0.453990 0.880789 0.296605
-2.256607 2.766785 -0.237274 0.891007 -0.000000 -0.453990 0.877627 0.385253
-2.256607 2.766785 -0.237274 0.891007 -0.000000 -0.453990 0.877627 0.385253
-2.256607 2.766785 0.237274 0.891007 -0.000000 -0.453990 0.877627 0.385253
-1.919584 2.105340 0.237274 0.891007 -0.000000 -0.453990 0.880789 0.296605
-1.919584 2.105340 -0.237274 0.000000 -1.000000 0.000000 0.880789 0.296605
-2.175529 1.919386 -0.237274 0.000000 -1.000000 0.000000 0.878388 0.271683
-2.557488 2.669023 -0.237274 0.000000 -1.000000 0.000000 0.874803 0.372151
-2.557488 2.669023 -0.237274 0.000000 -1.000000 0.000000 0.874803 0.372151
-2.256607 2.766785 -0.237274 0.000000 -1.000000 0.000000 0.877627 0.385253
-1.919584 2.105340 -0.237274 0.000000 -1.000000 0.000000 0.880789 0.296605
-2.557488 2.669023 -0.237274 -0.987688 0.000000 0.156434 0.874803 0.372151
-2.557488 2.669023 0.237274 -0.987688 0.000000 0.156434 0.874803 0.372151
-2.689101 3.500001 0.237274 -0.987688 0.000000 0.156434 0.873568 0.483521
-2.689101 3.500001 0.237274 -0.987688 0.000000 0.156434 0.873568 0.483521
-2.689101 3.500001 -0.237274 -0.987688 0.000000 0.156434 0.873568 0.483521
-2.557488 2.669023 -0.237274 -0.987688 0.000000 0.156434 0.874803 0.372151
-2.557488 2.669023 0.237274 0.000000 1.000000 -0.000000 0.874803 0.372151
-2.256607 2.766785 0.237274 0.000000 1.000000 -0.000000 0.877627 0.385253
-2.372736 3.500001 0.237274 0.000000 1.000000 -0.000000 0.876537 0.483521
-2.372736 3.500001 0.237274 0.000000 1.000000 -0.000000 0.876537 0.483521
-2.689101 3.500001 0.237274 0.000000 1.000000 -0.000000 0.873568 0.483521
-2.557488 2.669023 0.237274 0.000000 1.000000 -0.000000 0.874803 0.372151
-2.256607 2.766785 0.237274 0.987688 -0.000000 -0.156434 0.877627 0.385253
-2.256607 2.766785 -0.237274 0.987688 -0.000000 -0.156434 0.877627 0.385253
-2.372736 3.500001 -0.237274 0.987688 -0.000000 -0.156434 0.876537 0.483521
-2.372736 3.500001 -0.237274 0.987688 -0.000000 -0.156434 0.876537 0.483521
-2.372736 3.500001 0.237274 0.987688 -0.000000 -0.156434 0.876537 0.483521
-2.256607 2.766785 0.237274 0.987688 -0.000000 -0.156434 0.877627 0.385253
-2.256607 2.766785 -0.237274 0.000000 -1.000000 0.000000 0.877627 0.385253
-2.557488 2.669023 -0.237274 0.000000 -1.000000 0.000000 0.874803 0.372151
-2.689101 3.500001 -0.237274 0.000000 -1.000000 0.000000 0.873568 0.483521
-2.689101 3.500001 -0.237274 -0.000000 -1.000000 0.000000 0.873568 0.483521
-2.372736 3.500001 -0.237274 -0.000000 -1.000000 0.000000 0.876537 0.483521
-2.256607 2.766785 -0.237274 -0.000000 -1.000000 0.000000 0.877627 0.385253
-2.689101 3.500001 -0.237274 -0.987688 -0.000000 -0.156435 0.873568 0.483521
-2.689101 3.500001 0.237274 -0.987688 -0.000000 -0.156435 0.873568 0.483521
-2.557487 4.330980 0.237274 -0.987688 -0.000000 -0.156435 0.874803 0.594890
-2.557487 4.330980 0.237274 -0.987688 -0.000000 -0.156435 0.874803 0.594890
-2.557487 4.330980 -0.237274 -0.987688 -0.000000 -0.156435 0.874803 0.594890
-2.689101 3.500001 -0.237274 -0.987688 -0.000000 -0.156435 0.873568 0.483521
-2.689101 3.500001 0.237274 0.000000 1.000000 -0.000000 0.873568 0.483521
-2.372736 3.500001 0.237274 0.000000 1.000000 -0.000000 0.876537 0.483521
-2.256606 4.233217 0.237274 0.000000 1.000000 -0.000000 0.877627 0.581788
-2.256606 4.233217 0.237274 0.000000 1.000000 -0.000000 0.877627 0.581788
-2.557487 4.330980 0.237274 0.000000 1.000000 -0.000000 0.874803 0.594890
-2.689101 3.500001 0.237274 0.000000 1.000000 -0.000000 0.873568 0.483521
-2.372736 3.500001 0.237274 0.987688 0.000000 0.156435 0.876537 0.483521
-2.372736 3.500001 -0.237274 0.987688 0.000000 0.156435 0.876537 0.483521
-2.256606 4.233217 -0.237274 0.987688 0.000000 0.156435 0.877627 0.581788
-2.256606 4.233217 -0.237274 0.987688 0.000000 0.156435 0.877627 0.581788
-2.256606 4.233217 0.237274 0.987688 0.000000 0.156435 0.877627 0.581788
-2.372736 3.500001 0.237274 0.987688 0.000000 0.156435 0.876537 0.483521
-2.372736 3.500001 -0.237274 0.000000 -1.000000 0.000000 0.876537 0.483521
-2.689101 3.500001 -0.237274 0.000000 -1.000000 0.000000 0.873568 0.483521
-2.557487 4.330980 -0.237274 0.000000 -1.000000 0.000000 0.874803 0.594890
-2.557487 4.330980 -0.237274 0.000000 -1.000000 0.000000 0.874803 0.594890
-2.256606 4.233217 -0.237274 0.000000 -1.000000 0.000000 0.877627 0.581788
-2.372736 3.500001 -0.237274 0.000000 -1.000000 0.000000 0.876537 0.483521
-2.557487 4.330980 -0.237274 -0.891006 -0.000000 -0.453991 0.874803 0.594890
-2.557487 4.330980 0.237274 -0.891006 -0.000000 -0.453991 0.874803 0.594890
-2.175528 5.080616 0.237274 -0.891006 -0.000000 -0.453991 0.878388 0.695358
-2.175528 5.080616 0.237274 -0.891006 -0.000000 -0.453991 0.878388 0.695358
-2.175528 5.080616 -0.237274 -0.891006 -0.000000 -0.453991 0.878388 0.695358
-2.557487 4.330980 -0.237274 -0.891006 -0.000000 -0.453991 0.874803 0.594890
-2.557487 4.330980 0.237274 0.000000 1.000000 -0.000000 0.874803 0.594890
-2.256606 4.233217 0.237274 0.000000 1.000000 -0.000000 0.877627 0.581788
-1.919583 4.894661 0.237274 0.000000 1.000000 -0.000000 0.880789 0.670436
-1.919583 4.894661 0.237274 0.000000 1.000000 -0.000000 0.880789 0.670436
-2.175528 5.080616 0.237274 0.000000 1.000000 -0.000000 0.878388 0.695358
-2.557487 4.330980 0.237274 0.000000 1.000000 -0.000000 0.874803 0.594890
-2.256606 4.233217 0.237274 0.891006 0.000000 0.453991 0.877627 0.581788
-2.256606 4.233217 -0.237274 0.891006 0.000000 0.453991 0.877627 0.581788
-1.919583 4.894661 -0.237274 0.891006 0.000000 0.453991 0.880789 0.670436
-1.919583 4.894661 -0.237274 0.891006 0.000000 0.453991 0.880789 0.670436
-1.919583 4.894661 0.237274 0.891006 0.000000 0.453991 0.880789 0.670436
-2.256606 4.233217 0.237274 0.891006 0.000000 0.453991 0.877627 0.581788
-2.256606 4.233217 -0.237274 0.000000 -1.000000 0.000000 0.877627 0.581788
-2.557487 4.330980 -0.237274 0.000000 -1.000000 0.000000 0.874803 0.594890
-2.175528 5.080616 -0.237274 0.000000 -1.000000 0.000000 0.878388 0.695358
-2.175528 5.080616 -0.237274 0.000000 -1.000000 0.000000 0.878388 0.695358
-1.919583 4.894661 -0.237274 0.000000 -1.000000 0.000000 0.880789 0.670436
-2.256606 4.233217 -0.237274 0.000000 -1.000000 0.000000 0.877627 0.581788
-2.175528 5.080616 -0.237274 -0.707106 -0.000000 -0.707107 0.878388 0.695358
-2.175528 5.080616 0.237274 -0.707106 -0.000000 -0.707107 0.878388 0.695358
-1.580613 5.675530 0.237274 -0.707106 -0.000000 -0.707107 0.883970 0.775090
-1.580613 5.675530 0.237274 -0.707106 -0.000000 -0.707107 0.883970 0.775090
-1.580613 5.675530 -0.237274 -0.707106 -0.000000 -0.707107 0.883970 0.775090
-2.175528 5.080616 -0.237274 -0.707106 -0.000000 -0.707107 0.878388 0.695358
-2.175528 5.080616 0.237274 0.000000 1.000000 -0.000000 0.878388 0.695358
-1.919583 4.894661 0.237274 0.000000 1.000000 -0.000000 0.880789 0.670436
-1.394658 5.419586 0.237274 0.000000 1.000000 -0.000000 0.885715 0.740788
-1.394658 5.419586 0.237274 0.000000 1.000000 -0.000000 0.885715 0.740788
-1.580613 5.675530 0.237274 0.000000 1.000000 -0.000000 0.883970 0.775090
-2.175528 5.080616 0.237274 0.000000 1.000000 -0.000000 0.878388 0.695358
-1.919583 4.894661 0.237274 0.707106 0.000000 0.707107 0.880789 0.670436
-1.919583 4.894661 -0.237274 0.707106 0.000000 0.707107 0.880789 0.670436
-1.394658 5.419586 -0.237274 0.707106 0.000000 0.707107 0.885715 0.740788
-1.394658 5.419586 -0.237274 0.707106 0.000000 0.707107 0.885715 0.740788
-1.394658 5.419586 0.237274 0.707106 0.000000 0.707107 0.885715 0.740788
-1.919583 4.894661 0.237274 0.707106 0.000000 0.707107 0.880789 0.670436
-1.919583 4.894661 -0.237274 0.000000 -1.000000 0.000000 0.880789 0.670436
-2.175528 5.080616 -0.237274 0.000000 -1.000000 0.000000 0.878388 0.695358
-1.580613 5.675530 -0.237274 0.000000 -1.000000 0.000000 0.883970 0.775090
-1.580613 5.675530 -0.237274 0.000000 -1.000000 0.000000 0.883970 0.775090
-1.394658 5.419586 -0.237274 0.000000 -1.000000 0.000000 0.885715 0.740788
-1.919583 4.894661 -0.237274 0.000000 -1.000000 0.000000 0.880789 0.670436
-1.580613 5.675530 -0.237274 -0.453990 -0.000000 -0.891007 0.883970 0.775090
-1.580613 5.675530 0.237274 -0.453990 -0.000000 -0.891007 0.883970 0.775090
-0.830976 6.057489 0.237274 -0.453990 -0.000000 -0.891007 0.891004 0.826281
-0.830976 6.057489 0.237274 -0.453990 -0.000000 -0.891007 0.891004 0.826281
-0.830976 6.057489 -0.237274 -0.453990 -0.000000 -0.891007 0.891004 0.826281
-1.580613 5.675530 -0.237274 -0.453990 -0.000000 -0.891007 0.883970 0.775090
-1.580613 5.675530 0.237274 0.000000 1.000000 -0.000000 0.883970 0.775090
-1.394658 5.419586 0.237274 0.000000 1.000000 -0.000000 0.885715 0.740788
-0.733214 5.756608 0.237274 0.000000 1.000000 -0.000000 0.891922 0.785957
-0.733214 5.756608 0.237274 0.000000 1.000000 -0.000000 0.891922 0.785957
-0.830976 6.057489 0.237274 0.000000 1.000000 -0.000000 0.891004 0.826281
-1.580613 5.675530 0.237274 0.000000 1.000000 -0.000000 0.883970 0.775090
-1.394658 5.419586 0.237274 0.453990 0.000000 0.891007 0.885715 0.740788
-1.394658 5.419586 -0.237274 0.453990 0.000000 0.891007 0.885715 0.740788
-0.733214 5.756608 -0.237274 0.453990 0.000000 0.891007 0.891922 0.785957
-0.733214 5.756608 -0.237274 0.453990 0.000000 0.891007 0.891922 0.785957
-0.733214 5.756608 0.237274 0.453990 0.000000 0.891007 0.891922 0.785957
-1.394658 5.419586 0.237274 0.453990 0.000000 0.891007 0.885715 0.740788
-1.394658 5.419586 -0.237274 0.000000 -1.000000 0.000000 0.885715 0.740788
-1.580613 5.675530 -0.237274 0.000000 -1.000000 0.000000 0.883970 0.775090
-0.830976 6.057489 -0.237274 0.000000 -1.000000 0.000000 0.891004 0.826281
-0.830976 6.057489 -0.237274 0.000000 -1.000000 0.000000 0.891004 0.826281
-0.733214 5.756608 -0.237274 0.000000 -1.000000 0.000000 0.891922 0.785957
-1.394658 5.419586 -0.237274 0.000000 -1.000000 0.000000 0.885715 0.740788
-0.830976 6.057489 -0.237274 -0.156434 -0.000000 -0.987688 0.891004 0.826281
-0.830976 6.057489 0.237274 -0.156434 -0.000000 -0.987688 0.891004 0.826281
0.000001 6.189102 0.237274 -0.156434 -0.000000 -0.987688 0.898802 0.843920
0.000001 6.189102 0.237274 -0.156434 -0.000000 -0.987688 0.898802 0.843920
0.000001 6.189102 -0.237274 -0.156434 -0.000000 -0.987688 0.898802 0.843920
-0.830976 6.057489 -0.237274 -0.156434 -0.000000 -0.987688 0.891004 0.826281
-0.830976 6.057489 0.237274 0.000000 1.000000 -0.000000 0.891004 0.826281
-0.733214 5.756608 0.237274 0.000000 1.000000 -0.000000 0.891922 0.785957
0.000001 5.872737 0.237274 0.000000 1.000000 -0.000000 0.898802 0.801521
0.000001 5.872737 0.237274 0.000000 1.000000 -0.000000 0.898802 0.801521
0.000001 6.189102 0.237274 0.000000 1.000000 -0.000000 0.898802 0.843920
-0.830976 6.057489 0.237274 0.000000 1.000000 -0.000000 0.891004 0.826281
-0.733214 5.756608 0.237274 0.156434 0.000000 0.987688 0.891922 0.785957
-0.733214 5.756608 -0.237274 0.156434 0.000000 0.987688 0.891922 0.785957
0.000001 5.872737 -0.237274 0.156434 0.000000 0.987688 0.898802 0.801521
0.000001 5.872737 -0.237274 0.156434 0.000000 0.987688 0.898802 0.801521
0.000001 5.872737 0.237274 0.156434 0.000000 0.987688 0.898802 0.801521
-0.733214 5.756608 0.237274 0.156434 0.000000 0.987688 0.891922 0.785957
-0.733214 5.756608 -0.237274 0.000000 -1.000000 0.000000 0.891922 0.785957
-0.830976 6.057489 -0.237274 0.000000 -1.000000 0.000000 0.891004 0.826281
0.000001 6.189102 -0.237274 0.000000 -1.000000 0.000000 0.898802 0.843920
0.000001 6.189102 -0.237274 0.000000 -1.000000 0.000000 0.898802 0.843920
0.000001 5.872737 -0.237274 0.000000 -1.000000 0.000000 0.898802 0.801521
-0.733214 5.756608 -0.237274 0.000000 -1.000000 0.000000 0.891922 0.785957
-0.148659 3.291523 -0.237274 0.361923 -0.316228 0.876933 0.897407 0.455580
-0.069568 3.238603 -0.000000 0.361923 -0.316228 0.876933 0.898149 0.448487
-1.810778 2.519981 -0.000000 0.361923 -0.316228 0.876933 0.881810 0.352176
-1.810778 2.519981 -0.000000 0.361923 -0.316228 0.876933 0.881810 0.352176
-1.731686 2.638186 -0.237274 0.361923 -0.316228 0.876933 0.882552 0.368018
-0.148659 3.291523 -0.237274 0.361923 -0.316228 0.876933 0.897407 0.455580
-0.148659 3.708813 -0.237274 0.948683 -0.316228 0.000000 0.897407 0.511506
-0.069568 3.761743 -0.000000 0.948683 -0.316228 0.000000 0.898149 0.518600
-0.069568 3.238603 -0.000000 0.948683 -0.316228 0.000000 0.898149 0.448487
-0.069568 3.238603 -0.000000 0.948683 -0.316228 0.000000 0.898149 0.448487
-0.148659 3.291523 -0.237274 0.948683 -0.316228 0.000000 0.897407 0.455580
-0.148659 3.708813 -0.237274 0.948683 -0.316228 0.000000 0.897407 0.511506
-1.731686 4.361836 -0.237274 0.361774 -0.316228 -0.876995 0.882552 0.599026
-1.810778 4.480020 -0.000000 0.361774 -0.316228 -0.876994 0.881810 0.614865
-0.069568 3.761743 -0.000000 0.361774 -0.316228 -0.876995 0.898149 0.518600
-0.069568 3.761743 -0.000000 0.361774 -0.316228 -0.876995 0.898149 0.518600
-0.148659 3.708813 -0.237274 0.361774 -0.316228 -0.876995 0.897407 0.511506
-1.731686 4.361836 -0.237274 0.361774 -0.316228 -0.876995 0.882552 0.599026
-1.731686 3.868145 -0.237274 -0.948683 -0.316227 0.000000 0.882552 0.532860
-1.810778 3.813725 -0.000000 -0.948683 -0.316227 0.000000 0.881810 0.525567
-1.810778 4.480020 -0.000000 -0.948683 -0.316227 0.000000 0.881810 0.614865
-1.810778 4.480020 -0.000000 -0.948683 -0.316227 0.000000 0.881810 0.614865
-1.731686 4.361836 -0.237274 -0.948683 -0.316227 0.000000 0.882552 0.599026
-1.731686 3.868145 -0.237274 -0.948683 -0.316227 0.000000 0.882552 0.532860
-0.769603 3.500011 -0.237274 -0.339034 -0.316228 0.886034 0.891580 0.483522
-0.990211 3.499741 -0.000000 -0.339034 -0.316228 0.886034 0.889510 0.483486
-1.810778 3.813725 -0.000000 -0.339034 -0.316227 0.886034 0.881810 0.525567
-1.810778 3.813725 -0.000000 -0.339034 -0.316227 0.886034 0.881810 0.525567
-1.731686 3.868145 -0.237274 -0.339034 -0.316227 0.886034 0.882552 0.532860
-0.769603 3.500011 -0.237274 -0.339034 -0.316228 0.886034 0.891580 0.483522
-1.731686 3.129178 -0.237274 -0.341200 -0.316228 -0.885202 0.882552 0.433822
-1.810778 3.183455 -0.000000 -0.341200 -0.316228 -0.885202 0.881810 0.441096
-0.990211 3.499741 -0.000000 -0.341200 -0.316228 -0.885202 0.889510 0.483486
-0.990211 3.499741 -0.000000 -0.341200 -0.316228 -0.885202 0.889510 0.483486
-0.769603 3.500011 -0.237274 -0.341200 -0.316228 -0.885202 0.891580 0.483522
-1.731686 3.129178 -0.237274 -0.341200 -0.316228 -0.885202 0.882552 0.433822
-1.731686 2.638186 -0.237274 -0.948683 -0.316227 0.000000 0.882552 0.368018
-1.810778 2.519981 -0.000000 -0.948683 -0.316227 0.000000 0.881810 0.352176
-1.810778 3.183455 -0.000000 -0.948683 -0.316227 0.000000 0.881810 0.441096
-1.810778 3.183455 -0.000000 -0.948683 -0.316227 0.000000 0.881810 0.441096
-1.731686 3.129178 -0.237274 -0.948683 -0.316228 0.000000 0.882552 0.433822
-1.731686 2.638186 -0.237274 -0.948683 -0.316227 0.000000 0.882552 0.368018
1.731687 3.291523 -0.237274 0.361923 -0.316228 0.876933 0.915051 0.455580
1.810779 3.238603 -0.000000 0.361923 -0.316228 0.876933 0.915793 0.448487
0.069569 2.519981 -0.000000 0.361923 -0.316228 0.876933 0.899454 0.352176
0.069569 2.519981 -0.000000 0.361923 -0.316228 0.876933 0.899454 0.352176
0.148660 2.638186 -0.237274 0.361923 -0.316228 0.876933 0.900197 0.368018
1.731687 3.291523 -0.237274 0.361923 -0.316228 0.876933 0.915051 0.455580
1.731687 3.708813 -0.237274 0.948683 -0.316228 0.000000 0.915051 0.511506
1.810779 3.761743 -0.000000 0.948683 -0.316228 0.000000 0.915793 0.518600
1.810779 3.238603 -0.000000 0.948683 -0.316228 0.000000 0.915793 0.448487
1.810779 3.238603 -0.000000 0.948683 -0.316228 0.000000 0.915793 0.448487
1.731687 3.291523 -0.237274 0.948683 -0.316228 0.000000 0.915051 0.455580
1.731687 3.708813 -0.237274 0.948683 -0.316228 0.000000 0.915051 0.511506
0.148660 4.361836 -0.237274 0.361774 -0.316228 -0.876995 0.900197 0.599026
0.069569 4.480020 -0.000000 0.361774 -0.316228 -0.876995 0.899454 0.614865
1.810779 3.761743 -0.000000 0.361774 -0.316228 -0.876995 0.915793 0.518600
1.810779 3.761743 -0.000000 0.361774 -0.316228 -0.876995 0.915793 0.518600
1.731687 3.708813 -0.237274 0.361774 -0.316228 -0.876995 0.915051 0.511506
0.148660 4.361836 -0.237274 0.361774 -0.316228 -0.876995 0.900197 0.599026
0.148660 3.868145 -0.237274 -0.948683 -0.316228 -0.000000 0.900197 0.532860
0.069569 3.813725 -0.000000 -0.948683 -0.316228 -0.000000 0.899454 0.525567
0.069569 4.480020 -0.000000 -0.948683 -0.316228 0.000000 0.899454 0.614865
0.069569 4.480020 -0.000000 -0.948683 -0.316228 0.000000 0.899454 0.614865
0.148660 4.361836 -0.237274 -0.948683 -0.316228 0.000000 0.900197 0.599026
0.148660 3.868145 -0.237274 -0.948683 -0.316228 -0.000000 0.900197 0.532860
1.110744 3.500011 -0.237274 -0.339034 -0.316228 0.886034 0.909224 0.483522
0.890136 3.499741 -0.000000 -0.339034 -0.316228 0.886034 0.907154 0.483486
0.069569 3.813725 -0.000000 -0.339034 -0.316228 0.886034 0.899454 0.525567
0.069569 3.813725 -0.000000 -0.339034 -0.316228 0.886034 0.899454 0.525567
0.148660 3.868145 -0.237274 -0.339034 -0.316228 0.886034 0.900197 0.532860
1.110744 3.500011 -0.237274 -0.339034 -0.316228 0.886034 0.909224 0.483522
0.148660 3.129178 -0.237274 -0.341200 -0.316228 -0.885202 0.900197 0.433822
0.069569 3.183455 -0.000000 -0.341200 -0.316228 -0.885202 0.899454 0.441096
0.890136 3.499741 -0.000000 -0.341200 -0.316228 -0.885202 0.907154 0.483486
0.890136 3.499741 -0.000000 -0.341200 -0.316228 -0.885202 0.907154 0.483486
1.110744 3.500011 -0.237274 -0.341200 -0.316228 -0.885202 0.909224 0.483522
0.148660 3.129178 -0.237274 -0.341200 -0.316228 -0.885202 0.900197 0.433822
0.148660 2.638186 -0.237274 -0.948683 -0.316228 0.000000 0.900197 0.368018
0.069569 2.519981 -0.000000 -0.948683 -0.316228 0.000000 0.899454 0.352176
0.069569 3.183455 -0.000000 -0.948683 -0.316228 0.000000 0.899454 0.441096
0.069569 3.183455 -0.000000 -0.948683 -0.316228 0.000000 0.899454 0.441096
0.148660 3.129178 -0.237274 -0.948683 -0.316228 0.000000 0.900197 0.433822
0.148660 2.638186 -0.237274 -0.948683 -0.316228 0.000000 0.900197 0.368018
-0.069568 3.238603 -0.000000 0.361923 0.316228 0.876933 0.898149 0.448487
-0.148659 3.291523 0.237274 0.361923 0.316228 0.876933 0.897407 0.455580
-1.731686 2.638186 0.237274 0.361923 0.316228 0.876933 0.882552 0.368018
-1.731686 2.638186 0.237274 0.361923 0.316228 0.876933 0.882552 0.368018
-1.810778 2.519981 -0.000000 0.361923 0.316228 0.876933 0.881810 0.352176
-0.069568 3.238603 -0.000000 0.361923 0.316228 0.876933 0.898149 0.448487
-0.069568 3.761743 -0.000000 0.948683 0.316228 -0.000000 0.898149 0.518600
-0.148659 3.708813 0.237274 0.948683 0.316228 -0.000000 0.897407 0.511506
-0.148659 3.291523 0.237274 0.948683 0.316228 -0.000000 0.897407 0.455580
-0.148659 3.291523 0.237274 0.948683 0.316228 -0.000000 0.897407 0.455580
-0.069568 3.238603 -0.000000 0.948683 0.316228 -0.000000 0.898149 0.448487
-0.069568 3.761743 -0.000000 0.948683 0.316228 -0.000000 0.898149 0.518600
-1.810778 4.480020 -0.000000 0.361774 0.316228 -0.876995 0.881810 0.614865
-1.731686 4.361836 0.237274 0.361774 0.316228 -0.876994 0.882552 0.599026
-0.148659 3.708813 0.237274 0.361774 0.316228 -0.876995 0.897407 0.511506
-0.148659 3.708813 0.237274 0.361774 0.316228 -0.876995 0.897407 0.511506
-0.069568 3.761743 -0.000000 0.361774 0.316228 -0.876995 0.898149 0.518600
-1.810778 4.480020 -0.000000 0.361774 0.316228 -0.876995 0.881810 0.614865
-1.810778 3.813725 -0.000000 -0.948683 0.316228 -0.000000 0.881810 0.525567
-1.731686 3.868145 0.237274 -0.948683 0.316227 -0.000000 0.882552 0.532860
-1.731686 4.361836 0.237274 -0.948683 0.316227 -0.000000 0.882552 0.599026
-1.731686 4.361836 0.237274 -0.948683 0.316227 -0.000000 0.882552 0.599026
-1.810778 4.480020 -0.000000 -0.948683 0.316227 -0.000000 0.881810 0.614865
-1.810778 3.813725 -0.000000 -0.948683 0.316228 -0.000000 0.881810 0.525567
-0.990211 3.499741 -0.000000 -0.339034 0.316228 0.886034 0.889510 0.483486
-0.769603 3.500011 0.237274 -0.339034 0.316228 0.886034 0.891580 0.483522
-1.731686 3.868145 0.237274 -0.339034 0.316228 0.886034 0.882552 0.532860
-1.731686 3.868145 0.237274 -0.339034 0.316228 0.886034 0.882552 0.532860
-1.810778 3.813725 -0.000000 -0.339034 0.316228 0.886034 0.881810 0.525567
-0.990211 3.499741 -0.000000 -0.339034 0.316228 0.886034 0.889510 0.483486
-1.810778 3.183455 -0.000000 -0.341200 0.316228 -0.885202 0.881810 0.441096
-1.731686 3.129178 0.237274 -0.341200 0.316228 -0.885202 0.882552 0.433822
-0.769603 3.500011 0.237274 -0.341200 0.316228 -0.885202 0.891580 0.483522
-0.769603 3.500011 0.237274 -0.341200 0.316228 -0.885202 0.891580 0.483522
-0.990211 3.499741 -0.000000 -0.341200 0.316228 -0.885202 0.889510 0.483486
-1.810778 3.183455 -0.000000 -0.341200 0.316228 -0.885202 0.881810 0.441096
-1.810778 2.519981 -0.000000 -0.948683 0.316228 -0.000000 0.881810 0.352176
-1.731686 2.638186 0.237274 -0.948683 0.316228 -0.000000 0.882552 0.368018
-1.731686 3.129178 0.237274 -0.948683 0.316227 -0.000000 0.882552 0.433822
-1.731686 3.129178 0.237274 -0.948683 0.316227 -0.000000 0.882552 0.433822
-1.810778 3.183455 -0.000000 -0.948683 0.316227 -0.000000 0.881810 0.441096
-1.810778 2.519981 -0.000000 -0.948683 0.316228 -0.000000 0.881810 0.352176
1.810779 3.238603 -0.000000 0.361923 0.316228 0.876933 0.915793 0.448487
1.731687 3.291523 0.237274 0.361923 0.316228 0.876933 0.915051 0.455580
0.148660 2.638186 0.237274 0.361923 0.316228 0.876933 0.900197 0.368018
0.148660 2.638186 0.237274 0.361923 0.316228 0.876933 0.900197 0.368018
0.069569 2.519981 -0.000000 0.361923 0.316228 0.876933 0.899454 0.352176
1.810779 3.238603 -0.000000 0.361923 0.316228 0.876933 0.915793 0.448487
1.810779 3.761743 -0.000000 0.948683 0.316228 -0.000000 0.915793 0.518600
1.731687 3.708813 0.237274 0.948683 0.316228 -0.000000 0.915051 0.511506
1.731687 3.291523 0.237274 0.948683 0.316228 -0.000000 0.915051 0.455580
1.731687 3.291523 0.237274 0.948683 0.316228 -0.000000 0.915051 0.455580
1.810779 3.238603 -0.000000 0.948683 0.316228 -0.000000 0.915793 0.448487
1.810779 3.761743 -0.000000 0.948683 0.316228 -0.000000 0.915793 0.518600
0.069569 4.480020 -0.000000 0.361774 0.316228 -0.876995 0.899454 0.614865
0.148660 4.361836 0.237274 0.361774 0.316228 -0.876995 0.900197 0.599026
1.731687 3.708813 0.237274 0.361774 0.316228 -0.876995 0.915051 0.511506
1.731687 3.708813 0.237274 0.361774 0.316228 -0.876995 0.915051 0.511506
1.810779 3.761743 -0.000000 0.361774 0.316228 -0.876995 0.915793 0.518600
0.069569 4.480020 -0.000000 0.361774 0.316228 -0.876995 0.899454 0.614865
0.069569 3.813725 -0.000000 -0.948683 0.316228 -0.000000 0.899454 0.525567
0.148660 3.868145 0.237274 -0.948683 0.316228 -0.000000 0.900197 0.532860
0.148660 4.361836 0.237274 -0.948683 0.316228 -0.000000 0.900197 0.599026
0.148660 4.361836 0.237274 -0.948683 0.316228 -0.000000 0.900197 0.599026
0.069569 4.480020 -0.000000 -0.948683 0.316228 -0.000000 0.899454 0.614865
0.069569 3.813725 -0.000000 -0.948683 0.316228 -0.000000 0.899454 0.525567
0.890136 3.499741 -0.000000 -0.339034 0.316228 0.886034 0.907154 0.483486
1.110744 3.500011 0.237274 -0.339034 0.316228 0.886034 0.909224 0.483522
0.148660 3.868145 0.237274 -0.339034 0.316228 0.886034 0.900197 0.532860
0.148660 3.868145 0.237274 -0.339034 0.316228 0.886034 0.900197 0.532860
0.069569 3.813725 -0.000000 -0.339034 0.316228 0.886034 0.899454 0.525567
0.890136 3.499741 -0.000000 -0.339034 0.316228 0.886034 0.907154 0.483486
0.069569 3.183455 -0.000000 -0.341200 0.316228 -0.885202 0.899454 0.441096
0.148660 3.129178 0.237274 -0.341200 0.316228 -0.885202 0.900197 0.433822
1.110744 3.500011 0.237274 -0.341200 0.316228 -0.885202 0.909224 0.483522
1.110744 3.500011 0.237274 -0.341200 0.316228 -0.885202 0.909224 0.483522
0.890136 3.499741 -0.000000 -0.341200 0.316228 -0.885202 0.907154 0.483486
0.069569 3.183455 -0.000000 -0.341200 0.316228 -0.885202 0.899454 0.441096
0.069569 2.519981 -0.000000 -0.948683 0.316228 -0.000000 0.899454 0.352176
0.148660 2.638186 0.237274 -0.948683 0.316228 -0.000000 0.900197 0.368018
0.148660 3.129178 0.237274 -0.948683 0.316228 -0.000000 0.900197 0.433822
0.148660 3.129178 0.237274 -0.948683 0.316228 -0.000000 0.900197 0.433822
0.069569 3.183455 -0.000000 -0.948683 0.316228 -0.000000 0.899454 0.441096
0.069569 2.519981 -0.000000 -0.948683 0.316228 -0.000000 0.899454 0.352176
-0.148659 3.708813 0.237274 0.000000 1.000000 -0.000000 0.897407 0.511506
-1.731686 4.361836 0.237274 0.000000 1.000000 -0.000000 0.882552 0.599026
-1.731686 3.868145 0.237274 0.000000 1.000000 -0.000000 0.882552 0.532860
-0.148659 3.708813 0.237274 0.000000 1.000000 -0.000000 0.897407 0.511506
-1.731686 3.868145 0.237274 0.000000 1.000000 -0.000000 0.882552 0.532860
-0.769603 3.500011 0.237274 0.000000 1.000000 -0.000000 0.891580 0.483522
-1.731686 3.129178 0.237274 0.000000 1.000000 -0.000000 0.882552 0.433822
-1.731686 2.638186 0.237274 0.000000 1.000000 -0.000000 0.882552 0.368018
-0.148659 3.291523 0.237274 0.000000 1.000000 -0.000000 0.897407 0.455580
-0.769603 3.500011 0.237274 0.000000 1.000000 -0.000000 0.891580 0.483522
-1.731686 3.129178 0.237274 0.000000 1.000000 -0.000000 0.882552 0.433822
-0.148659 3.291523 0.237274 0.000000 1.000000 -0.000000 0.897407 0.455580
-0.148659 3.708813 0.237274 0.000000 1.000000 -0.000000 0.897407 0.511506
-0.769603 3.500011 0.237274 0.000000 1.000000 -0.000000 0.891580 0.483522
-0.148659 3.291523 0.237274 0.000000 1.000000 -0.000000 0.897407 0.455580
1.731687 3.708813 0.237274 0.000000 1.000000 -0.000000 0.915051 0.511506
0.148660 4.361836 0.237274 0.000000 1.000000 -0.000000 0.900197 0.599026
0.148660 3.868145 0.237274 0.000000 1.000000 -0.000000 0.900197 0.532860
1.731687 3.708813 0.237274 0.000000 1.000000 -0.000000 0.915051 0.511506
0.148660 3.868145 0.237274 0.000000 1.000000 -0.000000 0.900197 0.532860
1.110744 3.500011 0.237274 0.000000 1.000000 -0.000000 0.909224 0.483522
0.148660 3.129178 0.237274 0.000000 1.000000 -0.000000 0.900197 0.433822
0.148660 2.638186 0.237274 0.000000 1.000000 -0.000000 0.900197 0.368018
1.731687 3.291523 0.237274 0.000000 1.000000 -0.000000 0.915051 0.455580
1.110744 3.500011 0.237274 0.000000 1.000000 -0.000000 0.909224 0.483522
0.148660 3.129178 0.237274 0.000000 1.000000 -0.000000 0.900197 0.433822
1.731687 3.291523 0.237274 0.000000 1.000000 -0.000000 0.915051 0.455580
1.731687 3.708813 0.237274 0.000000 1.000000 -0.000000 0.915051 0.511506
1.110744 3.500011 0.237274 0.000000 1.000000 -0.000000 0.909224 0.483522
1.731687 3.291523 0.237274 0.000000 1.000000 -0.000000 0.915051 0.455580
-0.148659 3.291523 -0.237274 0.000000 -1.000000 0.000000 0.897407 0.455580
-1.731686 2.638186 -0.237274 0.000000 -1.000000 0.000000 0.882552 0.368018
-1.731686 3.129178 -0.237274 0.000000 -1.000000 0.000000 0.882552 0.433822
-0.148659 3.291523 -0.237274 0.000000 -1.000000 0.000000 0.897407 0.455580
-1.731686 3.129178 -0.237274 0.000000 -1.000000 0.000000 0.882552 0.433822
-0.769603 3.500011 -0.237274 0.000000 -1.000000 0.000000 0.891580 0.483522
-0.148659 3.708813 -0.237274 0.000000 -1.000000 0.000000 0.897407 0.511506
-0.148659 3.291523 -0.237274 0.000000 -1.000000 0.000000 0.897407 0.455580
-0.769603 3.500011 -0.237274 0.000000 -1.000000 0.000000 0.891580 0.483522
-0.148659 3.708813 -0.237274 0.000000 -1.000000 0.000000 0.897407 0.511506
-0.769603 3.500011 -0.237274 0.000000 -1.000000 0.000000 0.891580 0.483522
-1.731686 3.868145 -0.237274 0.000000 -1.000000 0.000000 0.882552 0.532860
-0.148659 3.708813 -0.237274 0.000000 -1.000000 0.000000 0.897407 0.511506
-1.731686 3.868145 -0.237274 0.000000 -1.000000 0.000000 0.882552 0.532860
-1.731686 4.361836 -0.237274 0.000000 -1.000000 0.000000 0.882552 0.599026
1.731687 3.291523 -0.237274 0.000000 -1.000000 0.000000 0.915051 0.455580
0.148660 2.638186 -0.237274 0.000000 -1.000000 0.000000 0.900197 0.368018
0.148660 3.129178 -0.237274 0.000000 -1.000000 0.000000 0.900197 0.433822
1.731687 3.291523 -0.237274 0.000000 -1.000000 0.000000 0.915051 0.455580
0.148660 3.129178 -0.237274 0.000000 -1.000000 0.000000 0.900197 0.433822
1.110744 3.500011 -0.237274 0.000000 -1.000000 0.000000 0.909224 0.483522
1.731687 3.708813 -0.237274 0.000000 -1.000000 0.000000 0.915051 0.511506
1.731687 3.291523 -0.237274 0.000000 -1.000000 0.000000 0.915051 0.455580
1.110744 3.500011 -0.237274 0.000000 -1.000000 0.000000 0.909224 0.483522
1.731687 3.708813 -0.237274 0.000000 -1.000000 0.000000 0.915051 0.511506
1.110744 3.500011 -0.237274 0.000000 -1.000000 0.000000 0.909224 0.483522
0.148660 3.868145 -0.237274 0.000000 -1.000000 0.000000 0.900197 0.532860
1.731687 3.708813 -0.237274 0.000000 -1.000000 0.000000 0.915051 0.511506
0.148660 3.868145 -0.237274 0.000000 -1.000000 0.000000 0.900197 0.532860
0.148660 4.361836 -0.237274 0.000000 -1.000000 0.000000 0.900197 0.599026
Box
2
-2.689103 -0.237274
2.689102 0.237273
End