none
816
0.000000 6.189102 -0.237274 0.156434 -0.000000 -0.987688 0.500000 0.860000
0.000000 6.189102 0.237274 0.156434 -0.000000 -0.987688 0.500000 0.860000
0.830979 6.057488 0.237274 0.156434 -0.000000 -0.987688 0.506745 0.842381
0.830979 6.057488 0.237274 0.156434 -0.000000 -0.987688 0.506745 0.842381
0.830979 6.057488 -0.237274 0.156434 -0.000000 -0.987688 0.506745 0.842381
0.000000 6.189102 -0.237274 0.156434 -0.000000 -0.987688 0.500000 0.860000
0.000000 6.189102 0.237274 0.000000 1.000000 -0.000000 0.500000 0.860000
0.000000 5.872737 0.237274 0.000000 1.000000 -0.000000 0.500000 0.817647
0.733217 5.756608 0.237274 0.000000 1.000000 -0.000000 0.505951 0.802100
0.733217 5.756608 0.237274 0.000000 1.000000 -0.000000 0.505951 0.802100
0.830979 6.057488 0.237274 0.000000 1.000000 -0.000000 0.506745 0.842381
0.000000 6.189102 0.237274 0.000000 1.000000 -0.000000 0.500000 0.860000
0.000000 5.872737 0.237274 -0.156434 0.000000 0.987688 0.500000 0.817647
0.000000 5.872737 -0.237274 -0.156434 0.000000 0.987688 0.500000 0.817647
0.733217 5.756608 -0.237274 -0.156434 0.000000 0.987688 0.505951 0.802100
0.733217 5.756608 -0.237274 -0.156434 0.000000 0.987688 0.505951 0.802100
0.733217 5.756608 0.237274 -0.156434 0.000000 0.987688 0.505951 0.802100
0.000000 5.872737 0.237274 -0.156434 0.000000 0.987688 0.500000 0.817647
0.000000 5.872737 -0.237274 0.000000 -1.000000 0.000000 0.500000 0.817647
0.000000 6.189102 -0.237274 0.000000 -1.000000 0.000000 0.500000 0.860000
0.830979 6.057488 -0.237274 0.000000 -1.000000 0.000000 0.506745 0.842381
0.830979 6.057488 -0.237274 0.000000 -1.000000 0.000000 0.506745 0.842381
0.733217 5.756608 -0.237274 0.000000 -1.000000 0.000000 0.505951 0.802100
0.000000 5.872737 -0.237274 0.000000 -1.000000 0.000000 0.500000 0.817647
0.830979 6.057488 -0.237274 0.453991 -0.000000 -0.891006 0.506745 0.842381
0.830979 6.057488 0.237274 0.453991 -0.000000 -0.891006 0.506745 0.842381
1.580615 5.675529 0.237274 0.453991 -0.000000 -0.891006 0.512829 0.791246
1.580615 5.675529 0.237274 0.453991 -0.000000 -0.891006 0.512829 0.791246
1.580615 5.675529 -0.237274 0.453991 -0.000000 -0.891006 0.512829 0.791246
0.830979 6.057488 -0.237274 0.453991 -0.000000 -0.891006 0.506745 0.842381
0.830979 6.057488 0.237274 0.000000 1.000000 -0.000000 0.506745 0.842381
0.733217 5.756608 0.237274 0.000000 1.000000 -0.000000 0.505951 0.802100
1.394660 5.419585 0.237274 0.000000 1.000000 -0.000000 0.511320 0.756982
1.394660 5.419585 0.237274 0.000000 1.000000 -0.000000 0.511320 0.756982
1.580615 5.675529 0.237274 0.000000 1.000000 -0.000000 0.512829 0.791246
0.830979 6.057488 0.237274 0.000000 1.000000 -0.000000 0.506745 0.842381
0.733217 5.756608 0.237274 -0.453990 0.000000 0.891007 0.505951 0.802100
0.733217 5.756608 -0.237274 -0.453990 0.000000 0.891007 0.505951 0.802100
1.394660 5.419585 -0.237274 -0.453990 0.000000 0.891007 0.511320 0.756982
1.394660 5.419585 -0.237274 -0.453990 0.000000 0.891007 0.511320 0.756982
1.394660 5.419585 0.237274 -0.453990 0.000000 0.891007 0.511320 0.756982
0.733217 5.756608 0.237274 -0.453990 0.000000 0.891007 0.505951 0.802100
0.733217 5.756608 -0.237274 0.000000 -1.000000 0.000000 0.505951 0.802100
0.830979 6.057488 -0.237274 0.000000 -1.000000 0.000000 0.506745 0.842381
1.580615 5.675529 -0.237274 0.000000 -1.000000 0.000000 0.512829 0.791246
1.580615 5.675529 -0.237274 0.000000 -1.000000 0.000000 0.512829 0.791246
1.394660 5.419585 -0.237274 0.000000 -1.000000 0.000000 0.511320 0.756982
0.733217 5.756608 -0.237274 0.000000 -1.000000 0.000000 0.505951 0.802100
1.580615 5.675529 -0.237274 0.707107 -0.000000 -0.707107 0.512829 0.791246
1.580615 5.675529 0.237274 0.707107 -0.000000 -0.707107 0.512829 0.791246
2.175530 5.080615 0.237274 0.707107 -0.000000 -0.707107 0.517658 0.711603
2.175530 5.080615 0.237274 0.707107 -0.000000 -0.707107 0.517658 0.711603
2.175530 5.080615 -0.237274 0.707107 -0.000000 -0.707107 0.517658 0.711603
1.580615 5.675529 -0.237274 0.707107 -0.000000 -0.707107 0.512829 0.791246
1.580615 5.675529 0.237274 0.000000 1.000000 -0.000000 0.512829 0.791246
1.394660 5.419585 0.237274 0.000000 1.000000 -0.000000 0.511320 0.756982
1.919585 4.894660 0.237274 0.000000 1.000000 -0.000000 0.515581 0.686708
1.919585 4.894660 0.237274 0.000000 1.000000 -0.000000 0.515581 0.686708
2.175530 5.080615 0.237274 0.000000 1.000000 -0.000000 0.517658 0.711603
1.580615 5.675529 0.237274 0.000000 1.000000 -0.000000 0.512829 0.791246
1.394660 5.419585 0.237274 -0.707107 0.000000 0.707107 0.511320 0.756982
1.394660 5.419585 -0.237274 -0.707107 0.000000 0.707107 0.511320 0.756982
1.919585 4.894660 -0.237274 -0.707107 0.000000 0.707107 0.515581 0.686708
1.919585 4.894660 -0.237274 -0.707107 0.000000 0.707107 0.515581 0.686708
1.919585 4.894660 0.237274 -0.707107 0.000000 0.707107 0.515581 0.686708
1.394660 5.419585 0.237274 -0.707107 0.000000 0.707107 0.511320 0.756982
1.394660 5.419585 -0.237274 0.000000 -1.000000 0.000000 0.511320 0.756982
1.580615 5.675529 -0.237274 0.000000 -1.000000 0.000000 0.512829 0.791246
2.175530 5.080615 -0.237274 0.000000 -1.000000 0.000000 0.517658 0.711603
2.175530 5.080615 -0.237274 0.000000 -1.000000 0.000000 0.517658 0.711603
1.919585 4.894660 -0.237274 0.000000 -1.000000 0.000000 0.515581 0.686708
1.394660 5.419585 -0.237274 0.000000 -1.000000 0.000000 0.511320 0.756982
2.175530 5.080615 -0.237274 0.891006 -0.000000 -0.453991 0.517658 0.711603
2.175530 5.080615 0.237274 0.891006 -0.000000 -0.453991 0.517658 0.711603
2.557489 4.330978 0.237274 0.891006 -0.000000 -0.453991 0.520759 0.611246
2.557489 4.330978 0.237274 0.891006 -0.000000 -0.453991 0.520759 0.611246
2.557489 4.330978 -0.237274 0.891006 -0.000000 -0.453991 0.520759 0.611246
2.175530 5.080615 -0.237274 0.891006 -0.000000 -0.453991 0.517658 0.711603
2.175530 5.080615 0.237274 0.000000 1.000000 -0.000000 0.517658 0.711603
1.919585 4.894660 0.237274 0.000000 1.000000 -0.000000 0.515581 0.686708
2.256608 4.233216 0.237274 0.000000 1.000000 -0.000000 0.518316 0.598158
2.256608 4.233216 0.237274 0.000000 1.000000 -0.000000 0.518316 0.598158
2.557489 4.330978 0.237274 0.000000 1.000000 -0.000000 0.520759 0.611246
2.175530 5.080615 0.237274 0.000000 1.000000 -0.000000 0.517658 0.711603
1.919585 4.894660 0.237274 -0.891007 0.000000 0.453990 0.515581 0.686708
1.919585 4.894660 -0.237274 -0.891007 0.000000 0.453990 0.515581 0.686708
2.256608 4.233216 -0.237274 -0.891007 0.000000 0.453990 0.518316 0.598158
2.256608 4.233216 -0.237274 -0.891007 0.000000 0.453990 0.518316 0.598158
2.256608 4.233216 0.237274 -0.891007 0.000000 0.453990 0.518316 0.598158
1.919585 4.894660 0.237274 -0.891007 0.000000 0.453990 0.515581 0.686708
1.919585 4.894660 -0.237274 0.000000 -1.000000 0.000000 0.515581 0.686708
2.175530 5.080615 -0.237274 0.000000 -1.000000 0.000000 0.517658 0.711603
2.557489 4.330978 -0.237274 0.000000 -1.000000 0.000000 0.520759 0.611246
2.557489 4.330978 -0.237274 0.000000 -1.000000 0.000000 0.520759 0.611246
2.256608 4.233216 -0.237274 0.000000 -1.000000 0.000000 0.518316 0.598158
1.919585 4.894660 -0.237274 0.000000 -1.000000 0.000000 0.515581 0.686708
2.557489 4.330978 -0.237274 0.987688 -0.000000 -0.156434 0.520759 0.611246
2.557489 4.330978 0.237274 0.987688 -0.000000 -0.156434 0.520759 0.611246
2.689103 3.500000 0.237274 0.987688 -0.000000 -0.156434 0.521827 0.500000
2.689103 3.500000 0.237274 0.987688 -0.000000 -0.156434 0.521827 0.500000
2.689103 3.500000 -0.237274 0.987688 -0.000000 -0.156434 0.521827 0.500000
2.557489 4.330978 -0.237274 0.987688 -0.000000 -0.156434 0.520759 0.611246
2.557489 4.330978 0.237274 0.000000 1.000000 -0.000000 0.520759 0.611246
2.256608 4.233216 0.237274 0.000000 1.000000 -0.000000 0.518316 0.598158
2.372738 3.500000 0.237274 0.000000 1.000000 -0.000000 0.519259 0.500000
2.372738 3.500000 0.237274 0.000000 1.000000 -0.000000 0.519259 0.500000
2.689103 3.500000 0.237274 0.000000 1.000000 -0.000000 0.521827 0.500000
2.557489 4.330978 0.237274 0.000000 1.000000 -0.000000 0.520759 0.611246
2.256608 4.233216 0.237274 -0.987688 0.000000 0.156434 0.518316 0.598158
2.256608 4.233216 -0.237274 -0.987688 0.000000 0.156434 0.518316 0.598158
2.372738 3.500000 -0.237274 -0.987688 0.000000 0.156434 0.519259 0.500000
2.372738 3.500000 -0.237274 -0.987688 0.000000 0.156434 0.519259 0.500000
2.372738 3.500000 0.237274 -0.987688 0.000000 0.156434 0.519259 0.500000
2.256608 4.233216 0.237274 -0.987688 0.000000 0.156434 0.518316 0.598158
2.256608 4.233216 -0.237274 0.000000 -1.000000 0.000000 0.518316 0.598158
2.557489 4.330978 -0.237274 0.000000 -1.000000 0.000000 0.520759 0.611246
2.689103 3.500000 -0.237274 0.000000 -1.000000 0.000000 0.521827 0.500000
2.689103 3.500000 -0.237274 0.000000 -1.000000 0.000000 0.521827 0.500000
2.372738 3.500000 -0.237274 0.000000 -1.000000 0.000000 0.519259 0.500000
2.256608 4.233216 -0.237274 0.000000 -1.000000 0.000000 0.518316 0.598158
2.689103 3.500000 -0.237274 0.987688 0.000000 0.156434 0.521827 0.500000
2.689103 3.500000 0.237274 0.987688 0.000000 0.156434 0.521827 0.500000
2.557489 2.669022 0.237274 0.987688 0.000000 0.156434 0.520759 0.388754
2.557489 2.669022 0.237274 0.987688 0.000000 0.156434 0.520759 0.388754
2.557489 2.669022 -0.237274 0.987688 0.000000 0.156434 0.520759 0.388754
2.689103 3.500000 -0.237274 0.987688 0.000000 0.156434 0.521827 0.500000
2.689103 3.500000 0.237274 0.000000 1.000000 -0.000000 0.521827 0.500000
2.372738 3.500000 0.237274 0.000000 1.000000 -0.000000 0.519259 0.500000
2.256608 2.766784 0.237274 0.000000 1.000000 -0.000000 0.518316 0.401842
2.256608 2.766784 0.237274 0.000000 1.000000 -0.000000 0.518316 0.401842
2.557489 2.669022 0.237274 0.000000 1.000000 -0.000000 0.520759 0.388754
2.689103 3.500000 0.237274 0.000000 1.000000 -0.000000 0.521827 0.500000
2.372738 3.500000 0.237274 -0.987688 -0.000000 -0.156434 0.519259 0.500000
2.372738 3.500000 -0.237274 -0.987688 -0.000000 -0.156434 0.519259 0.500000
2.256608 2.766784 -0.237274 -0.987688 -0.000000 -0.156434 0.518316 0.401842
2.256608 2.766784 -0.237274 -0.987688 -0.000000 -0.156434 0.518316 0.401842
2.256608 2.766784 0.237274 -0.987688 -0.000000 -0.156434 0.518316 0.401842
2.372738 3.500000 0.237274 -0.987688 -0.000000 -0.156434 0.519259 0.500000
2.372738 3.500000 -0.237274 0.000000 -1.000000 0.000000 0.519259 0.500000
2.689103 3.500000 -0.237274 0.000000 -1.000000 0.000000 0.521827 0.500000
2.557489 2.669022 -0.237274 0.000000 -1.000000 0.000000 0.520759 0.388754
2.557489 2.669022 -0.237274 0.000000 -1.000000 0.000000 0.520759 0.388754
2.256608 2.766784 -0.237274 0.000000 -1.000000 0.000000 0.518316 0.401842
2.372738 3.500000 -0.237274 0.000000 -1.000000 0.000000 0.519259 0.500000
2.557489 2.669022 -0.237274 0.891006 0.000000 0.453991 0.520759 0.388754
2.557489 2.669022 0.237274 0.891006 0.000000 0.453991 0.520759 0.388754
2.175530 1.919386 0.237274 0.891006 0.000000 0.453991 0.517658 0.288397
2.175530 1.919386 0.237274 0.891006 0.000000 0.453991 0.517658 0.288397
2.175530 1.919386 -0.237274 0.891006 0.000000 0.453991 0.517658 0.288397
2.557489 2.669022 -0.237274 0.891006 0.000000 0.453991 0.520759 0.388754
2.557489 2.669022 0.237274 0.000000 1.000000 -0.000000 0.520759 0.388754
2.256608 2.766784 0.237274 0.000000 1.000000 -0.000000 0.518316 0.401842
1.919585 2.105340 0.237274 0.000000 1.000000 -0.000000 0.515581 0.313292
1.919585 2.105340 0.237274 0.000000 1.000000 -0.000000 0.515581 0.313292
2.175530 1.919386 0.237274 0.000000 1.000000 -0.000000 0.517658 0.288397
2.557489 2.669022 0.237274 0.000000 1.000000 -0.000000 0.520759 0.388754
2.256608 2.766784 0.237274 -0.891007 -0.000000 -0.453990 0.518316 0.401842
2.256608 2.766784 -0.237274 -0.891007 -0.000000 -0.453990 0.518316 0.401842
1.919585 2.105340 -0.237274 -0.891007 -0.000000 -0.453990 0.515581 0.313292
1.919585 2.105340 -0.237274 -0.891007 -0.000000 -0.453990 0.515581 0.313292
1.919585 2.105340 0.237274 -0.891007 -0.000000 -0.453990 0.515581 0.313292
2.256608 2.766784 0.237274 -0.891007 -0.000000 -0.453990 0.518316 0.401842
2.256608 2.766784 -0.237274 0.000000 -1.000000 0.000000 0.518316 0.401842
2.557489 2.669022 -0.237274 0.000000 -1.000000 0.000000 0.520759 0.388754
2.175530 1.919386 -0.237274 0.000000 -1.000000 0.000000 0.517658 0.288397
2.175530 1.919386 -0.237274 0.000000 -1.000000 0.000000 0.517658 0.288397
1.919585 2.105340 -0.237274 0.000000 -1.000000 0.000000 0.515581 0.313292
2.256608 2.766784 -0.237274 0.000000 -1.000000 0.000000 0.518316 0.401842
2.175530 1.919386 -0.237274 0.707107 0.000000 0.707107 0.517658 0.288397
2.175530 1.919386 0.237274 0.707107 0.000000 0.707107 0.517658 0.288397
1.580615 1.324471 0.237274 0.707107 0.000000 0.707107 0.512829 0.208754
1.580615 1.324471 0.237274 0.707107 0.000000 0.707107 0.512829 0.208754
1.580615 1.324471 -0.237274 0.707107 0.000000 0.707107 0.512829 0.208754
2.175530 1.919386 -0.237274 0.707107 0.000000 0.707107 0.517658 0.288397
2.175530 1.919386 0.237274 0.000000 1.000000 -0.000000 0.517658 0.288397
1.919585 2.105340 0.237274 0.000000 1.000000 -0.000000 0.515581 0.313292
1.394660 1.580415 0.237274 0.000000 1.000000 -0.000000 0.511320 0.243018
1.394660 1.580415 0.237274 0.000000 1.000000 -0.000000 0.511320 0.243018
1.580615 1.324471 0.237274 0.000000 1.000000 -0.000000 0.512829 0.208754
2.175530 1.919386 0.237274 0.000000 1.000000 -0.000000 0.517658 0.288397
1.919585 2.105340 0.237274 -0.707107 -0.000000 -0.707107 0.515581 0.313292
1.919585 2.105340 -0.237274 -0.707107 -0.000000 -0.707107 0.515581 0.313292
1.394660 1.580415 -0.237274 -0.707107 -0.000000 -0.707107 0.511320 0.243018
1.394660 1.580415 -0.237274 -0.707107 -0.000000 -0.707107 0.511320 0.243018
1.394660 1.580415 0.237274 -0.707107 -0.000000 -0.707107 0.511320 0.243018
1.919585 2.105340 0.237274 -0.707107 -0.000000 -0.707107 0.515581 0.313292
1.919585 2.105340 -0.237274 0.000000 -1.000000 0.000000 0.515581 0.313292
2.175530 1.919386 -0.237274 0.000000 -1.000000 0.000000 0.517658 0.288397
1.580615 1.324471 -0.237274 0.000000 -1.000000 0.000000 0.512829 0.208754
1.580615 1.324471 -0.237274 0.000000 -1.000000 0.000000 0.512829 0.208754
1.394660 1.580415 -0.237274 0.000000 -1.000000 0.000000 0.511320 0.243018
1.919585 2.105340 -0.237274 0.000000 -1.000000 0.000000 0.515581 0.313292
1.580615 1.324471 -0.237274 0.453991 0.000000 0.891006 0.512829 0.208754
1.580615 1.324471 0.237274 0.453991 0.000000 0.891006 0.512829 0.208754
0.830979 0.942512 0.237274 0.453991 0.000000 0.891006 0.506745 0.157620
0.830979 0.942512 0.237274 0.453991 0.000000 0.891006 0.506745 0.157620
0.830979 0.942512 -0.237274 0.453991 0.000000 0.891006 0.506745 0.157620
1.580615 1.324471 -0.237274 0.453991 0.000000 0.891006 0.512829 0.208754
1.580615 1.324471 0.237274 0.000000 1.000000 -0.000000 0.512829 0.208754
1.394660 1.580415 0.237274 0.000000 1.000000 -0.000000 0.511320 0.243018
0.733217 1.243393 0.237274 0.000000 1.000000 -0.000000 0.505951 0.197900
0.733217 1.243393 0.237274 0.000000 1.000000 -0.000000 0.505951 0.197900
0.830979 0.942512 0.237274 0.000000 1.000000 -0.000000 0.506745 0.157620
1.580615 1.324471 0.237274 0.000000 1.000000 -0.000000 0.512829 0.208754
1.394660 1.580415 0.237274 -0.453990 -0.000000 -0.891007 0.511320 0.243018
1.394660 1.580415 -0.237274 -0.453990 -0.000000 -0.891007 0.511320 0.243018
0.733217 1.243393 -0.237274 -0.453990 -0.000000 -0.891007 0.505951 0.197900
0.733217 1.243393 -0.237274 -0.453990 -0.000000 -0.891007 0.505951 0.197900
0.733217 1.243393 0.237274 -0.453990 -0.000000 -0.891007 0.505951 0.197900
1.394660 1.580415 0.237274 -0.453990 -0.000000 -0.891007 0.511320 0.243018
1.394660 1.580415 -0.237274 0.000000 -1.000000 0.000000 0.511320 0.243018
1.580615 1.324471 -0.237274 0.000000 -1.000000 0.000000 0.512829 0.208754
0.830979 0.942512 -0.237274 0.000000 -1.000000 0.000000 0.506745 0.157620
0.830979 0.942512 -0.237274 0.000000 -1.000000 0.000000 0.506745 0.157620
0.733217 1.243393 -0.237274 0.000000 -1.000000 0.000000 0.505951 0.197900
1.394660 1.580415 -0.237274 0.000000 -1.000000 0.000000 0.511320 0.243018
0.830979 0.942512 -0.237274 0.156434 0.000000 0.987688 0.506745 0.157620
0.830979 0.942512 0.237274 0.156434 0.000000 0.987688 0.506745 0.157620
0.000000 0.810898 0.237274 0.156434 0.000000 0.987688 0.500000 0.140000
0.000000 0.810898 0.237274 0.156434 0.000000 0.987688 0.500000 0.140000
0.000000 0.810898 -0.237274 0.156434 0.000000 0.987688 0.500000 0.140000
0.830979 0.942512 -0.237274 0.156434 0.000000 0.987688 0.506745 0.157620
0.830979 0.942512 0.237274 0.000000 1.000000 -0.000000 0.506745 0.157620
0.733217 1.243393 0.237274 0.000000 1.000000 -0.000000 0.505951 0.197900
0.000000 1.127263 0.237274 0.000000 1.000000 -0.000000 0.500000 0.182353
0.000000 1.127263 0.237274 0.000000 1.000000 -0.000000 0.500000 0.182353
0.000000 0.810898 0.237274 0.000000 1.000000 -0.000000 0.500000 0.140000
0.830979 0.942512 0.237274 0.000000 1.000000 -0.000000 0.506745 0.157620
0.733217 1.243393 0.237274 -0.156434 -0.000000 -0.987688 0.505951 0.197900
0.733217 1.243393 -0.237274 -0.156434 -0.000000 -0.987688 0.505951 0.197900
0.000000 1.127263 -0.237274 -0.156434 -0.000000 -0.987688 0.500000 0.182353
0.000000 1.127263 -0.237274 -0.156434 -0.000000 -0.987688 0.500000 0.182353
0.000000 1.127263 0.237274 -0.156434 -0.000000 -0.987688 0.500000 0.182353
0.733217 1.243393 0.237274 -0.156434 -0.000000 -0.987688 0.505951 0.197900
0.733217 1.243393 -0.237274 0.000000 -1.000000 0.000000 0.505951 0.197900
0.830979 0.942512 -0.237274 0.000000 -1.000000 0.000000 0.506745 0.157620
0.000000 0.810898 -0.237274 0.000000 -1.000000 0.000000 0.500000 0.140000
0.000000 0.810898 -0.237274 0.000000 -1.000000 0.000000 0.500000 0.140000
0.000000 1.127263 -0.237274 0.000000 -1.000000 0.000000 0.500000 0.182353
0.733217 1.243393 -0.237274 0.000000 -1.000000 0.000000 0.505951 0.197900
0.000000 0.810898 -0.237274 -0.156434 0.000000 0.987688 0.500000 0.140000
0.000000 0.810898 0.237274 -0.156434 0.000000 0.987688 0.500000 0.140000
-0.830978 0.942512 0.237274 -0.156434 0.000000 0.987688 0.493255 0.157620
-0.830978 0.942512 0.237274 -0.156434 0.000000 0.987688 0.493255 0.157620
-0.830978 0.942512 -0.237274 -0.156434 0.000000 0.987688 0.493255 0.157620
0.000000 0.810898 -0.237274 -0.156434 0.000000 0.987688 0.500000 0.140000
0.000000 0.810898 0.237274 0.000000 1.000000 -0.000000 0.500000 0.140000
0.000000 1.127263 0.237274 0.000000 1.000000 -0.000000 0.500000 0.182353
-0.733216 1.243393 0.237274 0.000000 1.000000 -0.000000 0.494049 0.197900
-0.733216 1.243393 0.237274 0.000000 1.000000 -0.000000 0.494049 0.197900
-0.830978 0.942512 0.237274 0.000000 1.000000 -0.000000 0.493255 0.157620
0.000000 0.810898 0.237274 0.000000 1.000000 -0.000000 0.500000 0.140000
0.000000 1.127263 0.237274 0.156435 -0.000000 -0.987688 0.500000 0.182353
0.000000 1.127263 -0.237274 0.156435 -0.000000 -0.987688 0.500000 0.182353
-0.733216 1.243393 -0.237274 0.156435 -0.000000 -0.987688 0.494049 0.197900
-0.733216 1.243393 -0.237274 0.156435 -0.000000 -0.987688 0.494049 0.197900
-0.733216 1.243393 0.237274 0.156435 -0.000000 -0.987688 0.494049 0.197900
0.000000 1.127263 0.237274 0.156435 -0.000000 -0.987688 0.500000 0.182353
0.000000 1.127263 -0.237274 0.000000 -1.000000 0.000000 0.500000 0.182353
0.000000 0.810898 -0.237274 0.000000 -1.000000 0.000000 0.500000 0.140000
-0.830978 0.942512 -0.237274 0.000000 -1.000000 0.000000 0.493255 0.157620
-0.830978 0.942512 -0.237274 0.000000 -1.000000 0.000000 0.493255 0.157620
-0.733216 1.243393 -0.237274 0.000000 -1.000000 0.000000 0.494049 0.197900
0.000000 1.127263 -0.237274 0.000000 -1.000000 0.000000 0.500000 0.182353
-0.830978 0.942512 -0.237274 -0.453991 0.000000 0.891007 0.493255 0.157620
-0.830978 0.942512 0.237274 -0.453991 0.000000 0.891007 0.493255 0.157620
-1.580614 1.324471 0.237274 -0.453991 0.000000 0.891007 0.487171 0.208754
-1.580614 1.324471 0.237274 -0.453991 0.000000 0.891007 0.487171 0.208754
-1.580614 1.324471 -0.237274 -0.453991 0.000000 0.891007 0.487171 0.208754
-0.830978 0.942512 -0.237274 -0.453991 0.000000 0.891007 0.493255 0.157620
-0.830978 0.942512 0.237274 0.000000 1.000000 -0.000000 0.493255 0.157620
-0.733216 1.243393 0.237274 0.000000 1.000000 -0.000000 0.494049 0.197900
-1.394659 1.580415 0.237274 0.000000 1.000000 -0.000000 0.488680 0.243018
-1.394659 1.580415 0.237274 0.000000 1.000000 -0.000000 0.488680 0.243018
-1.580614 1.324471 0.237274 0.000000 1.000000 -0.000000 0.487171 0.208754
-0.830978 0.942512 0.237274 0.000000 1.000000 -0.000000 0.493255 0.157620
-0.733216 1.243393 0.237274 0.453990 -0.000000 -0.891007 0.494049 0.197900
-0.733216 1.243393 -0.237274 0.453990 -0.000000 -0.891007 0.494049 0.197900
-1.394659 1.580415 -0.237274 0.453990 -0.000000 -0.891007 0.488680 0.243018
-1.394659 1.580415 -0.237274 0.453990 -0.000000 -0.891007 0.488680 0.243018
-1.394659 1.580415 0.237274 0.453990 -0.000000 -0.891007 0.488680 0.243018
-0.733216 1.243393 0.237274 0.453990 -0.000000 -0.891007 0.494049 0.197900
-0.733216 1.243393 -0.237274 0.000000 -1.000000 0.000000 0.494049 0.197900
-0.830978 0.942512 -0.237274 0.000000 -1.000000 0.000000 0.493255 0.157620
-1.580614 1.324471 -0.237274 0.000000 -1.000000 0.000000 0.487171 0.208754
-1.580614 1.324471 -0.237274 0.000000 -1.000000 0.000000 0.487171 0.208754
-1.394659 1.580415 -0.237274 0.000000 -1.000000 0.000000 0.488680 0.243018
-0.733216 1.243393 -0.237274 0.000000 -1.000000 0.000000 0.494049 0.197900
-1.580614 1.324471 -0.237274 -0.707107 0.000000 0.707107 0.487171 0.208754
-1.580614 1.324471 0.237274 -0.707107 0.000000 0.707107 0.487171 0.208754
-2.175529 1.919386 0.237274 -0.707107 0.000000 0.707107 0.482342 0.288397
-2.175529 1.919386 0.237274 -0.707107 0.000000 0.707107 0.482342 0.288397
-2.175529 1.919386 -0.237274 -0.707107 0.000000 0.707107 0.482342 0.288397
-1.580614 1.324471 -0.237274 -0.707107 0.000000 0.707107 0.487171 0.208754
-1.580614 1.324471 0.237274 0.000000 1.000000 -0.000000 0.487171 0.208754
-1.394659 1.580415 0.237274 0.000000 1.000000 -0.000000 0.488680 0.243018
-1.919585 2.105340 0.237274 0.000000 1.000000 -0.000000 0.484419 0.313292
-1.919585 2.105340 0.237274 0.000000 1.000000 -0.000000 0.484419 0.313292
-2.175529 1.919386 0.237274 0.000000 1.000000 -0.000000 0.482342 0.288397
-1.580614 1.324471 0.237274 0.000000 1.000000 -0.000000 0.487171 0.208754
-1.394659 1.580415 0.237274 0.707107 -0.000000 -0.707107 0.488680 0.243018
-1.394659 1.580415 -0.237274 0.707107 -0.000000 -0.707107 0.488680 0.243018
-1.919585 2.105340 -0.237274 0.707107 -0.000000 -0.707107 0.484419 0.313292
-1.919585 2.105340 -0.237274 0.707107 -0.000000 -0.707107 0.484419 0.313292
-1.919585 2.105340 0.237274 0.707107 -0.000000 -0.707107 0.484419 0.313292
-1.394659 1.580415 0.237274 0.707107 -0.000000 -0.707107 0.488680 0.243018
-1.394659 1.580415 -0.237274 0.000000 -1.000000 0.000000 0.488680 0.243018
-1.580614 1.324471 -0.237274 0.000000 -1.000000 0.000000 0.487171 0.208754
-2.175529 1.919386 -0.237274 0.000000 -1.000000 0.000000 0.482342 0.288397
-2.175529 1.919386 -0.237274 0.000000 -1.000000 0.000000 0.482342 0.288397
-1.919585 2.105340 -0.237274 0.000000 -1.000000 0.000000 0.484419 0.313292
-1.394659 1.580415 -0.237274 0.000000 -1.000000 0.000000 0.488680 0.243018
-2.175529 1.919386 -0.237274 -0.891007 0.000000 0.453990 0.482342 0.288397
-2.175529 1.919386 0.237274 -0.891007 0.000000 0.453990 0.482342 0.288397
-2.557488 2.669023 0.237274 -0.891007 0.000000 0.453990 0.479241 0.388754
-2.557488 2.669023 0.237274 -0.891007 0.000000 0.453990 0.479241 0.388754
-2.557488 2.669023 -0.237274 -0.891007 0.000000 0.453990 0.479241 0.388754
-2.175529 1.919386 -0.237274 -0.891007 0.000000 0.453990 0.482342 0.288397
-2.175529 1.919386 0.237274 0.000000 1.000000 -0.000000 0.482342 0.288397
-1.919585 2.105340 0.237274 0.000000 1.000000 -0.000000 0.484419 0.313292
-2.256607 2.766785 0.237274 0.000000 1.000000 -0.000000 0.481684 0.401842
-2.256607 2.766785 0.237274 0.000000 1.000000 -0.000000 0.481684 0.401842
-2.557488 2.669023 0.237274 0.000000 1.000000 -0.000000 0.479241 0.388754
-2.175529 1.919386 0.237274 0.000000 1.000000 -0.000000 0.482342 0.288397
-1.919585 2.105340 0.237274 0.891007 -0.000000 -0.453990 0.484419 0.313292
-1.919585 2.105340 -0.237274 0.891007 -0.000000 -0.453990 0.484419 0.313292
-2.256607 2.766785 -0.237274 0.891007 -0.000000 -0.453990 0.481684 0.401842
-2.256607 2.766785 -0.237274 0.891007 -0.000000 -0.453990 0.481684 0.401842
-2.256607 2.766785 0.237274 0.891007 -0.000000 -0.453990 0.481684 0.401842
-1.919585 2.105340 0.237274 0.891007 -0.000000 -0.453990 0.484419 0.313292
-1.919585 2.105340 -0.237274 0.000000 -1.000000 0.000000 0.484419 0.313292
-2.175529 1.919386 -0.237274 0.000000 -1.000000 0.000000 0.482342 0.288397
-2.557488 2.669023 -0.237274 0.000000 -1.000000 0.000000 0.479241 0.388754
-2.557488 2.669023 -0.237274 0.000000 -1.000000 0.000000 0.479241 0.388754
-2.256607 2.766785 -0.237274 0.000000 -1.000000 0.000000 0.481684 0.401842
-1.919585 2.105340 -0.237274 0.000000 -1.000000 0.000000 0.484419 0.313292
-2.557488 2.669023 -0.237274 -0.987688 0.000000 0.156434 0.479241 0.388754
-2.557488 2.669023 0.237274 -0.987688 0.000000 0.156434 0.479241 0.388754
-2.689102 3.500001 0.237274 -0.987688 0.000000 0.156434 0.478173 0.500000
-2.689102 3.500001 0.237274 -0.987688 0.000000 0.156434 0.478173 0.500000
-2.689102 3.500001 -0.237274 -0.987688 0.000000 0.156434 0.478173 0.500000
-2.557488 2.669023 -0.237274 -0.987688 0.000000 0.156434 0.479241 0.388754
-2.557488 2.669023 0.237274 0.000000 1.000000 -0.000000 0.479241 0.388754
-2.256607 2.766785 0.237274 0.000000 1.000000 -0.000000 0.481684 0.401842
-2.372737 3.500001 0.237274 0.000000 1.000000 -0.000000 0.480741 0.500000
-2.372737 3.500001 0.237274 0.000000 1.000000 -0.000000 0.480741 0.500000
-2.689102 3.500001 0.237274 0.000000 1.000000 -0.000000 0.478173 0.500000
-2.557488 2.669023 0.237274 0.000000 1.000000 -0.000000 0.479241 0.388754
-2.256607 2.766785 0.237274 0.987688 -0.000000 -0.156434 0.481684 0.401842
-2.256607 2.766785 -0.237274 0.987688 -0.000000 -0.156434 0.481684 0.401842
-2.372737 3.500001 -0.237274 0.987688 -0.000000 -0.156434 0.480741 0.500000
-2.372737 3.500001 -0.237274 0.987688 -0.000000 -0.156434 0.480741 0.500000
-2.372737 3.500001 0.237274 0.987688 -0.000000 -0.156434 0.480741 0.500000
-2.256607 2.766785 0.237274 0.987688 -0.000000 -0.156434 0.481684 0.401842
-2.256607 2.766785 -0.237274 0.000000 -1.000000 0.000000 0.481684 0.401842
-2.557488 2.669023 -0.237274 0.000000 -1.000000 0.000000 0.479241 0.388754
-2.689102 3.500001 -0.237274 0.000000 -1.000000 0.000000 0.478173 0.500000
-2.689102 3.500001 -0.237274 -0.000000 -1.000000 0.000000 0.478173 0.500000
-2.372737 3.500001 -0.237274 -0.000000 -1.000000 0.000000 0.480741 0.500000
-2.256607 2.766785 -0.237274 -0.000000 -1.000000 0.000000 0.481684 0.401842
-2.689102 3.500001 -0.237274 -0.987688 -0.000000 -0.156435 0.478173 0.500000
-2.689102 3.500001 0.237274 -0.987688 -0.000000 -0.156435 0.478173 0.500000
-2.557487 4.330980 0.237274 -0.987688 -0.000000 -0.156435 0.479242 0.611246
-2.557487 4.330980 0.237274 -0.987688 -0.000000 -0.156435 0.479242 0.611246
-2.557487 4.330980 -0.237274 -0.987688 -0.000000 -0.156435 0.479242 0.611246
-2.689102 3.500001 -0.237274 -0.987688 -0.000000 -0.156435 0.478173 0.500000
-2.689102 3.500001 0.237274 0.000000 1.000000 -0.000000 0.478173 0.500000
-2.372737 3.500001 0.237274 0.000000 1.000000 -0.000000 0.480741 0.500000
-2.256606 4.233217 0.237274 0.000000 1.000000 -0.000000 0.481684 0.598159
-2.256606 4.233217 0.237274 0.000000 1.000000 -0.000000 0.481684 0.598159
-2.557487 4.330980 0.237274 0.000000 1.000000 -0.000000 0.479242 0.611246
-2.689102 3.500001 0.237274 0.000000 1.000000 -0.000000 0.478173 0.500000
-2.372737 3.500001 0.237274 0.987688 0.000000 0.156435 0.480741 0.500000
-2.372737 3.500001 -0.237274 0.987688 0.000000 0.156435 0.480741 0.500000
-2.256606 4.233217 -0.237274 0.987688 0.000000 0.156435 0.481684 0.598159
-2.256606 4.233217 -0.237274 0.987688 0.000000 0.156435 0.481684 0.598159
-2.256606 4.233217 0.237274 0.987688 0.000000 0.156435 0.481684 0.598159
-2.372737 3.500001 0.237274 0.987688 0.000000 0.156435 0.480741 0.500000
-2.372737 3.500001 -0.237274 0.000000 -1.000000 0.000000 0.480741 0.500000
-2.689102 3.500001 -0.237274 0.000000 -1.000000 0.000000 0.478173 0.500000
-2.557487 4.330980 -0.237274 0.000000 -1.000000 0.000000 0.479242 0.611246
-2.557487 4.330980 -0.237274 0.000000 -1.000000 0.000000 0.479242 0.611246
-2.256606 4.233217 -0.237274 0.000000 -1.000000 0.000000 0.481684 0.598159
-2.372737 3.500001 -0.237274 0.000000 -1.000000 0.000000 0.480741 0.500000
-2.557487 4.330980 -0.237274 -0.891006 -0.000000 -0.453991 0.479242 0.611246
-2.557487 4.330980 0.237274 -0.891006 -0.000000 -0.453991 0.479242 0.611246
-2.175528 5.080616 0.237274 -0.891006 -0.000000 -0.453991 0.482342 0.711603
-2.175528 5.080616 0.237274 -0.891006 -0.000000 -0.453991 0.482342 0.711603
-2.175528 5.080616 -0.237274 -0.891006 -0.000000 -0.453991 0.482342 0.711603
-2.557487 4.330980 -0.237274 -0.891006 -0.000000 -0.453991 0.479242 0.611246
-2.557487 4.330980 0.237274 0.000000 1.000000 -0.000000 0.479242 0.611246
-2.256606 4.233217 0.237274 0.000000 1.000000 -0.000000 0.481684 0.598159
-1.919583 4.894661 0.237274 0.000000 1.000000 -0.000000 0.484419 0.686709
-1.919583 4.894661 0.237274 0.000000 1.000000 -0.000000 0.484419 0.686709
-2.175528 5.080616 0.237274 0.000000 1.000000 -0.000000 0.482342 0.711603
-2.557487 4.330980 0.237274 0.000000 1.000000 -0.000000 0.479242 0.611246
-2.256606 4.233217 0.237274 0.891006 0.000000 0.453991 0.481684 0.598159
-2.256606 4.233217 -0.237274 0.891006 0.000000 0.453991 0.481684 0.598159
-1.919583 4.894661 -0.237274 0.891006 0.000000 0.453991 0.484419 0.686709
-1.919583 4.894661 -0.237274 0.891006 0.000000 0.453991 0.484419 0.686709
-1.919583 4.894661 0.237274 0.891006 0.000000 0.453991 0.484419 0.686709
-2.256606 4.233217 0.237274 0.891006 0.000000 0.453991 0.481684 0.598159
-2.256606 4.233217 -0.237274 0.000000 -1.000000 0.000000 0.481684 0.598159
-2.557487 4.330980 -0.237274 0.000000 -1.000000 0.000000 0.479242 0.611246
-2.175528 5.080616 -0.237274 0.000000 -1.000000 0.000000 0.482342 0.711603
-2.175528 5.080616 -0.237274 0.000000 -1.000000 0.000000 0.482342 0.711603
-1.919583 4.894661 -0.237274 0.000000 -1.000000 0.000000 0.484419 0.686709
-2.256606 4.233217 -0.237274 0.000000 -1.000000 0.000000 0.481684 0.598159
-2.175528 5.080616 -0.237274 -0.707106 -0.000000 -0.707107 0.482342 0.711603
-2.175528 5.080616 0.237274 -0.707106 -0.000000 -0.707107 0.482342 0.711603
-1.580613 5.675530 0.237274 -0.707106 -0.000000 -0.707107 0.487171 0.791246
-1.580613 5.675530 0.237274 -0.707106 -0.000000 -0.707107 0.487171 0.791246
-1.580613 5.675530 -0.237274 -0.707106 -0.000000 -0.707107 0.487171 0.791246
-2.175528 5.080616 -0.237274 -0.707106 -0.000000 -0.707107 0.482342 0.711603
-2.175528 5.080616 0.237274 0.000000 1.000000 -0.000000 0.482342 0.711603
-1.919583 4.894661 0.237274 0.000000 1.000000 -0.000000 0.484419 0.686709
-1.394658 5.419586 0.237274 0.000000 1.000000 -0.000000 0.488680 0.756982
-1.394658 5.419586 0.237274 0.000000 1.000000 -0.000000 0.488680 0.756982
-1.580613 5.675530 0.237274 0.000000 1.000000 -0.000000 0.487171 0.791246
-2.175528 5.080616 0.237274 0.000000 1.000000 -0.000000 0.482342 0.711603
-1.919583 4.894661 0.237274 0.707106 0.000000 0.707107 0.484419 0.686709
-1.919583 4.894661 -0.237274 0.707106 0.000000 0.707107 0.484419 0.686709
-1.394658 5.419586 -0.237274 0.707106 0.000000 0.707107 0.488680 0.756982
-1.394658 5.419586 -0.237274 0.707106 0.000000 0.707107 0.488680 0.756982
-1.394658 5.419586 0.237274 0.707106 0.000000 0.707107 0.488680 0.756982
-1.919583 4.894661 0.237274 0.707106 0.000000 0.707107 0.484419 0.686709
-1.919583 4.894661 -0.237274 0.000000 -1.000000 0.000000 0.484419 0.686709
-2.175528 5.080616 -0.237274 0.000000 -1.000000 0.000000 0.482342 0.711603
-1.580613 5.675530 -0.237274 0.000000 -1.000000 0.000000 0.487171 0.791246
-1.580613 5.675530 -0.237274 0.000000 -1.000000 0.000000 0.487171 0.791246
-1.394658 5.419586 -0.237274 0.000000 -1.000000 0.000000 0.488680 0.756982
-1.919583 4.894661 -0.237274 0.000000 -1.000000 0.000000 0.484419 0.686709
-1.580613 5.675530 -0.237274 -0.453990 -0.000000 -0.891007 0.487171 0.791246
-1.580613 5.675530 0.237274 -0.453990 -0.000000 -0.891007 0.487171 0.791246
-0.830976 6.057489 0.237274 -0.453990 -0.000000 -0.891007 0.493255 0.842381
-0.830976 6.057489 0.237274 -0.453990 -0.000000 -0.891007 0.493255 0.842381
-0.830976 6.057489 -0.237274 -0.453990 -0.000000 -0.891007 0.493255 0.842381
-1.580613 5.675530 -0.237274 -0.453990 -0.000000 -0.891007 0.487171 0.791246
-1.580613 5.675530 0.237274 0.000000 1.000000 -0.000000 0.487171 0.791246
-1.394658 5.419586 0.237274 0.000000 1.000000 -0.000000 0.488680 0.756982
-0.733214 5.756608 0.237274 0.000000 1.000000 -0.000000 0.494049 0.802101
-0.733214 5.756608 0.237274 0.000000 1.000000 -0.000000 0.494049 0.802101
-0.830976 6.057489 0.237274 0.000000 1.000000 -0.000000 0.493255 0.842381
-1.580613 5.675530 0.237274 0.000000 1.000000 -0.000000 0.487171 0.791246
-1.394658 5.419586 0.237274 0.453990 0.000000 0.891007 0.488680 0.756982
-1.394658 5.419586 -0.237274 0.453990 0.000000 0.891007 0.488680 0.756982
-0.733214 5.756608 -0.237274 0.453990 0.000000 0.891007 0.494049 0.802101
-0.733214 5.756608 -0.237274 0.453990 0.000000 0.891007 0.494049 0.802101
-0.733214 5.756608 0.237274 0.453990 0.000000 0.891007 0.494049 0.802101
-1.394658 5.419586 0.237274 0.453990 0.000000 0.891007 0.488680 0.756982
-1.394658 5.419586 -0.237274 0.000000 -1.000000 0.000000 0.488680 0.756982
-1.580613 5.675530 -0.237274 0.000000 -1.000000 0.000000 0.487171 0.791246
-0.830976 6.057489 -0.237274 0.000000 -1.000000 0.000000 0.493255 0.842381
-0.830976 6.057489 -0.237274 0.000000 -1.000000 0.000000 0.493255 0.842381
-0.733214 5.756608 -0.237274 0.000000 -1.000000 0.000000 0.494049 0.802101
-1.394658 5.419586 -0.237274 0.000000 -1.000000 0.000000 0.488680 0.756982
-0.830976 6.057489 -0.237274 -0.156434 -0.000000 -0.987688 0.493255 0.842381
-0.830976 6.057489 0.237274 -0.156434 -0.000000 -0.987688 0.493255 0.842381
0.000000 6.189102 0.237274 -0.156434 -0.000000 -0.987688 0.500000 0.860000
0.000000 6.189102 0.237274 -0.156434 -0.000000 -0.987688 0.500000 0.860000
0.000000 6.189102 -0.237274 -0.156434 -0.000000 -0.987688 0.500000 0.860000
-0.830976 6.057489 -0.237274 -0.156434 -0.000000 -0.987688 0.493255 0.842381
-0.830976 6.057489 0.237274 0.000000 1.000000 -0.000000 0.493255 0.842381
-0.733214 5.756608 0.237274 0.000000 1.000000 -0.000000 0.494049 0.802101
0.000000 5.872737 0.237274 0.000000 1.000000 -0.000000 0.500000 0.817647
0.000000 5.872737 0.237274 0.000000 1.000000 -0.000000 0.500000 0.817647
0.000000 6.189102 0.237274 0.000000 1.000000 -0.000000 0.500000 0.860000
-0.830976 6.057489 0.237274 0.000000 1.000000 -0.000000 0.493255 0.842381
-0.733214 5.756608 0.237274 0.156434 0.000000 0.987688 0.494049 0.802101
-0.733214 5.756608 -0.237274 0.156434 0.000000 0.987688 0.494049 0.802101
0.000000 5.872737 -0.237274 0.156434 0.000000 0.987688 0.500000 0.817647
0.000000 5.872737 -0.237274 0.156434 0.000000 0.987688 0.500000 0.817647
0.000000 5.872737 0.237274 0.156434 0.000000 0.987688 0.500000 0.817647
-0.733214 5.756608 0.237274 0.156434 0.000000 0.987688 0.494049 0.802101
-0.733214 5.756608 -0.237274 0.000000 -1.000000 0.000000 0.494049 0.802101
-0.830976 6.057489 -0.237274 0.000000 -1.000000 0.000000 0.493255 0.842381
0.000000 6.189102 -0.237274 0.000000 -1.000000 0.000000 0.500000 0.860000
0.000000 6.189102 -0.237274 0.000000 -1.000000 0.000000 0.500000 0.860000
0.000000 5.872737 -0.237274 0.000000 -1.000000 0.000000 0.500000 0.817647
-0.733214 5.756608 -0.237274 0.000000 -1.000000 0.000000 0.494049 0.802101
-1.018521 3.252904 -0.237274 0.000000 -0.316228 0.948683 0.491733 0.466920
-1.097612 3.173813 -0.000000 -0.000000 -0.316228 0.948683 0.491091 0.456332
-1.631984 3.173813 -0.000000 0.000000 -0.316228 0.948683 0.486754 0.456332
-1.631984 3.173813 -0.000000 0.000000 -0.316228 0.948683 0.486754 0.456332
-1.552893 3.252904 -0.237274 0.000000 -0.316228 0.948683 0.487396 0.466920
-1.018521 3.252904 -0.237274 0.000000 -0.316228 0.948683 0.491733 0.466920
-1.018521 2.718532 -0.237274 -0.948683 -0.316228 0.000000 0.491733 0.395382
-1.097612 2.639441 -0.000000 -0.948683 -0.316228 0.000000 0.491091 0.384794
-1.097612 3.173813 -0.000000 -0.948683 -0.316228 0.000000 0.491091 0.456332
-1.097612 3.173813 -0.000000 -0.948683 -0.316228 0.000000 0.491091 0.456332
-1.018521 3.252904 -0.237274 -0.948683 -0.316228 0.000000 0.491733 0.466920
-1.018521 2.718532 -0.237274 -0.948683 -0.316228 0.000000 0.491733 0.395382
-0.568523 2.718532 -0.237274 0.000000 -0.316228 0.948683 0.495385 0.395382
-0.489432 2.639441 -0.000000 -0.000000 -0.316228 0.948683 0.496027 0.384794
-1.097612 2.639441 -0.000000 0.000000 -0.316228 0.948683 0.491091 0.384794
-1.097612 2.639441 -0.000000 0.000000 -0.316228 0.948683 0.491091 0.384794
-1.018521 2.718532 -0.237274 0.000000 -0.316228 0.948683 0.491733 0.395382
-0.568523 2.718532 -0.237274 0.000000 -0.316228 0.948683 0.495385 0.395382
-0.568523 3.252904 -0.237274 0.948683 -0.316228 0.000000 0.495385 0.466920
-0.489432 3.173813 -0.000000 0.948683 -0.316228 0.000000 0.496027 0.456332
-0.489432 2.639441 -0.000000 0.948683 -0.316228 0.000000 0.496027 0.384794
-0.489432 2.639441 -0.000000 0.948683 -0.316228 0.000000 0.496027 0.384794
-0.568523 2.718532 -0.237274 0.948683 -0.316228 0.000000 0.495385 0.395382
-0.568523 3.252904 -0.237274 0.948683 -0.316228 0.000000 0.495385 0.466920
-0.034151 3.252904 -0.237274 0.000000 -0.316228 0.948683 0.499723 0.466920
0.044940 3.173813 -0.000000 -0.000000 -0.316228 0.948683 0.500365 0.456332
-0.489432 3.173813 -0.000000 0.000000 -0.316228 0.948683 0.496027 0.456332
-0.489432 3.173813 -0.000000 0.000000 -0.316228 0.948683 0.496027 0.456332
-0.568523 3.252904 -0.237274 0.000000 -0.316228 0.948683 0.495385 0.466920
-0.034151 3.252904 -0.237274 0.000000 -0.316228 0.948683 0.499723 0.466920
-0.034151 3.702901 -0.237274 0.948683 -0.316228 0.000000 0.499723 0.527163
0.044940 3.781992 -0.000000 0.948683 -0.316228 0.000000 0.500365 0.537751
0.044940 3.173813 -0.000000 0.948683 -0.316228 0.000000 0.500365 0.456332
0.044940 3.173813 -0.000000 0.948683 -0.316228 0.000000 0.500365 0.456332
-0.034151 3.252904 -0.237274 0.948683 -0.316228 0.000000 0.499723 0.466920
-0.034151 3.702901 -0.237274 0.948683 -0.316228 0.000000 0.499723 0.527163
-0.568523 3.702901 -0.237274 0.000000 -0.316228 -0.948683 0.495385 0.527163
-0.489432 3.781992 -0.000000 0.000000 -0.316228 -0.948683 0.496027 0.537751
0.044940 3.781992 -0.000000 0.000000 -0.316228 -0.948683 0.500365 0.537751
0.044940 3.781992 -0.000000 0.000000 -0.316228 -0.948683 0.500365 0.537751
-0.034151 3.702901 -0.237274 0.000000 -0.316228 -0.948683 0.499723 0.527163
-0.568523 3.702901 -0.237274 0.000000 -0.316228 -0.948683 0.495385 0.527163
-0.568523 4.237273 -0.237274 0.948683 -0.316228 0.000000 0.495385 0.598702
-0.489432 4.316364 -0.000000 0.948683 -0.316228 0.000000 0.496027 0.609290
-0.489432 3.781992 -0.000000 0.948683 -0.316228 0.000000 0.496027 0.537751
-0.489432 3.781992 -0.000000 0.948683 -0.316228 0.000000 0.496027 0.537751
-0.568523 3.702901 -0.237274 0.948683 -0.316228 0.000000 0.495385 0.527163
-0.568523 4.237273 -0.237274 0.948683 -0.316228 0.000000 0.495385 0.598702
-1.018521 4.237273 -0.237274 0.000000 -0.316228 -0.948683 0.491733 0.598702
-1.097612 4.316364 -0.000000 0.000000 -0.316228 -0.948683 0.491091 0.609290
-0.489432 4.316364 -0.000000 0.000000 -0.316228 -0.948683 0.496027 0.609290
-0.489432 4.316364 -0.000000 0.000000 -0.316228 -0.948683 0.496027 0.609290
-0.568523 4.237273 -0.237274 0.000000 -0.316227 -0.948683 0.495385 0.598702
-1.018521 4.237273 -0.237274 0.000000 -0.316228 -0.948683 0.491733 0.598702
-1.018521 3.702901 -0.237274 -0.948683 -0.316228 0.000000 0.491733 0.527163
-1.097612 3.781992 -0.000000 -0.948683 -0.316228 0.000000 0.491091 0.537751
-1.097612 4.316364 -0.000000 -0.948683 -0.316228 0.000000 0.491091 0.609290
-1.097612 4.316364 -0.000000 -0.948683 -0.316228 0.000000 0.491091 0.609290
-1.018521 4.237273 -0.237274 -0.948683 -0.316228 0.000000 0.491733 0.598702
-1.018521 3.702901 -0.237274 -0.948683 -0.316228 0.000000 0.491733 0.527163
-1.552893 3.702901 -0.237274 0.000000 -0.316228 -0.948683 0.487396 0.527163
-1.631984 3.781992 -0.000000 0.000000 -0.316228 -0.948683 0.486754 0.537751
-1.097612 3.781992 -0.000000 0.000000 -0.316228 -0.948683 0.491091 0.537751
-1.097612 3.781992 -0.000000 0.000000 -0.316228 -0.948683 0.491091 0.537751
-1.018521 3.702901 -0.237274 0.000000 -0.316228 -0.948683 0.491733 0.527163
-1.552893 3.702901 -0.237274 0.000000 -0.316228 -0.948683 0.487396 0.527163
-1.552893 3.252904 -0.237274 -0.948683 -0.316227 0.000000 0.487396 0.466920
-1.631984 3.173813 -0.000000 -0.948683 -0.316227 0.000000 0.486754 0.456332
-1.631984 3.781992 -0.000000 -0.948683 -0.316227 0.000000 0.486754 0.537751
-1.631984 3.781992 -0.000000 -0.948683 -0.316227 0.000000 0.486754 0.537751
-1.552893 3.702901 -0.237274 -0.948683 -0.316227 0.000000 0.487396 0.527163
-1.552893 3.252904 -0.237274 -0.948683 -0.316227 0.000000 0.487396 0.466920
1.082933 4.538611 -0.237274 -0.771659 -0.312850 -0.553775 0.508790 0.639043
0.822880 4.310286 -0.000000 -0.634407 -0.328738 -0.699613 0.506679 0.608476
1.034250 4.617702 -0.000000 -0.775818 -0.336988 -0.533428 0.508395 0.649631
0.832728 4.213668 -0.237274 -0.583805 -0.324440 -0.744251 0.506759 0.595542
0.304612 4.044550 -0.000000 -0.423358 -0.345311 -0.837573 0.502472 0.572901
0.822880 4.310286 -0.000000 -0.634407 -0.328738 -0.699613 0.506679 0.608476
0.822880 4.310286 -0.000000 -0.634407 -0.328738 -0.699613 0.506679 0.608476
1.082933 4.538611 -0.237274 -0.771659 -0.312850 -0.553775 0.508790 0.639043
0.832728 4.213668 -0.237274 -0.583805 -0.324440 -0.744251 0.506759 0.595542
0.832728 4.213668 -0.237274 -0.583805 -0.324440 -0.744251 0.506759 0.595542
0.383704 3.988168 -0.237274 -0.421995 -0.340341 -0.840290 0.503114 0.565353
0.304612 4.044550 -0.000000 -0.423358 -0.345311 -0.837573 0.502472 0.572901
0.383704 3.526117 -0.237274 -0.948683 -0.316228 0.000000 0.503114 0.503496
0.304612 3.418446 -0.000000 -0.948683 -0.316228 0.000000 0.502472 0.489082
0.304612 4.044550 -0.000000 -0.948683 -0.316228 0.000000 0.502472 0.572901
0.304612 4.044550 -0.000000 -0.948683 -0.316228 0.000000 0.502472 0.572901
0.383704 3.988168 -0.237274 -0.948683 -0.316228 0.000000 0.503114 0.565353
0.383704 3.526117 -0.237274 -0.948683 -0.316228 0.000000 0.503114 0.503496
0.383704 3.526117 -0.237274 0.381328 -0.303893 0.873062 0.503114 0.503496
0.899252 3.668704 -0.000000 0.401433 -0.368305 0.838572 0.507299 0.522585
0.304612 3.418446 -0.000000 0.372657 -0.277593 0.885476 0.502472 0.489082
0.383704 3.526117 -0.237274 0.381328 -0.303893 0.873062 0.503114 0.503496
0.978343 3.820800 -0.237274 0.408459 -0.392189 0.824226 0.507941 0.542947
0.899252 3.668704 -0.000000 0.401433 -0.368305 0.838572 0.507299 0.522585
0.978343 2.461390 -0.237274 -0.948683 -0.316228 0.000000 0.507941 0.360958
0.899252 2.382299 -0.000000 -0.948683 -0.316228 0.000000 0.507299 0.350369
0.899252 3.668704 -0.000000 -0.948683 -0.316228 0.000000 0.507299 0.522585
0.899252 3.668704 -0.000000 -0.948683 -0.316228 0.000000 0.507299 0.522585
0.978343 3.820800 -0.237274 -0.948683 -0.316228 0.000000 0.507941 0.542947
0.978343 2.461390 -0.237274 -0.948683 -0.316228 0.000000 0.507941 0.360958
1.552894 2.461390 -0.237274 0.000000 -0.316228 0.948683 0.512604 0.360958
1.631985 2.382299 -0.000000 -0.000000 -0.316228 0.948683 0.513246 0.350369
0.899252 2.382299 -0.000000 0.000000 -0.316228 0.948683 0.507299 0.350369
0.899252 2.382299 -0.000000 0.000000 -0.316228 0.948683 0.507299 0.350369
0.978343 2.461390 -0.237274 0.000000 -0.316228 0.948683 0.507941 0.360958
1.552894 2.461390 -0.237274 0.000000 -0.316228 0.948683 0.512604 0.360958
1.552894 4.538611 -0.237274 0.948683 -0.316228 0.000000 0.512604 0.639043
1.631985 4.617702 -0.000000 0.948683 -0.316228 0.000000 0.513246 0.649631
1.631985 2.382299 -0.000000 0.948683 -0.316228 0.000000 0.513246 0.350369
1.631985 2.382299 -0.000000 0.948683 -0.316228 0.000000 0.513246 0.350369
1.552894 2.461390 -0.237274 0.948683 -0.316227 0.000000 0.512604 0.360958
1.552894 4.538611 -0.237274 0.948683 -0.316228 0.000000 0.512604 0.639043
1.082933 4.538611 -0.237274 0.000000 -0.316228 -0.948683 0.508790 0.639043
1.034250 4.617702 -0.000000 0.000000 -0.316228 -0.948683 0.508395 0.649631
1.631985 4.617702 -0.000000 0.000000 -0.316228 -0.948683 0.513246 0.649631
1.631985 4.617702 -0.000000 0.000000 -0.316228 -0.948683 0.513246 0.649631
1.552894 4.538611 -0.237274 0.000000 -0.316227 -0.948683 0.512604 0.639043
1.082933 4.538611 -0.237274 0.000000 -0.316228 -0.948683 0.508790 0.639043
-1.097612 3.173813 -0.000000 0.000000 0.316228 0.948683 0.491091 0.456332
-1.018521 3.252904 0.237274 0.000000 0.316228 0.948683 0.491733 0.466920
-1.552893 3.252904 0.237274 0.000000 0.316228 0.948683 0.487396 0.466920
-1.552893 3.252904 0.237274 0.000000 0.316228 0.948683 0.487396 0.466920
-1.631984 3.173813 -0.000000 0.000000 0.316228 0.948683 0.486754 0.456332
-1.097612 3.173813 -0.000000 0.000000 0.316228 0.948683 0.491091 0.456332
-1.097612 2.639441 -0.000000 -0.948683 0.316228 -0.000000 0.491091 0.384794
-1.018521 2.718532 0.237274 -0.948683 0.316228 -0.000000 0.491733 0.395382
-1.018521 3.252904 0.237274 -0.948683 0.316228 -0.000000 0.491733 0.466920
-1.018521 3.252904 0.237274 -0.948683 0.316228 -0.000000 0.491733 0.466920
-1.097612 3.173813 -0.000000 -0.948683 0.316228 -0.000000 0.491091 0.456332
-1.097612 2.639441 -0.000000 -0.948683 0.316228 -0.000000 0.491091 0.384794
-0.489432 2.639441 -0.000000 0.000000 0.316228 0.948683 0.496027 0.384794
-0.568523 2.718532 0.237274 0.000000 0.316228 0.948683 0.495385 0.395382
-1.018521 2.718532 0.237274 0.000000 0.316228 0.948683 0.491733 0.395382
-1.018521 2.718532 0.237274 0.000000 0.316228 0.948683 0.491733 0.395382
-1.097612 2.639441 -0.000000 0.000000 0.316228 0.948683 0.491091 0.384794
-0.489432 2.639441 -0.000000 0.000000 0.316228 0.948683 0.496027 0.384794
-0.489432 3.173813 -0.000000 0.948683 0.316228 -0.000000 0.496027 0.456332
-0.568523 3.252904 0.237274 0.948683 0.316228 -0.000000 0.495385 0.466920
-0.568523 2.718532 0.237274 0.948683 0.316228 -0.000000 0.495385 0.395382
-0.568523 2.718532 0.237274 0.948683 0.316228 -0.000000 0.495385 0.395382
-0.489432 2.639441 -0.000000 0.948683 0.316228 -0.000000 0.496027 0.384794
-0.489432 3.173813 -0.000000 0.948683 0.316228 -0.000000 0.496027 0.456332
0.044940 3.173813 -0.000000 0.000000 0.316228 0.948683 0.500365 0.456332
-0.034151 3.252904 0.237274 0.000000 0.316228 0.948683 0.499723 0.466920
-0.568523 3.252904 0.237274 0.000000 0.316228 0.948683 0.495385 0.466920
-0.568523 3.252904 0.237274 0.000000 0.316228 0.948683 0.495385 0.466920
-0.489432 3.173813 -0.000000 0.000000 0.316228 0.948683 0.496027 0.456332
0.044940 3.173813 -0.000000 0.000000 0.316228 0.948683 0.500365 0.456332
0.044940 3.781992 -0.000000 0.948683 0.316228 -0.000000 0.500365 0.537751
-0.034151 3.702901 0.237274 0.948683 0.316228 -0.000000 0.499723 0.527163
-0.034151 3.252904 0.237274 0.948683 0.316228 -0.000000 0.499723 0.466920
-0.034151 3.252904 0.237274 0.948683 0.316228 -0.000000 0.499723 0.466920
0.044940 3.173813 -0.000000 0.948683 0.316228 -0.000000 0.500365 0.456332
0.044940 3.781992 -0.000000 0.948683 0.316228 -0.000000 0.500365 0.537751
-0.489432 3.781992 -0.000000 0.000000 0.316228 -0.948683 0.496027 0.537751
-0.568523 3.702901 0.237274 0.000000 0.316228 -0.948683 0.495385 0.527163
-0.034151 3.702901 0.237274 0.000000 0.316228 -0.948683 0.499723 0.527163
-0.034151 3.702901 0.237274 0.000000 0.316228 -0.948683 0.499723 0.527163
0.044940 3.781992 -0.000000 0.000000 0.316228 -0.948683 0.500365 0.537751
-0.489432 3.781992 -0.000000 0.000000 0.316228 -0.948683 0.496027 0.537751
-0.489432 4.316364 -0.000000 0.948683 0.316228 -0.000000 0.496027 0.609290
-0.568523 4.237273 0.237274 0.948683 0.316228 -0.000000 0.495385 0.598702
-0.568523 3.702901 0.237274 0.948683 0.316228 -0.000000 0.495385 0.527163
-0.568523 3.702901 0.237274 0.948683 0.316228 -0.000000 0.495385 0.527163
-0.489432 3.781992 -0.000000 0.948683 0.316228 -0.000000 0.496027 0.537751
-0.489432 4.316364 -0.000000 0.948683 0.316228 -0.000000 0.496027 0.609290
-1.097612 4.316364 -0.000000 0.000000 0.316227 -0.948683 0.491091 0.609290
-1.018521 4.237273 0.237274 0.000000 0.316227 -0.948683 0.491733 0.598702
-0.568523 4.237273 0.237274 0.000000 0.316227 -0.948683 0.495385 0.598702
-0.568523 4.237273 0.237274 0.000000 0.316227 -0.948683 0.495385 0.598702
-0.489432 4.316364 -0.000000 0.000000 0.316227 -0.948683 0.496027 0.609290
-1.097612 4.316364 -0.000000 0.000000 0.316227 -0.948683 0.491091 0.609290
-1.097612 3.781992 -0.000000 -0.948683 0.316228 -0.000000 0.491091 0.537751
-1.018521 3.702901 0.237274 -0.948683 0.316228 -0.000000 0.491733 0.527163
-1.018521 4.237273 0.237274 -0.948683 0.316228 -0.000000 0.491733 0.598702
-1.018521 4.237273 0.237274 -0.948683 0.316228 -0.000000 0.491733 0.598702
-1.097612 4.316364 -0.000000 -0.948683 0.316228 -0.000000 0.491091 0.609290
-1.097612 3.781992 -0.000000 -0.948683 0.316228 -0.000000 0.491091 0.537751
-1.631984 3.781992 -0.000000 0.000000 0.316228 -0.948683 0.486754 0.537751
-1.552893 3.702901 0.237274 0.000000 0.316228 -0.948683 0.487396 0.527163
-1.018521 3.702901 0.237274 0.000000 0.316228 -0.948683 0.491733 0.527163
-1.018521 3.702901 0.237274 0.000000 0.316228 -0.948683 0.491733 0.527163
-1.097612 3.781992 -0.000000 0.000000 0.316228 -0.948683 0.491091 0.537751
-1.631984 3.781992 -0.000000 0.000000 0.316228 -0.948683 0.486754 0.537751
-1.631984 3.173813 -0.000000 -0.948683 0.316227 -0.000000 0.486754 0.456332
-1.552893 3.252904 0.237274 -0.948683 0.316227 -0.000000 0.487396 0.466920
-1.552893 3.702901 0.237274 -0.948683 0.316227 -0.000000 0.487396 0.527163
-1.552893 3.702901 0.237274 -0.948683 0.316227 -0.000000 0.487396 0.527163
-1.631984 3.781992 -0.000000 -0.948683 0.316227 -0.000000 0.486754 0.537751
-1.631984 3.173813 -0.000000 -0.948683 0.316227 -0.000000 0.486754 0.456332
1.034250 4.617702 -0.000000 -0.771497 0.327825 -0.545274 0.508395 0.649631
0.876985 4.252540 0.237274 -0.629364 0.321947 -0.707284 0.507118 0.600745
1.082933 4.538611 0.237274 -0.763283 0.339774 -0.549502 0.508790 0.639043
0.822880 4.310286 -0.000000 -0.629155 0.321237 -0.707793 0.506679 0.608476
0.383704 3.988168 0.237274 -0.434049 0.333011 -0.837081 0.503114 0.565353
0.876985 4.252540 0.237274 -0.629364 0.321947 -0.707284 0.507118 0.600745
0.876985 4.252540 0.237274 -0.629364 0.321947 -0.707284 0.507118 0.600745
1.034250 4.617702 -0.000000 -0.771497 0.327825 -0.545274 0.508395 0.649631
0.822880 4.310286 -0.000000 -0.629155 0.321237 -0.707793 0.506679 0.608476
0.822880 4.310286 -0.000000 -0.629155 0.321237 -0.707793 0.506679 0.608476
0.304612 4.044550 -0.000000 -0.428802 0.341662 -0.836299 0.502472 0.572901
0.383704 3.988168 0.237274 -0.434049 0.333011 -0.837081 0.503114 0.565353
0.304612 3.418446 -0.000000 -0.948683 0.316228 -0.000000 0.502472 0.489082
0.383704 3.526117 0.237274 -0.948683 0.316228 -0.000000 0.503114 0.503496
0.383704 3.988168 0.237274 -0.948683 0.316228 -0.000000 0.503114 0.565353
0.383704 3.988168 0.237274 -0.948683 0.316228 -0.000000 0.503114 0.565353
0.304612 4.044550 -0.000000 -0.948683 0.316228 -0.000000 0.502472 0.572901
0.304612 3.418446 -0.000000 -0.948683 0.316228 -0.000000 0.502472 0.489082
0.304612 3.418446 -0.000000 0.409275 0.299409 0.861886 0.502472 0.489082
0.978343 3.820800 0.237274 0.375333 0.373074 0.848493 0.507941 0.542947
0.383704 3.526117 0.237274 0.429893 0.250348 0.867478 0.503114 0.503496
0.304612 3.418446 -0.000000 0.409275 0.299409 0.861886 0.502472 0.489082
0.899252 3.668704 -0.000000 0.352202 0.419047 0.836871 0.507299 0.522585
0.978343 3.820800 0.237274 0.375333 0.373074 0.848493 0.507941 0.542947
0.899252 2.382299 -0.000000 -0.948683 0.316228 -0.000000 0.507299 0.350369
0.978343 2.461390 0.237274 -0.948683 0.316228 -0.000000 0.507941 0.360958
0.978343 3.820800 0.237274 -0.948683 0.316228 -0.000000 0.507941 0.542947
0.978343 3.820800 0.237274 -0.948683 0.316228 -0.000000 0.507941 0.542947
0.899252 3.668704 -0.000000 -0.948683 0.316228 -0.000000 0.507299 0.522585
0.899252 2.382299 -0.000000 -0.948683 0.316228 -0.000000 0.507299 0.350369
1.631985 2.382299 -0.000000 0.000000 0.316228 0.948683 0.513246 0.350369
1.552894 2.461390 0.237274 0.000000 0.316228 0.948683 0.512604 0.360958
0.978343 2.461390 0.237274 0.000000 0.316228 0.948683 0.507941 0.360958
0.978343 2.461390 0.237274 0.000000 0.316228 0.948683 0.507941 0.360958
0.899252 2.382299 -0.000000 0.000000 0.316228 0.948683 0.507299 0.350369
1.631985 2.382299 -0.000000 0.000000 0.316228 0.948683 0.513246 0.350369
1.631985 4.617702 -0.000000 0.948683 0.316227 -0.000000 0.513246 0.649631
1.552894 4.538611 0.237274 0.948683 0.316227 -0.000000 0.512604 0.639043
1.552894 2.461390 0.237274 0.948683 0.316228 -0.000000 0.512604 0.360958
1.552894 2.461390 0.237274 0.948683 0.316228 -0.000000 0.512604 0.360958
1.631985 2.382299 -0.000000 0.948683 0.316228 -0.000000 0.513246 0.350369
1.631985 4.617702 -0.000000 0.948683 0.316227 -0.000000 0.513246 0.649631
1.034250 4.617702 -0.000000 0.000000 0.316227 -0.948683 0.508395 0.649631
1.082933 4.538611 0.237274 0.000000 0.316227 -0.948683 0.508790 0.639043
1.552894 4.538611 0.237274 0.000000 0.316227 -0.948683 0.512604 0.639043
1.552894 4.538611 0.237274 0.000000 0.316227 -0.948683 0.512604 0.639043
1.631985 4.617702 -0.000000 0.000000 0.316227 -0.948683 0.513246 0.649631
1.034250 4.617702 -0.000000 0.000000 0.316227 -0.948683 0.508395 0.649631
-0.034151 3.252904 0.237274 0.000000 1.000000 -0.000000 0.499723 0.466920
-0.034151 3.702901 0.237274 0.000000 1.000000 -0.000000 0.499723 0.527163
-0.568523 3.702901 0.237274 0.000000 1.000000 -0.000000 0.495385 0.527163
-0.568523 4.237273 0.237274 0.000000 1.000000 -0.000000 0.495385 0.598702
-1.018521 4.237273 0.237274 0.000000 1.000000 -0.000000 0.491733 0.598702
-1.018521 3.702901 0.237274 0.000000 1.000000 -0.000000 0.491733 0.527163
-0.568523 3.702901 0.237274 0.000000 1.000000 -0.000000 0.495385 0.527163
-0.568523 4.237273 0.237274 0.000000 1.000000 -0.000000 0.495385 0.598702
-1.018521 3.702901 0.237274 0.000000 1.000000 -0.000000 0.491733 0.527163
-1.018521 3.702901 0.237274 0.000000 1.000000 -0.000000 0.491733 0.527163
-1.552893 3.702901 0.237274 0.000000 1.000000 -0.000000 0.487396 0.527163
-1.552893 3.252904 0.237274 0.000000 1.000000 -0.000000 0.487396 0.466920
-1.018521 3.702901 0.237274 0.000000 1.000000 -0.000000 0.491733 0.527163
-1.552893 3.252904 0.237274 0.000000 1.000000 -0.000000 0.487396 0.466920
-1.018521 3.252904 0.237274 0.000000 1.000000 -0.000000 0.491733 0.466920
-0.568523 3.702901 0.237274 0.000000 1.000000 -0.000000 0.495385 0.527163
-1.018521 3.702901 0.237274 0.000000 1.000000 -0.000000 0.491733 0.527163
-1.018521 3.252904 0.237274 0.000000 1.000000 -0.000000 0.491733 0.466920
-1.018521 3.252904 0.237274 0.000000 1.000000 -0.000000 0.491733 0.466920
-1.018521 2.718532 0.237274 0.000000 1.000000 -0.000000 0.491733 0.395382
-0.568523 2.718532 0.237274 0.000000 1.000000 -0.000000 0.495385 0.395382
-1.018521 3.252904 0.237274 0.000000 1.000000 -0.000000 0.491733 0.466920
-0.568523 2.718532 0.237274 0.000000 1.000000 -0.000000 0.495385 0.395382
-0.568523 3.252904 0.237274 0.000000 1.000000 -0.000000 0.495385 0.466920
-0.568523 3.702901 0.237274 0.000000 1.000000 -0.000000 0.495385 0.527163
-1.018521 3.252904 0.237274 0.000000 1.000000 -0.000000 0.491733 0.466920
-0.568523 3.252904 0.237274 0.000000 1.000000 -0.000000 0.495385 0.466920
-0.034151 3.252904 0.237274 0.000000 1.000000 -0.000000 0.499723 0.466920
-0.568523 3.702901 0.237274 0.000000 1.000000 -0.000000 0.495385 0.527163
-0.568523 3.252904 0.237274 0.000000 1.000000 -0.000000 0.495385 0.466920
0.978343 3.820800 0.237274 0.000000 1.000000 -0.000000 0.507941 0.542947
0.978343 2.461390 0.237274 0.000000 1.000000 -0.000000 0.507941 0.360958
1.552894 2.461390 0.237274 0.000000 1.000000 -0.000000 0.512604 0.360958
1.552894 2.461390 0.237274 0.000000 1.000000 -0.000000 0.512604 0.360958
1.552894 4.538611 0.237274 0.000000 1.000000 -0.000000 0.512604 0.639043
1.082933 4.538611 0.237274 0.000000 1.000000 -0.000000 0.508790 0.639043
1.552894 2.461390 0.237274 0.000000 1.000000 -0.000000 0.512604 0.360958
1.082933 4.538611 0.237274 0.000000 1.000000 -0.000000 0.508790 0.639043
0.876985 4.252540 0.237274 0.000000 1.000000 -0.000000 0.507118 0.600745
0.978343 3.820800 0.237274 0.000000 1.000000 -0.000000 0.507941 0.542947
1.552894 2.461390 0.237274 0.000000 1.000000 -0.000000 0.512604 0.360958
0.876985 4.252540 0.237274 0.000000 1.000000 -0.000000 0.507118 0.600745
0.978343 3.820800 0.237274 0.000000 1.000000 -0.000000 0.507941 0.542947
0.876985 4.252540 0.237274 0.000000 1.000000 -0.000000 0.507118 0.600745
0.383704 3.988168 0.237274 0.000000 1.000000 -0.000000 0.503114 0.565353
0.978343 3.820800 0.237274 0.000000 1.000000 -0.000000 0.507941 0.542947
0.383704 3.988168 0.237274 0.000000 1.000000 -0.000000 0.503114 0.565353
0.383704 3.526117 0.237274 0.000000 1.000000 -0.000000 0.503114 0.503496
-0.568523 2.718532 -0.237274 0.000000 -1.000000 0.000000 0.495385 0.395382
-1.018521 2.718532 -0.237274 0.000000 -1.000000 0.000000 0.491733 0.395382
-1.018521 3.252904 -0.237274 0.000000 -1.000000 0.000000 0.491733 0.466920
-0.568523 3.252904 -0.237274 0.000000 -1.000000 0.000000 0.495385 0.466920
-0.568523 2.718532 -0.237274 0.000000 -1.000000 0.000000 0.495385 0.395382
-1.018521 3.252904 -0.237274 0.000000 -1.000000 0.000000 0.491733 0.466920
-1.552893 3.252904 -0.237274 0.000000 -1.000000 0.000000 0.487396 0.466920
-1.552893 3.702901 -0.237274 0.000000 -1.000000 0.000000 0.487396 0.527163
-1.018521 3.702901 -0.237274 0.000000 -1.000000 0.000000 0.491733 0.527163
-1.018521 3.252904 -0.237274 0.000000 -1.000000 0.000000 0.491733 0.466920
-1.552893 3.252904 -0.237274 0.000000 -1.000000 0.000000 0.487396 0.466920
-1.018521 3.702901 -0.237274 0.000000 -1.000000 0.000000 0.491733 0.527163
-1.018521 3.702901 -0.237274 0.000000 -1.000000 0.000000 0.491733 0.527163
-1.018521 4.237273 -0.237274 0.000000 -1.000000 0.000000 0.491733 0.598702
-0.568523 4.237273 -0.237274 0.000000 -1.000000 0.000000 0.495385 0.598702
-1.018521 3.702901 -0.237274 0.000000 -1.000000 0.000000 0.491733 0.527163
-0.568523 4.237273 -0.237274 0.000000 -1.000000 0.000000 0.495385 0.598702
-0.568523 3.702901 -0.237274 0.000000 -1.000000 0.000000 0.495385 0.527163
-1.018521 3.252904 -0.237274 0.000000 -1.000000 0.000000 0.491733 0.466920
-1.018521 3.702901 -0.237274 0.000000 -1.000000 0.000000 0.491733 0.527163
-0.568523 3.702901 -0.237274 0.000000 -1.000000 0.000000 0.495385 0.527163
-0.568523 3.252904 -0.237274 0.000000 -1.000000 0.000000 0.495385 0.466920
-1.018521 3.252904 -0.237274 0.000000 -1.000000 0.000000 0.491733 0.466920
-0.568523 3.702901 -0.237274 0.000000 -1.000000 0.000000 0.495385 0.527163
-0.034151 3.252904 -0.237274 0.000000 -1.000000 0.000000 0.499723 0.466920
-0.568523 3.252904 -0.237274 0.000000 -1.000000 0.000000 0.495385 0.466920
-0.568523 3.702901 -0.237274 0.000000 -1.000000 0.000000 0.495385 0.527163
-0.034151 3.252904 -0.237274 0.000000 -1.000000 0.000000 0.499723 0.466920
-0.568523 3.702901 -0.237274 0.000000 -1.000000 0.000000 0.495385 0.527163
-0.034151 3.702901 -0.237274 0.000000 -1.000000 0.000000 0.499723 0.527163
0.978343 3.820800 -0.237274 0.000000 -1.000000 0.000000 0.507941 0.542947
0.383704 3.526117 -0.237274 0.000000 -1.000000 0.000000 0.503114 0.503496
0.383704 3.988168 -0.237274 0.000000 -1.000000 0.000000 0.503114 0.565353
0.978343 3.820800 -0.237274 0.000000 -1.000000 0.000000 0.507941 0.542947
0.383704 3.988168 -0.237274 0.000000 -1.000000 0.000000 0.503114 0.565353
0.832728 4.213668 -0.237274 0.000000 -1.000000 0.000000 0.506759 0.595542
1.082933 4.538611 -0.237274 0.000000 -1.000000 0.000000 0.508790 0.639043
1.552894 4.538611 -0.237274 -0.000000 -1.000000 0.000000 0.512604 0.639043
1.552894 2.461390 -0.237274 0.000000 -1.000000 0.000000 0.512604 0.360958
0.832728 4.213668 -0.237274 0.000000 -1.000000 0.000000 0.506759 0.595542
1.082933 4.538611 -0.237274 0.000000 -1.000000 0.000000 0.508790 0.639043
1.552894 2.461390 -0.237274 0.000000 -1.000000 0.000000 0.512604 0.360958
0.978343 3.820800 -0.237274 0.000000 -1.000000 0.000000 0.507941 0.542947
0.832728 4.213668 -0.237274 0.000000 -1.000000 0.000000 0.506759 0.595542
1.552894 2.461390 -0.237274 0.000000 -1.000000 0.000000 0.512604 0.360958
0.978343 3.820800 -0.237274 0.000000 -1.000000 0.000000 0.507941 0.542947
1.552894 2.461390 -0.237274 0.000000 -1.000000 0.000000 0.512604 0.360958
0.978343 2.461390 -0.237274 0.000000 -1.000000 0.000000 0.507941 0.360958
Box
2
-2.689103 -0.237274
2.689102 0.237273
End