grass
24
-5, -5, 5, 0, 0, 0, 0, 0, 0
-5, 5, 5, 0, 0, 0, 0, 0, 1
5, 5, 5, 0, 0, 0, 0, 1, 1
-5, -5, 5, 0, 0, 0, 0, 0, 0
5, 5, 5, 0, 0, 0, 0, 1, 1
5, -5, 5, 0, 0, 0, 0, 1, 0
-5, -5, -5, 0, 0, 0, 0, 0, 0
-5, 5, -5, 0, 0, 0, 0, 0, 1
5, 5, -5, 0, 0, 0, 0, 1, 1
-5, -5, -5, 0, 0, 0, 0, 0, 0
5, 5, -5, 0, 0, 0, 0, 1, 1
5, -5, -5, 0, 0, 0, 0, 1, 0
-5, 5, -5, 0, 0, 0, 0, 0, 0
-5, 5, 5, 0, 0, 0, 0, 0, 1
5, 5, 5, 0, 0, 0, 0, 1, 1
-5, 5, -5, 0, 0, 0, 0, 0, 0
5, 5, 5, 0, 0, 0, 0, 1, 1
5, 5, -5, 0, 0, 0, 0, 1, 0
-5, -5, -5, 0, 0, 0, 0, 0, 0
-5, -5, 5, 0, 0, 0, 0, 0, 1
5, -5, 5, 0, 0, 0, 0, 1, 1
-5, -5, -5, 0, 0, 0, 0, 0, 0
5, -5, 5, 0, 0, 0, 0, 1, 1
5, -5, -5, 0, 0, 0, 0, 1, 0
Box
2
-5, -5
5, 5
End