object_road_4
1116
21.536293 15.004951 -9.378568 0.000000 -1.000000 0.000000 0.044136 0.975944
101.653809 15.004951 -9.378567 0.000000 -1.000000 0.000000 0.608102 0.975944
101.653809 15.004951 9.378574 0.000000 -1.000000 0.000000 0.608102 0.017077
101.653809 15.004951 9.378574 0.000000 -1.000000 0.000000 0.608102 0.017077
21.536293 15.004951 9.378576 0.000000 -1.000000 0.000000 0.044136 0.017077
21.536293 15.004951 -9.378568 0.000000 -1.000000 0.000000 0.044136 0.975944
21.536293 17.163805 -9.378568 0.000000 1.000000 -0.000000 0.997380 0.996538
21.536293 17.163807 9.378576 0.000000 1.000000 -0.000000 0.666728 0.996052
101.653809 17.163807 9.378574 0.000000 1.000000 -0.000000 0.666623 0.003692
101.653809 17.163807 9.378574 0.000000 1.000000 -0.000000 0.666623 0.003692
101.653809 17.163805 -9.378567 0.000000 1.000000 -0.000000 0.997288 0.003685
21.536293 17.163805 -9.378568 0.000000 1.000000 -0.000000 0.997380 0.996538
21.536293 15.004951 -9.378568 0.000000 0.000000 1.000000 0.602018 0.639115
21.536293 15.004951 9.378576 0.000000 0.000000 1.000000 0.049700 0.639573
21.536293 17.163807 9.378576 0.000000 0.000000 1.000000 0.049708 0.819425
21.536293 17.163807 9.378576 0.000000 0.000000 1.000000 0.049708 0.819425
21.536293 17.163805 -9.378568 0.000000 0.000000 1.000000 0.602026 0.818967
21.536293 15.004951 -9.378568 0.000000 0.000000 1.000000 0.602018 0.639115
21.548096 15.453493 9.689407 1.000000 -0.000000 -0.000000 0.044223 0.676945
101.656822 15.453493 9.689404 1.000000 -0.000000 -0.000000 0.608124 0.676945
101.656822 16.715265 9.689404 1.000000 -0.000000 -0.000000 0.608124 0.782062
101.656822 16.715265 9.689404 1.000000 -0.000000 -0.000000 0.608124 0.782062
21.548096 16.715265 9.689407 1.000000 -0.000000 -0.000000 0.044223 0.782062
21.548096 15.453493 9.689407 1.000000 -0.000000 -0.000000 0.044223 0.676945
101.653809 15.004951 9.378574 0.000000 -0.000000 -1.000000 0.049700 0.639573
101.653809 15.004951 -9.378567 0.000000 -0.000000 -1.000000 0.602018 0.639115
101.653809 17.163805 -9.378567 0.000000 -0.000000 -1.000000 0.602026 0.818967
101.653809 17.163805 -9.378567 0.000000 -0.000000 -1.000000 0.602026 0.818967
101.653809 17.163807 9.378574 0.000000 -0.000000 -1.000000 0.049708 0.819425
101.653809 15.004951 9.378574 0.000000 -0.000000 -1.000000 0.049700 0.639573
101.656815 15.453492 -9.689398 -1.000000 0.000000 -0.000000 0.608124 0.676477
21.548096 15.453492 -9.689398 -1.000000 0.000000 -0.000000 0.044223 0.676477
21.548096 16.715263 -9.689398 -1.000000 0.000000 -0.000000 0.044223 0.781594
21.548096 16.715263 -9.689398 -1.000000 0.000000 -0.000000 0.044223 0.781594
101.656815 16.715263 -9.689398 -1.000000 0.000000 0.000000 0.608124 0.781594
101.656815 15.453492 -9.689398 -1.000000 0.000000 -0.000000 0.608124 0.676477
21.536293 15.004951 9.378576 1.000000 -0.000000 -0.000000 0.044136 0.639573
101.653809 15.004951 9.378574 1.000000 -0.000000 -0.000000 0.608102 0.639573
101.656822 15.453493 9.378574 1.000000 -0.000000 -0.000000 0.608124 0.676940
101.656822 15.453493 9.378574 1.000000 -0.000000 -0.000000 0.608124 0.676940
21.548096 15.453493 9.378576 1.000000 -0.000000 -0.000000 0.044223 0.676940
21.536293 15.004951 9.378576 1.000000 -0.000000 -0.000000 0.044136 0.639573
101.653809 15.004951 9.378574 -1.000000 0.000000 -0.000000 0.608102 0.639573
101.653809 17.163807 9.378574 -1.000000 0.000000 -0.000000 0.608102 0.819425
101.656822 16.715265 9.378574 -1.000000 0.000000 -0.000000 0.608124 0.782057
101.656822 16.715265 9.378574 -1.000000 0.000000 0.000000 0.608124 0.782057
101.656822 15.453493 9.378574 -1.000000 0.000000 0.000000 0.608124 0.676940
101.653809 15.004951 9.378574 -1.000000 0.000000 0.000000 0.608102 0.639573
101.653809 17.163807 9.378574 1.000000 0.000000 -0.000000 0.608102 0.819425
21.536293 17.163807 9.378576 1.000000 0.000000 -0.000000 0.044136 0.819425
21.548096 16.715265 9.378576 1.000000 0.000000 -0.000000 0.044223 0.782057
21.548096 16.715265 9.378576 1.000000 0.000000 -0.000000 0.044223 0.782057
101.656822 16.715265 9.378574 1.000000 0.000000 -0.000000 0.608124 0.782057
101.653809 17.163807 9.378574 1.000000 0.000000 -0.000000 0.608102 0.819425
21.536293 17.163807 9.378576 1.000000 0.000000 0.000000 0.044136 0.819425
21.536293 15.004951 9.378576 1.000000 0.000000 0.000000 0.044136 0.639573
21.548096 15.453493 9.378576 1.000000 0.000000 0.000000 0.044223 0.676940
21.548096 15.453493 9.378576 1.000000 0.000000 0.000000 0.044223 0.676940
21.548096 16.715265 9.378576 1.000000 0.000000 0.000000 0.044223 0.782057
21.536293 17.163807 9.378576 1.000000 0.000000 0.000000 0.044136 0.819425
101.653809 15.004951 -9.378567 -1.000000 -0.000000 -0.000000 0.608102 0.639115
21.536293 15.004951 -9.378568 -1.000000 -0.000000 -0.000000 0.044136 0.639115
21.548096 15.453492 -9.378568 -1.000000 -0.000000 -0.000000 0.044223 0.676482
21.548096 15.453492 -9.378568 -1.000000 -0.000000 -0.000000 0.044223 0.676482
101.656815 15.453492 -9.378567 -1.000000 -0.000000 -0.000000 0.608124 0.676482
101.653809 15.004951 -9.378567 -1.000000 -0.000000 -0.000000 0.608102 0.639115
21.536293 15.004951 -9.378568 -1.000000 0.000000 -0.000000 0.044136 0.639115
21.536293 17.163805 -9.378568 -1.000000 0.000000 -0.000000 0.044136 0.818967
21.548096 16.715263 -9.378568 -1.000000 0.000000 -0.000000 0.044223 0.781599
21.548096 16.715263 -9.378568 -1.000000 0.000000 0.000000 0.044223 0.781599
21.548096 15.453492 -9.378568 -1.000000 0.000000 0.000000 0.044223 0.676482
21.536293 15.004951 -9.378568 -1.000000 0.000000 0.000000 0.044136 0.639115
21.536293 17.163805 -9.378568 -1.000000 0.000000 -0.000000 0.044136 0.818967
101.653809 17.163805 -9.378567 -1.000000 0.000000 -0.000000 0.608102 0.818967
101.656815 16.715263 -9.378567 -1.000000 0.000000 -0.000000 0.608124 0.781599
101.656815 16.715263 -9.378567 -1.000000 0.000000 -0.000000 0.608124 0.781599
21.548096 16.715263 -9.378568 -1.000000 0.000000 -0.000000 0.044223 0.781599
21.536293 17.163805 -9.378568 -1.000000 0.000000 -0.000000 0.044136 0.818967
101.653809 17.163805 -9.378567 1.000000 0.000000 0.000000 0.608102 0.818967
101.653809 15.004951 -9.378567 1.000000 0.000000 0.000000 0.608102 0.639115
101.656815 15.453492 -9.378567 1.000000 0.000000 0.000000 0.608124 0.676482
101.656815 15.453492 -9.378567 1.000000 0.000000 0.000000 0.608124 0.676482
101.656815 16.715263 -9.378567 1.000000 0.000000 0.000000 0.608124 0.781599
101.653809 17.163805 -9.378567 1.000000 0.000000 0.000000 0.608102 0.818967
21.548096 15.453493 9.378576 0.000000 -1.000000 0.000000 0.044223 0.017080
101.656822 15.453493 9.378574 0.000000 -1.000000 0.000000 0.608124 0.017080
101.656822 15.453493 9.689404 0.000000 -1.000000 0.000000 0.608124 0.006490
101.656822 15.453493 9.689404 0.000000 -1.000000 0.000000 0.608124 0.006490
21.548096 15.453493 9.689407 0.000000 -1.000000 0.000000 0.044223 0.006489
21.548096 15.453493 9.378576 0.000000 -1.000000 0.000000 0.044223 0.017080
101.656822 15.453493 9.378574 0.000000 -0.000000 -1.000000 0.049701 0.676940
101.656822 16.715265 9.378574 0.000000 -0.000000 -1.000000 0.049706 0.782057
101.656822 16.715265 9.689404 0.000000 -0.000000 -1.000000 0.043606 0.782062
101.656822 16.715265 9.689404 0.000000 -0.000000 -1.000000 0.043606 0.782062
101.656822 15.453493 9.689404 0.000000 -0.000000 -1.000000 0.043601 0.676945
101.656822 15.453493 9.378574 0.000000 -0.000000 -1.000000 0.049701 0.676940
101.656822 16.715265 9.378574 0.000000 1.000000 -0.000000 0.608124 0.017088
21.548096 16.715265 9.378576 0.000000 1.000000 -0.000000 0.044223 0.017088
21.548096 16.715265 9.689407 0.000000 1.000000 -0.000000 0.044223 0.006498
21.548096 16.715265 9.689407 0.000000 1.000000 -0.000000 0.044223 0.006498
101.656822 16.715265 9.689404 0.000000 1.000000 -0.000000 0.608124 0.006498
101.656822 16.715265 9.378574 0.000000 1.000000 -0.000000 0.608124 0.017088
21.548096 16.715265 9.378576 0.000000 0.000000 1.000000 0.049706 0.782057
21.548096 15.453493 9.378576 0.000000 0.000000 1.000000 0.049701 0.676940
21.548096 15.453493 9.689407 0.000000 0.000000 1.000000 0.043601 0.676945
21.548096 15.453493 9.689407 -0.000000 0.000000 1.000000 0.043601 0.676945
21.548096 16.715265 9.689407 -0.000000 0.000000 1.000000 0.043606 0.782062
21.548096 16.715265 9.378576 -0.000000 0.000000 1.000000 0.049706 0.782057
101.656815 15.453492 -9.378567 0.000000 -1.000000 0.000000 0.608124 0.975947
21.548096 15.453492 -9.378568 0.000000 -1.000000 0.000000 0.044223 0.975947
21.548096 15.453492 -9.689398 0.000000 -1.000000 0.000000 0.044223 0.986537
21.548096 15.453492 -9.689398 0.000000 -1.000000 0.000000 0.044223 0.986537
101.656815 15.453492 -9.689398 0.000000 -1.000000 0.000000 0.608124 0.986537
101.656815 15.453492 -9.378567 0.000000 -1.000000 0.000000 0.608124 0.975947
21.548096 15.453492 -9.378568 -0.000000 0.000000 1.000000 0.602020 0.676482
21.548096 16.715263 -9.378568 -0.000000 0.000000 1.000000 0.602025 0.781599
21.548096 16.715263 -9.689398 -0.000000 0.000000 1.000000 0.608124 0.781594
21.548096 16.715263 -9.689398 0.000000 0.000000 1.000000 0.608124 0.781594
21.548096 15.453492 -9.689398 0.000000 0.000000 1.000000 0.608120 0.676477
21.548096 15.453492 -9.378568 0.000000 0.000000 1.000000 0.602020 0.676482
21.548096 16.715263 -9.378568 0.000000 1.000000 -0.000000 0.044223 0.975955
101.656815 16.715263 -9.378567 0.000000 1.000000 -0.000000 0.608124 0.975955
101.656815 16.715263 -9.689398 0.000000 1.000000 -0.000000 0.608124 0.986545
101.656815 16.715263 -9.689398 0.000000 1.000000 -0.000000 0.608124 0.986545
21.548096 16.715263 -9.689398 0.000000 1.000000 -0.000000 0.044223 0.986545
21.548096 16.715263 -9.378568 0.000000 1.000000 -0.000000 0.044223 0.975955
101.656815 16.715263 -9.378567 0.000000 -0.000000 -1.000000 0.602025 0.781599
101.656815 15.453492 -9.378567 0.000000 -0.000000 -1.000000 0.602020 0.676482
101.656815 15.453492 -9.689398 0.000000 -0.000000 -1.000000 0.608120 0.676477
101.656815 15.453492 -9.689398 0.000000 -0.000000 -1.000000 0.608120 0.676477
101.656815 16.715263 -9.689398 0.000000 -0.000000 -1.000000 0.608125 0.781594
101.656815 16.715263 -9.378567 0.000000 -0.000000 -1.000000 0.602025 0.781599
71.638695 14.447908 -8.842220 0.000001 -0.000001 -1.000000 0.591490 0.592717
71.638695 15.005325 -8.860094 0.000000 -0.000000 -1.000000 0.591843 0.639154
71.638695 15.005325 -5.226438 0.000000 -0.000000 -1.000000 0.520533 0.639214
71.638695 14.447908 -5.231154 0.000000 -0.000000 -1.000000 0.520623 0.592776
71.638695 14.090022 -6.175924 0.000000 -0.000000 -1.000000 0.539163 0.562945
71.638695 14.090022 -7.913565 -0.422224 -0.289777 -0.858927 0.573264 0.562917
71.638695 15.005325 -5.226438 0.000000 -0.000000 -1.000000 0.520533 0.639214
71.638695 14.447908 -5.231154 0.000000 -0.000000 -1.000000 0.520623 0.592776
71.638695 14.090022 -7.913565 -0.422224 -0.289777 -0.858927 0.573264 0.562917
71.638695 14.447908 -8.842220 0.000001 -0.000001 -1.000000 0.591490 0.592717
71.638695 15.005325 -5.226438 0.000000 -0.000000 -1.000000 0.520533 0.639214
71.638695 14.090022 -7.913565 -0.422224 -0.289777 -0.858927 0.573264 0.562917
70.211998 14.090022 -6.175923 0.822874 -0.568224 -0.000000 0.421862 0.562945
70.211990 0.000006 -6.175922 1.000000 -0.000000 -0.000001 0.421862 0.008402
71.638695 0.000006 -6.175923 1.000000 -0.000000 -0.000001 0.432381 0.008402
71.638695 0.000006 -6.175923 1.000000 -0.000000 -0.000001 0.432381 0.008402
71.638695 14.090022 -6.175924 0.822874 -0.568224 -0.000000 0.432381 0.562945
70.211998 14.090022 -6.175923 0.822874 -0.568224 -0.000000 0.421862 0.562945
71.638695 14.447908 -5.231154 0.820463 -0.571700 -0.000000 0.432381 0.834636
70.211998 14.447908 -5.231154 0.820463 -0.571700 0.000000 0.421862 0.834636
70.211998 14.090022 -6.175923 0.822874 -0.568224 -0.000000 0.421862 0.866822
70.211998 14.090022 -6.175923 0.822874 -0.568224 -0.000000 0.421862 0.866822
71.638695 14.090022 -6.175924 0.822874 -0.568224 -0.000000 0.432381 0.866822
71.638695 14.447908 -5.231154 0.820463 -0.571700 -0.000000 0.432381 0.834636
70.211998 14.090022 -7.913566 0.000000 0.000003 1.000000 0.573264 0.562917
70.211990 0.000006 -7.913566 0.000000 0.000000 1.000000 0.573238 0.008373
70.211990 0.000006 -6.175922 0.000000 0.000000 1.000000 0.539137 0.008402
70.211990 0.000006 -6.175922 0.000000 0.000000 1.000000 0.539137 0.008402
70.211998 14.090022 -6.175923 -0.000000 0.000001 1.000000 0.539163 0.562945
70.211998 14.090022 -7.913566 0.000000 0.000003 1.000000 0.573264 0.562917
70.211998 14.447908 -5.231154 -0.000000 0.000000 1.000000 0.520623 0.592776
70.211998 15.005326 -5.226438 -0.000000 0.000000 1.000000 0.520533 0.639214
70.211998 15.005326 -8.860094 -0.000001 0.000000 1.000000 0.591843 0.639154
70.211998 14.447908 -8.842221 -0.000001 0.000001 1.000000 0.591490 0.592717
70.211998 14.090022 -7.913566 0.000000 0.000003 1.000000 0.573264 0.562917
70.211998 14.090022 -6.175923 -0.000000 0.000001 1.000000 0.539163 0.562945
70.211998 15.005326 -8.860094 -0.000001 0.000000 1.000000 0.591843 0.639154
70.211998 14.447908 -8.842221 -0.000001 0.000001 1.000000 0.591490 0.592717
70.211998 14.090022 -6.175923 -0.000000 0.000001 1.000000 0.539163 0.562945
70.211998 14.447908 -5.231154 -0.000000 0.000000 1.000000 0.520623 0.592776
70.211998 15.005326 -8.860094 -0.000001 0.000000 1.000000 0.591843 0.639154
70.211998 14.090022 -6.175923 -0.000000 0.000001 1.000000 0.539163 0.562945
71.638695 14.090022 -6.175924 0.000000 -0.000000 -1.000000 0.539163 0.562945
71.638695 0.000006 -6.175923 0.000000 -0.000000 -1.000000 0.539137 0.008402
71.638695 0.000006 -7.913565 -0.707106 -0.000000 -0.707107 0.573238 0.008373
71.638695 0.000006 -7.913565 -0.707106 -0.000000 -0.707107 0.573238 0.008373
70.211990 0.000006 -7.913566 -1.000000 -0.000000 -0.000001 0.573238 0.008373
70.211998 14.090022 -7.913566 -0.824501 -0.565861 -0.000000 0.573264 0.562917
71.638695 0.000006 -7.913565 -0.707106 -0.000000 -0.707107 0.573238 0.008373
70.211998 14.090022 -7.913566 -0.824501 -0.565861 -0.000000 0.573264 0.562917
71.638695 14.090022 -7.913565 -0.422224 -0.289777 -0.858927 0.573264 0.562917
71.638695 14.090022 -6.175924 0.000000 -0.000000 -1.000000 0.539163 0.562945
71.638695 0.000006 -7.913565 -0.707106 -0.000000 -0.707107 0.573238 0.008373
71.638695 14.090022 -7.913565 -0.422224 -0.289777 -0.858927 0.573264 0.562917
70.211998 14.447908 -8.842221 -0.815326 -0.579002 -0.000000 0.421862 0.957666
71.638695 14.447908 -8.842220 -0.815326 -0.579002 -0.000000 0.432381 0.957666
71.638695 14.090022 -7.913565 -0.422224 -0.289777 -0.858927 0.432381 0.926024
71.638695 14.090022 -7.913565 -0.422224 -0.289777 -0.858927 0.432381 0.926024
70.211998 14.090022 -7.913566 -0.824501 -0.565861 -0.000000 0.421862 0.926024
70.211998 14.447908 -8.842221 -0.815326 -0.579002 -0.000000 0.421862 0.957666
70.211998 14.447908 -8.842221 -0.815326 -0.579002 -0.000000 0.421862 0.592717
70.211998 15.005326 -8.860094 -0.999486 -0.032047 0.000000 0.421862 0.639154
71.638695 15.005325 -8.860094 -0.999486 -0.032048 -0.000000 0.432381 0.639154
71.638695 15.005325 -8.860094 -0.999486 -0.032048 -0.000000 0.432381 0.639154
71.638695 14.447908 -8.842220 -0.815326 -0.579002 -0.000000 0.432381 0.592717
70.211998 14.447908 -8.842221 -0.815326 -0.579002 -0.000000 0.421862 0.592717
71.638695 14.447908 -5.231154 0.820463 -0.571700 -0.000000 0.432381 0.592776
71.638695 15.005325 -5.226438 0.999964 -0.008461 0.000000 0.432381 0.639214
70.211998 15.005326 -5.226438 0.999964 -0.008461 0.000000 0.421862 0.639214
70.211998 15.005326 -5.226438 0.999964 -0.008461 0.000000 0.421862 0.639214
70.211998 14.447908 -5.231154 0.820463 -0.571700 0.000000 0.421862 0.592776
71.638695 14.447908 -5.231154 0.820463 -0.571700 -0.000000 0.432381 0.592776
70.211990 15.005326 8.644901 0.000000 1.000000 -0.000000 0.421862 0.042073
71.638695 15.005326 8.644905 0.000000 1.000000 -0.000000 0.432381 0.042073
71.638695 15.005326 5.011250 0.000000 1.000000 -0.000000 0.432381 0.165873
71.638695 15.005326 5.011250 0.000000 1.000000 -0.000000 0.432381 0.165873
70.211998 15.005326 5.011250 0.000000 1.000000 -0.000000 0.421862 0.165873
70.211990 15.005326 8.644901 0.000000 1.000000 -0.000000 0.421862 0.042073
71.638695 14.090023 7.695415 0.000000 -0.000000 -1.000000 0.082728 0.563323
71.638695 0.000007 7.695415 0.000000 -0.000000 -1.000000 0.082702 0.008780
71.638695 0.000007 5.957775 0.000000 -0.000000 -1.000000 0.116804 0.008752
71.638695 0.000007 5.957775 0.000000 -0.000000 -1.000000 0.116804 0.008752
71.638695 14.090023 5.957774 0.000000 -0.000000 -1.000000 0.116829 0.563295
71.638695 14.090023 7.695415 0.000000 -0.000000 -1.000000 0.082728 0.563323
71.638695 14.447908 5.029119 0.000000 -0.000000 -1.000000 0.135055 0.593095
71.638695 15.005326 5.011250 0.000000 -0.000000 -1.000000 0.135408 0.639533
71.638695 15.005326 8.644905 0.000000 -0.000000 -1.000000 0.064098 0.639592
71.638695 14.447908 8.640185 0.000000 -0.000000 -1.000000 0.064188 0.593154
71.638695 14.090023 7.695415 0.000000 -0.000000 -1.000000 0.082728 0.563323
71.638695 14.090023 5.957774 0.000000 -0.000000 -1.000000 0.116829 0.563295
71.638695 15.005326 8.644905 0.000000 -0.000000 -1.000000 0.064098 0.639592
71.638695 14.447908 8.640185 0.000000 -0.000000 -1.000000 0.064188 0.593154
71.638695 14.090023 5.957774 0.000000 -0.000000 -1.000000 0.116829 0.563295
71.638695 14.447908 5.029119 0.000000 -0.000000 -1.000000 0.135055 0.593095
71.638695 15.005326 8.644905 0.000000 -0.000000 -1.000000 0.064098 0.639592
71.638695 14.090023 5.957774 0.000000 -0.000000 -1.000000 0.116829 0.563295
70.211998 14.090023 7.695415 0.822874 -0.568224 0.000000 0.421862 0.563323
70.211990 0.000007 7.695415 1.000000 -0.000000 0.000000 0.421862 0.008780
71.638695 0.000007 7.695415 1.000000 -0.000000 0.000000 0.432381 0.008780
71.638695 0.000007 7.695415 1.000000 -0.000000 0.000000 0.432381 0.008780
71.638695 14.090023 7.695415 0.822874 -0.568224 0.000000 0.432381 0.563323
70.211998 14.090023 7.695415 0.822874 -0.568224 0.000000 0.421862 0.563323
71.638695 14.447908 8.640185 0.820462 -0.571701 0.000001 0.432381 0.042230
70.211990 14.447909 8.640184 0.820462 -0.571700 0.000001 0.421862 0.042230
70.211998 14.090023 7.695415 0.822874 -0.568224 0.000000 0.421862 0.074416
70.211998 14.090023 7.695415 0.822874 -0.568224 0.000000 0.421862 0.074416
71.638695 14.090023 7.695415 0.822874 -0.568224 0.000000 0.432381 0.074416
71.638695 14.447908 8.640185 0.820462 -0.571701 0.000001 0.432381 0.042230
70.211998 14.090023 5.957774 0.000000 0.000000 1.000000 0.116829 0.563295
70.211990 0.000007 5.957775 0.000000 0.000000 1.000000 0.116804 0.008752
70.211990 0.000007 7.695415 0.000000 0.000000 1.000000 0.082702 0.008780
70.211990 0.000007 7.695415 0.000000 0.000000 1.000000 0.082702 0.008780
70.211998 14.090023 7.695415 -0.000000 -0.000001 1.000000 0.082728 0.563323
70.211998 14.090023 5.957774 0.000000 0.000000 1.000000 0.116829 0.563295
70.211990 14.447909 8.640184 -0.000001 -0.000001 1.000000 0.064188 0.593154
70.211990 15.005326 8.644901 -0.000000 0.000000 1.000000 0.064098 0.639592
70.211998 15.005326 5.011250 -0.000000 -0.000000 1.000000 0.135408 0.639533
70.211998 14.447909 5.029119 0.000000 0.000000 1.000000 0.135055 0.593095
70.211998 14.090023 5.957774 0.000000 0.000000 1.000000 0.116829 0.563295
70.211998 14.090023 7.695415 -0.000000 -0.000001 1.000000 0.082728 0.563323
70.211998 15.005326 5.011250 -0.000000 -0.000000 1.000000 0.135408 0.639533
70.211998 14.447909 5.029119 0.000000 0.000000 1.000000 0.135055 0.593095
70.211998 14.090023 7.695415 -0.000000 -0.000001 1.000000 0.082728 0.563323
70.211990 14.447909 8.640184 -0.000001 -0.000001 1.000000 0.064188 0.593154
70.211998 15.005326 5.011250 -0.000000 -0.000000 1.000000 0.135408 0.639533
70.211998 14.090023 7.695415 -0.000000 -0.000001 1.000000 0.082728 0.563323
71.638695 14.090023 5.957774 -0.824500 -0.565861 0.000000 0.432381 0.563295
71.638695 0.000007 5.957775 -1.000000 0.000000 -0.000000 0.432381 0.008752
70.211990 0.000007 5.957775 -1.000000 0.000000 -0.000000 0.421862 0.008752
70.211990 0.000007 5.957775 -1.000000 0.000000 -0.000000 0.421862 0.008752
70.211998 14.090023 5.957774 -0.824500 -0.565861 0.000000 0.421862 0.563295
71.638695 14.090023 5.957774 -0.824500 -0.565861 0.000000 0.432381 0.563295
70.211998 14.447909 5.029119 -0.815328 -0.578999 0.000000 0.421862 0.165261
71.638695 14.447908 5.029119 -0.815328 -0.579000 0.000000 0.432381 0.165261
71.638695 14.090023 5.957774 -0.824500 -0.565861 0.000000 0.432381 0.133619
71.638695 14.090023 5.957774 -0.824500 -0.565861 0.000000 0.432381 0.133619
70.211998 14.090023 5.957774 -0.824500 -0.565861 0.000000 0.421862 0.133619
70.211998 14.447909 5.029119 -0.815328 -0.578999 0.000000 0.421862 0.165261
70.211998 14.447909 5.029119 -0.815328 -0.578999 0.000000 0.421862 0.593095
70.211998 15.005326 5.011250 -0.999487 -0.032041 0.000000 0.421862 0.639533
71.638695 15.005326 5.011250 -0.999487 -0.032041 0.000000 0.432381 0.639533
71.638695 15.005326 5.011250 -0.999487 -0.032041 0.000000 0.432381 0.639533
71.638695 14.447908 5.029119 -0.815328 -0.579000 0.000000 0.432381 0.593095
70.211998 14.447909 5.029119 -0.815328 -0.578999 0.000000 0.421862 0.593095
71.638695 14.447908 8.640185 0.820462 -0.571701 0.000001 0.432381 0.593154
71.638695 15.005326 8.644905 0.999964 -0.008466 0.000002 0.432381 0.639592
70.211990 15.005326 8.644901 0.999964 -0.008464 0.000001 0.421862 0.639592
70.211990 15.005326 8.644901 0.999964 -0.008464 0.000001 0.421862 0.639592
70.211990 14.447909 8.640184 0.820462 -0.571700 0.000001 0.421862 0.593154
71.638695 14.447908 8.640185 0.820462 -0.571701 0.000001 0.432381 0.593154
47.774719 15.005327 8.644906 0.000000 1.000000 -0.000000 0.216780 0.042073
49.201412 15.005327 8.644906 0.000000 1.000000 -0.000000 0.227299 0.042073
49.201412 15.005326 5.011250 0.000000 1.000000 -0.000000 0.227299 0.165873
49.201412 15.005326 5.011250 0.000000 1.000000 -0.000000 0.227299 0.165873
47.774719 15.005326 5.011250 0.000000 1.000000 -0.000000 0.216780 0.165873
47.774719 15.005327 8.644906 0.000000 1.000000 -0.000000 0.216780 0.042073
49.201412 14.090023 7.695418 0.000000 0.000000 -1.000000 0.082728 0.563323
49.201416 0.000003 7.695415 0.000000 0.000000 -1.000000 0.082702 0.008780
49.201416 0.000004 5.957775 0.000000 0.000000 -1.000000 0.116804 0.008752
49.201416 0.000004 5.957775 0.000000 0.000000 -1.000000 0.116804 0.008752
49.201412 14.090023 5.957775 0.000000 0.000000 -1.000000 0.116829 0.563295
49.201412 14.090023 7.695418 0.000000 0.000000 -1.000000 0.082728 0.563323
49.201412 14.447909 5.029123 0.000000 -0.000000 -1.000000 0.135055 0.593095
49.201412 15.005326 5.011250 0.000000 -0.000000 -1.000000 0.135408 0.639533
49.201412 15.005327 8.644906 0.000000 -0.000000 -1.000000 0.064098 0.639592
49.201412 14.447909 8.640188 0.000000 -0.000000 -1.000000 0.064188 0.593154
49.201412 14.090023 7.695418 0.000000 0.000000 -1.000000 0.082728 0.563323
49.201412 14.090023 5.957775 0.000000 0.000000 -1.000000 0.116829 0.563295
49.201412 15.005327 8.644906 0.000000 -0.000000 -1.000000 0.064098 0.639592
49.201412 14.447909 8.640188 0.000000 -0.000000 -1.000000 0.064188 0.593154
49.201412 14.090023 5.957775 0.000000 0.000000 -1.000000 0.116829 0.563295
49.201412 14.447909 5.029123 0.000000 -0.000000 -1.000000 0.135055 0.593095
49.201412 15.005327 8.644906 0.000000 -0.000000 -1.000000 0.064098 0.639592
49.201412 14.090023 5.957775 0.000000 0.000000 -1.000000 0.116829 0.563295
47.774719 14.090023 7.695418 0.822874 -0.568224 0.000000 0.216780 0.563323
47.774719 0.000003 7.695415 1.000000 -0.000000 0.000000 0.216780 0.008780
49.201416 0.000003 7.695415 1.000000 -0.000000 0.000000 0.227299 0.008780
49.201416 0.000003 7.695415 1.000000 -0.000000 0.000000 0.227299 0.008780
49.201412 14.090023 7.695418 0.822874 -0.568224 0.000000 0.227299 0.563323
47.774719 14.090023 7.695418 0.822874 -0.568224 0.000000 0.216780 0.563323
49.201412 14.447909 8.640188 0.820462 -0.571701 0.000000 0.227299 0.042230
47.774719 14.447909 8.640188 0.820462 -0.571701 0.000000 0.216780 0.042230
47.774719 14.090023 7.695418 0.822874 -0.568224 0.000000 0.216780 0.074416
47.774719 14.090023 7.695418 0.822874 -0.568224 0.000000 0.216780 0.074416
49.201412 14.090023 7.695418 0.822874 -0.568224 0.000000 0.227299 0.074416
49.201412 14.447909 8.640188 0.820462 -0.571701 0.000000 0.227299 0.042230
47.774719 14.090023 5.957775 0.000000 -0.000000 1.000000 0.116829 0.563295
47.774719 0.000004 5.957775 0.000000 -0.000000 1.000000 0.116804 0.008752
47.774719 0.000003 7.695415 0.000000 -0.000000 1.000000 0.082702 0.008780
47.774719 0.000003 7.695415 0.000000 -0.000000 1.000000 0.082702 0.008780
47.774719 14.090023 7.695418 0.000000 -0.000000 1.000000 0.082728 0.563323
47.774719 14.090023 5.957775 0.000000 -0.000000 1.000000 0.116829 0.563295
47.774719 14.447909 8.640188 0.000000 0.000000 1.000000 0.064188 0.593154
47.774719 15.005327 8.644906 0.000000 0.000000 1.000000 0.064098 0.639592
47.774719 15.005326 5.011250 0.000000 0.000000 1.000000 0.135408 0.639533
47.774719 14.447909 5.029123 0.000000 0.000000 1.000000 0.135055 0.593095
47.774719 14.090023 5.957775 0.000000 -0.000000 1.000000 0.116829 0.563295
47.774719 14.090023 7.695418 0.000000 -0.000000 1.000000 0.082728 0.563323
47.774719 15.005326 5.011250 0.000000 0.000000 1.000000 0.135408 0.639533
47.774719 14.447909 5.029123 0.000000 0.000000 1.000000 0.135055 0.593095
47.774719 14.090023 7.695418 0.000000 -0.000000 1.000000 0.082728 0.563323
47.774719 14.447909 8.640188 0.000000 0.000000 1.000000 0.064188 0.593154
47.774719 15.005326 5.011250 0.000000 0.000000 1.000000 0.135408 0.639533
47.774719 14.090023 7.695418 0.000000 -0.000000 1.000000 0.082728 0.563323
49.201412 14.090023 5.957775 -0.824501 -0.565861 0.000000 0.227299 0.563295
49.201416 0.000004 5.957775 -1.000000 0.000000 -0.000000 0.227299 0.008752
47.774719 0.000004 5.957775 -1.000000 0.000000 -0.000000 0.216780 0.008752
47.774719 0.000004 5.957775 -1.000000 0.000000 -0.000000 0.216780 0.008752
47.774719 14.090023 5.957775 -0.824501 -0.565861 0.000000 0.216780 0.563295
49.201412 14.090023 5.957775 -0.824501 -0.565861 0.000000 0.227299 0.563295
47.774719 14.447909 5.029123 -0.815327 -0.579001 0.000000 0.216780 0.165261
49.201412 14.447909 5.029123 -0.815327 -0.579001 0.000000 0.227299 0.165261
49.201412 14.090023 5.957775 -0.824501 -0.565861 0.000000 0.227299 0.133619
49.201412 14.090023 5.957775 -0.824501 -0.565861 0.000000 0.227299 0.133619
47.774719 14.090023 5.957775 -0.824501 -0.565861 0.000000 0.216780 0.133619
47.774719 14.447909 5.029123 -0.815327 -0.579001 0.000000 0.216780 0.165261
47.774719 14.447909 5.029123 -0.815327 -0.579001 0.000000 0.216780 0.593095
47.774719 15.005326 5.011250 -0.999486 -0.032047 0.000000 0.216780 0.639533
49.201412 15.005326 5.011250 -0.999486 -0.032047 0.000000 0.227299 0.639533
49.201412 15.005326 5.011250 -0.999486 -0.032047 0.000000 0.227299 0.639533
49.201412 14.447909 5.029123 -0.815327 -0.579001 0.000000 0.227299 0.593095
47.774719 14.447909 5.029123 -0.815327 -0.579001 0.000000 0.216780 0.593095
49.201412 14.447909 8.640188 0.820462 -0.571701 0.000000 0.227299 0.593154
49.201412 15.005327 8.644906 0.999964 -0.008463 0.000000 0.227299 0.639592
47.774719 15.005327 8.644906 0.999964 -0.008463 0.000000 0.216780 0.639592
47.774719 15.005327 8.644906 0.999964 -0.008463 0.000000 0.216780 0.639592
47.774719 14.447909 8.640188 0.820462 -0.571701 0.000000 0.216780 0.593154
49.201412 14.447909 8.640188 0.820462 -0.571701 0.000000 0.227299 0.593154
47.774719 15.005326 -5.226443 0.000000 1.000000 -0.000000 0.216780 0.834479
49.201416 15.005326 -5.226444 0.000000 1.000000 -0.000000 0.227299 0.834479
49.201416 15.005326 -8.860097 0.000000 1.000000 -0.000000 0.227299 0.958279
49.201416 15.005326 -8.860097 0.000000 1.000000 -0.000000 0.227299 0.958279
47.774719 15.005326 -8.860097 0.000000 1.000000 -0.000000 0.216780 0.958279
47.774719 15.005326 -5.226443 0.000000 1.000000 -0.000000 0.216780 0.834479
49.201416 14.090023 -6.175928 0.000000 -0.000001 -1.000000 0.539163 0.562945
49.201416 0.000002 -6.175927 0.000000 0.000000 -1.000000 0.539137 0.008401
49.201416 0.000002 -7.913572 0.000000 0.000000 -1.000000 0.573238 0.008373
49.201416 0.000002 -7.913572 0.000000 0.000000 -1.000000 0.573238 0.008373
49.201416 14.090023 -7.913573 0.000000 0.000000 -1.000000 0.573264 0.562917
49.201416 14.090023 -6.175928 0.000000 -0.000001 -1.000000 0.539163 0.562945
49.201416 14.447908 -8.842225 0.000000 0.000000 -1.000000 0.591490 0.592717
49.201416 15.005326 -8.860097 0.000000 -0.000000 -1.000000 0.591843 0.639154
49.201416 15.005326 -5.226444 0.000000 -0.000000 -1.000000 0.520533 0.639214
49.201416 14.447909 -5.231160 0.000000 -0.000000 -1.000000 0.520623 0.592776
49.201416 14.090023 -6.175928 0.000000 -0.000001 -1.000000 0.539163 0.562945
49.201416 14.090023 -7.913573 0.000000 0.000000 -1.000000 0.573264 0.562917
49.201416 15.005326 -5.226444 0.000000 -0.000000 -1.000000 0.520533 0.639214
49.201416 14.447909 -5.231160 0.000000 -0.000000 -1.000000 0.520623 0.592776
49.201416 14.090023 -7.913573 0.000000 0.000000 -1.000000 0.573264 0.562917
49.201416 14.447908 -8.842225 0.000000 0.000000 -1.000000 0.591490 0.592717
49.201416 15.005326 -5.226444 0.000000 -0.000000 -1.000000 0.520533 0.639214
49.201416 14.090023 -7.913573 0.000000 0.000000 -1.000000 0.573264 0.562917
47.774719 14.090023 -6.175928 0.822874 -0.568224 0.000000 0.216780 0.562945
47.774719 0.000002 -6.175927 1.000000 0.000000 0.000000 0.216780 0.008401
49.201416 0.000002 -6.175927 1.000000 0.000000 0.000000 0.227299 0.008401
49.201416 0.000002 -6.175927 1.000000 0.000000 0.000000 0.227299 0.008401
49.201416 14.090023 -6.175928 0.822874 -0.568224 0.000000 0.227299 0.562945
47.774719 14.090023 -6.175928 0.822874 -0.568224 0.000000 0.216780 0.562945
49.201416 14.447909 -5.231160 0.820463 -0.571700 -0.000000 0.227299 0.834636
47.774719 14.447909 -5.231160 0.820463 -0.571700 0.000000 0.216780 0.834636
47.774719 14.090023 -6.175928 0.822874 -0.568224 0.000000 0.216780 0.866822
47.774719 14.090023 -6.175928 0.822874 -0.568224 0.000000 0.216780 0.866822
49.201416 14.090023 -6.175928 0.822874 -0.568224 0.000000 0.227299 0.866822
49.201416 14.447909 -5.231160 0.820463 -0.571700 -0.000000 0.227299 0.834636
47.774719 14.090023 -7.913573 0.000000 0.000000 1.000000 0.573264 0.562917
47.774719 0.000002 -7.913573 0.000000 -0.000000 1.000000 0.573238 0.008373
47.774719 0.000002 -6.175927 0.000000 -0.000000 1.000000 0.539137 0.008401
47.774719 0.000002 -6.175927 0.000000 -0.000000 1.000000 0.539137 0.008401
47.774719 14.090023 -6.175928 0.000000 0.000000 1.000000 0.539163 0.562945
47.774719 14.090023 -7.913573 0.000000 0.000000 1.000000 0.573264 0.562917
47.774719 14.447909 -5.231160 0.000000 0.000000 1.000000 0.520623 0.592776
47.774719 15.005326 -5.226443 0.000000 0.000000 1.000000 0.520533 0.639214
47.774719 15.005326 -8.860097 0.000000 0.000000 1.000000 0.591843 0.639154
47.774719 14.447908 -8.842225 0.000000 0.000000 1.000000 0.591490 0.592717
47.774719 14.090023 -7.913573 0.000000 0.000000 1.000000 0.573264 0.562917
47.774719 14.090023 -6.175928 0.000000 0.000000 1.000000 0.539163 0.562945
47.774719 15.005326 -8.860097 0.000000 0.000000 1.000000 0.591843 0.639154
47.774719 14.447908 -8.842225 0.000000 0.000000 1.000000 0.591490 0.592717
47.774719 14.090023 -6.175928 0.000000 0.000000 1.000000 0.539163 0.562945
47.774719 14.447909 -5.231160 0.000000 0.000000 1.000000 0.520623 0.592776
47.774719 15.005326 -8.860097 0.000000 0.000000 1.000000 0.591843 0.639154
47.774719 14.090023 -6.175928 0.000000 0.000000 1.000000 0.539163 0.562945
47.774719 14.447908 -8.842225 -0.815327 -0.579001 0.000000 0.216780 0.957667
49.201416 14.447908 -8.842225 -0.815327 -0.579001 0.000000 0.227299 0.957667
49.201416 14.090023 -7.913573 -0.359603 -0.933106 0.000000 0.227299 0.926025
49.201416 14.090023 -7.913573 -0.359603 -0.933106 0.000000 0.227299 0.926025
47.774719 14.090023 -7.913573 -0.359603 -0.933106 0.000000 0.216780 0.926025
47.774719 14.447908 -8.842225 -0.815327 -0.579001 0.000000 0.216780 0.957667
47.774719 14.447908 -8.842225 -0.815327 -0.579001 0.000000 0.216780 0.592717
47.774719 15.005326 -8.860097 -0.999486 -0.032045 0.000000 0.216780 0.639154
49.201416 15.005326 -8.860097 -0.999486 -0.032045 0.000000 0.227299 0.639154
49.201416 15.005326 -8.860097 -0.999486 -0.032045 0.000000 0.227299 0.639154
49.201416 14.447908 -8.842225 -0.815327 -0.579001 0.000000 0.227299 0.592717
47.774719 14.447908 -8.842225 -0.815327 -0.579001 0.000000 0.216780 0.592717
49.201416 14.447909 -5.231160 0.820463 -0.571700 -0.000000 0.227299 0.592776
49.201416 15.005326 -5.226444 0.999964 -0.008461 -0.000000 0.227299 0.639214
47.774719 15.005326 -5.226443 0.999964 -0.008461 -0.000000 0.216780 0.639214
47.774719 15.005326 -5.226443 0.999964 -0.008461 -0.000000 0.216780 0.639214
47.774719 14.447909 -5.231160 0.820463 -0.571700 0.000000 0.216780 0.592776
49.201416 14.447909 -5.231160 0.820463 -0.571700 -0.000000 0.227299 0.592776
21.490383 0.000003 9.211916 0.000000 -1.000000 0.000000 0.043797 0.022704
21.490383 0.000002 -9.344333 0.000000 -1.000000 0.000000 0.043797 0.974727
47.665142 0.000000 -9.344332 0.000000 -1.000000 0.000000 0.215972 0.974727
47.665142 0.000000 -9.344332 0.000000 -1.000000 0.000000 0.215972 0.974727
47.665146 0.000001 9.211914 0.000000 -1.000000 0.000000 0.215972 0.022704
21.490383 0.000003 9.211916 0.000000 -1.000000 0.000000 0.043797 0.022704
39.992016 14.445571 -9.344333 0.000000 1.000000 -0.000000 0.159396 0.974774
39.992012 14.445572 9.211918 0.000000 1.000000 -0.000000 0.159396 0.022751
40.838081 14.445572 9.211918 0.000000 1.000000 -0.000000 0.165634 0.022751
40.838081 14.445572 9.211918 0.000000 1.000000 -0.000000 0.165634 0.022751
40.838081 14.445571 -9.344333 0.000000 1.000000 -0.000000 0.165634 0.974774
39.992016 14.445571 -9.344333 0.000000 1.000000 -0.000000 0.159396 0.974774
40.838081 14.445572 9.211918 -0.000000 0.427290 -0.904115 0.052968 0.592969
47.665146 0.000001 9.211914 -0.000000 0.427290 -0.904115 0.052941 0.006944
47.665142 0.000000 -9.344332 -0.000000 0.427290 -0.904115 0.601317 0.006489
47.665142 0.000000 -9.344332 -0.000000 0.427290 -0.904115 0.601317 0.006489
40.838081 14.445571 -9.344333 0.000000 0.427290 -0.904115 0.601344 0.592514
40.838081 14.445572 9.211918 -0.000000 0.427290 -0.904115 0.052968 0.592969
39.992016 14.997409 -9.344333 -0.000000 1.000000 -0.000000 0.500000 76704.500000
21.463745 14.997410 -9.344333 -0.000000 1.000000 -0.000000 0.500000 91392.500000
21.463745 14.997411 9.211918 0.000000 1.000000 -0.000000 0.500000 91392.500000
21.463745 14.997411 9.211918 0.000000 1.000000 -0.000000 0.500000 91392.500000
39.992012 14.997410 9.211918 0.000000 1.000000 -0.000000 0.500000 76704.500000
39.992016 14.997409 -9.344333 -0.000000 1.000000 -0.000000 0.500000 76704.500000
21.463745 14.997410 -9.344333 -0.706706 -0.001257 0.707506 0.601346 0.638487
39.992016 14.997409 -9.344333 -1.000000 0.000000 0.000000 0.601346 0.633894
39.992016 14.445571 -9.344333 -1.000000 0.000000 -0.000000 0.601344 0.587921
40.838081 14.445571 -9.344333 -1.000000 0.000000 -0.000000 0.601344 0.587674
47.665142 0.000000 -9.344332 -1.000000 0.000000 -0.000000 0.601317 -0.000342
21.490383 0.000002 -9.344333 -0.707506 -0.001255 0.706706 0.601317 0.006489
39.992016 14.445571 -9.344333 -1.000000 0.000000 -0.000000 0.601344 0.587921
40.838081 14.445571 -9.344333 -1.000000 0.000000 -0.000000 0.601344 0.587674
21.490383 0.000002 -9.344333 -0.707506 -0.001255 0.706706 0.601317 0.006489
21.463745 14.997410 -9.344333 -0.706706 -0.001257 0.707506 0.601346 0.638487
39.992016 14.445571 -9.344333 -1.000000 0.000000 -0.000000 0.601344 0.587921
21.490383 0.000002 -9.344333 -0.707506 -0.001255 0.706706 0.601317 0.006489
21.490383 0.000002 -9.344333 -0.707506 -0.001255 0.706706 0.601317 0.006489
21.490383 0.000003 9.211916 -0.000000 -0.001776 0.999998 0.052941 0.006944
21.463745 14.997411 9.211918 0.000000 -0.001776 0.999998 0.052970 0.638942
21.463745 14.997410 -9.344333 -0.706706 -0.001257 0.707506 0.601346 0.638487
21.490383 0.000002 -9.344333 -0.707506 -0.001255 0.706706 0.601317 0.006489
21.463745 14.997411 9.211918 0.000000 -0.001776 0.999998 0.052970 0.638942
39.992012 14.997410 9.211918 0.000000 -0.000000 -1.000000 0.052970 0.638942
39.992012 14.445572 9.211918 0.000000 -0.000000 -1.000000 0.052968 0.592969
39.992016 14.445571 -9.344333 0.000000 -0.000000 -1.000000 0.601344 0.592514
39.992016 14.445571 -9.344333 0.000000 -0.000000 -1.000000 0.601344 0.592514
39.992016 14.997409 -9.344333 0.000000 -0.000000 -1.000000 0.601346 0.638487
39.992012 14.997410 9.211918 0.000000 -0.000000 -1.000000 0.052970 0.638942
21.463745 14.997411 9.211918 1.000000 -0.000000 -0.000000 0.043601 0.638942
21.490383 0.000003 9.211916 1.000000 -0.000000 -0.000000 0.043797 0.006944
47.665146 0.000001 9.211914 1.000000 -0.000000 -0.000000 0.215972 0.006944
47.665146 0.000001 9.211914 1.000000 -0.000000 -0.000000 0.215972 0.006944
40.838081 14.445572 9.211918 1.000000 -0.000000 0.000000 0.165634 0.592969
39.992012 14.445572 9.211918 1.000000 -0.000000 0.000000 0.159396 0.592969
21.463745 14.997411 9.211918 1.000000 -0.000000 -0.000000 0.043601 0.638942
47.665146 0.000001 9.211914 1.000000 -0.000000 -0.000000 0.215972 0.006944
39.992012 14.445572 9.211918 1.000000 -0.000000 0.000000 0.159396 0.592969
21.463745 14.997411 9.211918 1.000000 -0.000000 -0.000000 0.043601 0.638942
39.992012 14.445572 9.211918 1.000000 -0.000000 0.000000 0.159396 0.592969
39.992012 14.997410 9.211918 1.000000 0.000000 0.000000 0.159396 0.638942
101.607994 0.000003 9.211914 0.000000 -1.000000 0.000000 0.607765 0.022704
71.775620 0.000004 9.211912 -0.000000 -1.000000 0.000000 0.433391 0.022704
71.775620 0.000003 -9.344331 0.000000 -1.000000 0.000000 0.433391 0.974727
71.775620 0.000003 -9.344331 0.000000 -1.000000 0.000000 0.433391 0.974727
101.607994 0.000002 -9.344332 0.000000 -1.000000 0.000000 0.607765 0.974727
101.607994 0.000003 9.211914 0.000000 -1.000000 0.000000 0.607765 0.022704
79.407936 14.445570 -9.344328 0.000000 1.000000 -0.000000 0.489666 0.974773
78.602684 14.445570 -9.344333 0.000000 1.000000 -0.000000 0.483728 0.974774
78.602684 14.445571 9.211912 0.000000 1.000000 -0.000000 0.483728 0.022751
78.602684 14.445571 9.211912 0.000000 1.000000 -0.000000 0.483728 0.022751
79.407936 14.445571 9.211912 0.000000 1.000000 -0.000000 0.489666 0.022751
79.407936 14.445570 -9.344328 0.000000 1.000000 -0.000000 0.489666 0.974773
78.602684 14.445571 9.211912 0.000000 0.427290 0.904115 0.052968 0.592969
78.602684 14.445570 -9.344333 0.000000 0.427290 0.904115 0.601344 0.592514
71.775620 0.000003 -9.344331 0.000000 0.427290 0.904115 0.601317 0.006489
71.775620 0.000003 -9.344331 0.000000 0.427290 0.904115 0.601317 0.006489
71.775620 0.000004 9.211912 0.000000 0.427290 0.904115 0.052941 0.006944
78.602684 14.445571 9.211912 0.000000 0.427290 0.904115 0.052968 0.592969
79.407936 14.997409 -9.344328 0.000000 1.000000 -0.000000 0.500000 32784.500000
79.407936 14.997410 9.211912 0.000000 1.000000 -0.000000 0.500000 32784.500000
101.634636 14.997411 9.211916 0.000000 1.000000 -0.000000 0.500000 15728.500000
101.634636 14.997411 9.211916 0.000000 1.000000 -0.000000 0.500000 15728.500000
101.634636 14.997410 -9.344332 0.000000 1.000000 -0.000000 0.500000 15728.500000
79.407936 14.997409 -9.344328 0.000000 1.000000 -0.000000 0.500000 32784.500000
79.407936 14.445570 -9.344328 -1.000000 0.000006 -0.000004 0.489666 0.592514
79.407936 14.997409 -9.344328 -1.000000 0.000000 0.000000 0.489666 0.638487
101.634636 14.997410 -9.344332 -0.706707 -0.001257 -0.707506 0.607961 0.638487
101.634636 14.997411 9.211916 0.000000 -0.001776 -0.999998 0.607961 0.638487
101.607994 0.000003 9.211914 0.000000 -0.001776 -0.999998 0.607765 0.006489
101.607994 0.000002 -9.344332 -0.707507 -0.001255 -0.706705 0.607765 0.006489
101.634636 14.997410 -9.344332 -0.706707 -0.001257 -0.707506 0.607961 0.638487
101.634636 14.997411 9.211916 0.000000 -0.001776 -0.999998 0.607961 0.638487
101.607994 0.000002 -9.344332 -0.707507 -0.001255 -0.706705 0.607765 0.006489
79.407936 14.445570 -9.344328 -1.000000 0.000006 -0.000004 0.489666 0.592514
101.634636 14.997410 -9.344332 -0.706707 -0.001257 -0.707506 0.607961 0.638487
101.607994 0.000002 -9.344332 -0.707507 -0.001255 -0.706705 0.607765 0.006489
101.607994 0.000002 -9.344332 -0.707507 -0.001255 -0.706705 0.607765 0.006489
71.775620 0.000003 -9.344331 -1.000000 -0.000000 0.000000 0.433391 0.006489
78.602684 14.445570 -9.344333 -1.000000 0.000003 -0.000002 0.483728 0.592514
79.407936 14.445570 -9.344328 -1.000000 0.000006 -0.000004 0.489666 0.592514
101.607994 0.000002 -9.344332 -0.707507 -0.001255 -0.706705 0.607765 0.006489
78.602684 14.445570 -9.344333 -1.000000 0.000003 -0.000002 0.483728 0.592514
79.407936 14.997410 9.211912 0.000000 0.000000 1.000000 0.052970 0.638942
79.407936 14.997409 -9.344328 0.000000 0.000000 1.000000 0.601346 0.638487
79.407936 14.445570 -9.344328 0.000000 0.000000 1.000000 0.601344 0.592514
79.407936 14.445570 -9.344328 0.000000 0.000000 1.000000 0.601344 0.592514
79.407936 14.445571 9.211912 0.000000 0.000000 1.000000 0.052968 0.592969
79.407936 14.997410 9.211912 0.000000 0.000000 1.000000 0.052970 0.638942
71.775620 0.000004 9.211912 1.000000 -0.000000 0.000000 0.433391 0.006944
101.607994 0.000003 9.211914 1.000000 -0.000000 0.000000 0.607765 0.006944
101.634636 14.997411 9.211916 1.000000 -0.000000 0.000000 0.607961 0.638942
101.634636 14.997411 9.211916 1.000000 -0.000000 0.000000 0.607961 0.638942
79.407936 14.997410 9.211912 1.000000 0.000000 0.000000 0.489666 0.638942
79.407936 14.445571 9.211912 1.000000 0.000000 0.000000 0.489666 0.592969
71.775620 0.000004 9.211912 1.000000 -0.000000 0.000000 0.433391 0.006944
101.634636 14.997411 9.211916 1.000000 -0.000000 0.000000 0.607961 0.638942
79.407936 14.445571 9.211912 1.000000 0.000000 0.000000 0.489666 0.592969
71.775620 0.000004 9.211912 1.000000 -0.000000 0.000000 0.433391 0.006944
79.407936 14.445571 9.211912 1.000000 0.000000 0.000000 0.489666 0.592969
78.602684 14.445571 9.211912 1.000000 0.000000 0.000000 0.483728 0.592969
21.541004 19.136028 -8.725895 -0.300001 0.953939 -0.000000 0.048196 0.983281
101.533363 19.136030 -8.725864 -0.300030 0.953930 -0.000000 0.607214 0.983282
101.533363 19.101080 -8.744088 -0.951576 -0.307413 -0.000000 0.607214 0.980370
101.533363 19.101080 -8.744088 -0.951576 -0.307413 -0.000000 0.607214 0.980370
21.541004 19.101078 -8.744121 -0.951585 -0.307384 -0.000000 0.048196 0.980370
21.541004 19.136028 -8.725895 -0.300001 0.953939 -0.000000 0.048196 0.983281
21.541004 18.935751 -8.414760 -0.852407 -0.522878 -0.000000 0.048196 0.966602
101.533363 18.935753 -8.414728 -0.852410 -0.522875 -0.000000 0.607214 0.966602
101.533363 18.743633 -8.415715 -0.878454 0.477826 -0.000000 0.607214 0.950596
101.533363 18.743633 -8.415715 -0.878454 0.477826 -0.000000 0.607214 0.950596
21.541004 18.743629 -8.415746 -0.878455 0.477825 -0.000000 0.048196 0.950596
21.541004 18.935751 -8.414760 -0.852407 -0.522878 -0.000000 0.048196 0.966602
21.541004 18.743629 -8.415746 -0.878455 0.477825 -0.000000 0.048196 0.943165
101.533363 18.743633 -8.415715 -0.878454 0.477826 -0.000000 0.607214 0.943164
101.533363 18.577232 -8.669930 -0.867625 0.497219 -0.000000 0.607214 0.951824
101.533363 18.577232 -8.669930 -0.867625 0.497219 -0.000000 0.607214 0.951824
21.541004 18.577229 -8.669963 -0.867625 0.497218 -0.000000 0.048196 0.951825
21.541004 18.743629 -8.415746 -0.878455 0.477825 -0.000000 0.048196 0.943165
21.541004 18.577229 -8.669963 -0.867625 0.497218 -0.000000 0.048196 0.936729
101.533363 18.577232 -8.669930 -0.867625 0.497219 -0.000000 0.607214 0.936730
101.533363 18.308205 -8.683275 -0.877416 -0.479730 -0.000000 0.607214 0.914317
101.533363 18.308205 -8.683275 -0.877416 -0.479730 -0.000000 0.607214 0.914317
21.541004 18.308203 -8.683307 -0.877415 -0.479732 -0.000000 0.048196 0.914317
21.541004 18.577229 -8.669963 -0.867625 0.497218 -0.000000 0.048196 0.936729
21.541004 18.308203 -8.683307 -0.877415 -0.479732 -0.000000 0.048196 0.952278
101.533363 18.308205 -8.683275 -0.877416 -0.479730 -0.000000 0.607214 0.952277
101.533363 18.154474 -8.415112 -0.864777 -0.502156 -0.000000 0.607214 0.943139
101.533363 18.154474 -8.415112 -0.864777 -0.502156 -0.000000 0.607214 0.943139
21.541004 18.154472 -8.415144 -0.864775 -0.502160 -0.000000 0.048196 0.943140
21.541004 18.308203 -8.683307 -0.877415 -0.479732 -0.000000 0.048196 0.952278
21.541004 18.154472 -8.415144 -0.864775 -0.502160 -0.000000 0.048196 0.901514
101.533363 18.154474 -8.415112 -0.864777 -0.502156 -0.000000 0.607214 0.901514
101.533363 17.953579 -8.414725 -0.851682 0.524059 -0.000000 0.607214 0.884778
101.533363 17.953579 -8.414725 -0.851682 0.524059 -0.000000 0.607214 0.884778
21.541004 17.953577 -8.414756 -0.851684 0.524056 -0.000000 0.048196 0.884778
21.541004 18.154472 -8.415144 -0.864775 -0.502160 -0.000000 0.048196 0.901514
21.541004 17.953577 -8.414756 -0.851684 0.524056 -0.000000 0.048196 0.943126
101.533363 17.953579 -8.414725 -0.851682 0.524059 -0.000000 0.607214 0.943125
101.533363 17.776512 -8.767090 -0.951563 0.307453 -0.000000 0.607214 0.955129
101.533363 17.776512 -8.767090 -0.951563 0.307453 -0.000000 0.607214 0.955129
21.541004 17.776508 -8.767125 -0.951576 0.307414 -0.000000 0.048196 0.955130
21.541004 17.953577 -8.414756 -0.851684 0.524056 -0.000000 0.048196 0.943126
101.533363 19.136030 -8.725864 -0.300030 0.953930 -0.000000 0.607214 0.953733
21.541004 19.136028 -8.725895 -0.300001 0.953939 -0.000000 0.048196 0.953734
21.541004 18.956186 -8.381055 0.855106 0.518453 0.000000 0.048196 0.941984
21.541004 18.956186 -8.381055 0.855106 0.518453 0.000000 0.048196 0.941984
101.533363 18.956190 -8.381022 0.855106 0.518454 0.000000 0.607214 0.941983
101.533363 19.136030 -8.725864 -0.300030 0.953930 -0.000000 0.607214 0.953733
101.533363 18.956190 -8.381022 0.855106 0.518454 0.000000 0.607214 0.968305
21.541004 18.956186 -8.381055 0.855106 0.518453 0.000000 0.048196 0.968305
21.541004 18.724915 -8.381055 0.880076 -0.474833 0.000000 0.048196 0.949038
21.541004 18.724915 -8.381055 0.880076 -0.474833 0.000000 0.048196 0.949038
101.533363 18.724916 -8.381022 0.880076 -0.474834 0.000000 0.607214 0.949038
101.533363 18.956190 -8.381022 0.855106 0.518454 0.000000 0.607214 0.968305
101.533363 18.724916 -8.381022 0.880076 -0.474834 0.000000 0.607214 0.941982
21.541004 18.724915 -8.381055 0.880076 -0.474833 0.000000 0.048196 0.941983
21.541004 18.557552 -8.635808 0.866492 -0.499191 0.000000 0.048196 0.950661
21.541004 18.557552 -8.635808 0.866492 -0.499191 0.000000 0.048196 0.950661
101.533363 18.557554 -8.635777 0.866493 -0.499189 0.000000 0.607214 0.950660
101.533363 18.724916 -8.381022 0.880076 -0.474834 0.000000 0.607214 0.941982
101.533363 18.557554 -8.635777 0.866493 -0.499189 0.000000 0.607214 0.935091
21.541004 18.557552 -8.635808 0.866492 -0.499191 0.000000 0.048196 0.935091
21.541004 18.327036 -8.648680 0.878466 0.477804 0.000000 0.048196 0.915886
21.541004 18.327036 -8.648680 0.878466 0.477804 0.000000 0.048196 0.915886
101.533363 18.327040 -8.648647 0.878465 0.477808 0.000000 0.607214 0.915887
101.533363 18.557554 -8.635777 0.866493 -0.499189 0.000000 0.607214 0.935091
101.533363 18.327040 -8.648647 0.878465 0.477808 0.000000 0.607214 0.951097
21.541004 18.327036 -8.648680 0.878466 0.477804 0.000000 0.048196 0.951098
21.541004 18.174263 -8.381055 0.864800 0.502116 0.000000 0.048196 0.941979
21.541004 18.174263 -8.381055 0.864800 0.502116 0.000000 0.048196 0.941979
101.533363 18.174265 -8.381022 0.864800 0.502116 0.000000 0.607214 0.941978
101.533363 18.327040 -8.648647 0.878465 0.477808 0.000000 0.607214 0.951097
101.533363 18.174265 -8.381022 0.864800 0.502116 0.000000 0.607214 0.903163
21.541004 18.174263 -8.381055 0.864800 0.502116 0.000000 0.048196 0.903163
21.541004 17.933132 -8.381055 0.854960 -0.518694 0.000000 0.048196 0.883075
21.541004 17.933132 -8.381055 0.854960 -0.518694 0.000000 0.048196 0.883075
101.533363 17.933134 -8.381022 0.854960 -0.518694 0.000000 0.607214 0.883075
101.533363 18.174265 -8.381022 0.864800 0.502116 0.000000 0.607214 0.903163
101.533363 17.933134 -8.381022 0.854960 -0.518694 0.000000 0.607214 0.941976
21.541004 17.933132 -8.381055 0.854960 -0.518694 0.000000 0.048196 0.941978
21.541004 17.741549 -8.748916 -0.300508 -0.953779 -0.000000 0.048196 0.954509
21.541004 17.741549 -8.748916 -0.300508 -0.953779 -0.000000 0.048196 0.954509
101.533363 17.741550 -8.748885 -0.300548 -0.953767 -0.000000 0.607214 0.954508
101.533363 17.933134 -8.381022 0.854960 -0.518694 0.000000 0.607214 0.941976
101.533363 18.935753 -8.414728 0.000000 -0.000000 -1.000000 0.583118 0.966602
101.533363 19.101080 -8.744088 0.000000 -0.000000 -1.000000 0.589582 0.980370
101.533363 19.136030 -8.725864 0.000000 -0.000000 -1.000000 0.589224 0.983282
101.533363 19.136030 -8.725864 0.000000 -0.000000 -1.000000 0.589224 0.983282
101.533363 18.956190 -8.381022 0.000000 -0.000000 -1.000000 0.582456 0.968305
101.533363 18.935753 -8.414728 0.000000 -0.000000 -1.000000 0.583118 0.966602
101.533363 18.743633 -8.415715 0.000000 -0.000000 -1.000000 0.583136 0.950596
101.533363 18.935753 -8.414728 0.000000 -0.000000 -1.000000 0.583118 0.966602
101.533363 18.956190 -8.381022 0.000000 -0.000000 -1.000000 0.582456 0.968305
101.533363 18.956190 -8.381022 0.000000 -0.000000 -1.000000 0.582456 0.968305
101.533363 18.724916 -8.381022 0.000000 -0.000000 -1.000000 0.582455 0.949038
101.533363 18.743633 -8.415715 0.000000 -0.000000 -1.000000 0.583136 0.950596
101.533363 18.577232 -8.669930 0.000000 -0.000000 -1.000000 0.588125 0.936730
101.533363 18.743633 -8.415715 0.000000 -0.000000 -1.000000 0.583136 0.950596
101.533363 18.724916 -8.381022 0.000000 -0.000000 -1.000000 0.582455 0.949038
101.533363 18.724916 -8.381022 0.000000 -0.000000 -1.000000 0.582455 0.949038
101.533363 18.557554 -8.635777 0.000000 -0.000000 -1.000000 0.587454 0.935091
101.533363 18.577232 -8.669930 0.000000 -0.000000 -1.000000 0.588125 0.936730
101.533363 18.308205 -8.683275 0.000000 -0.000000 -1.000000 0.588386 0.914317
101.533363 18.577232 -8.669930 0.000000 -0.000000 -1.000000 0.588125 0.936730
101.533363 18.557554 -8.635777 0.000000 -0.000000 -1.000000 0.587454 0.935091
101.533363 18.557554 -8.635777 0.000000 -0.000000 -1.000000 0.587454 0.935091
101.533363 18.327040 -8.648647 0.000000 -0.000000 -1.000000 0.587706 0.915887
101.533363 18.308205 -8.683275 0.000000 -0.000000 -1.000000 0.588386 0.914317
101.533363 18.154474 -8.415112 0.000000 -0.000000 -1.000000 0.583122 0.901514
101.533363 18.308205 -8.683275 0.000000 -0.000000 -1.000000 0.588386 0.914317
101.533363 18.327040 -8.648647 0.000000 -0.000000 -1.000000 0.587706 0.915887
101.533363 18.327040 -8.648647 0.000000 -0.000000 -1.000000 0.587706 0.915887
101.533363 18.174265 -8.381022 0.000000 -0.000000 -1.000000 0.582453 0.903163
101.533363 18.154474 -8.415112 0.000000 -0.000000 -1.000000 0.583122 0.901514
101.533363 17.953579 -8.414725 0.000000 -0.000000 -1.000000 0.583114 0.884778
101.533363 18.154474 -8.415112 0.000000 -0.000000 -1.000000 0.583122 0.901514
101.533363 18.174265 -8.381022 0.000000 -0.000000 -1.000000 0.582453 0.903163
101.533363 18.174265 -8.381022 0.000000 -0.000000 -1.000000 0.582453 0.903163
101.533363 17.933134 -8.381022 0.000000 -0.000000 -1.000000 0.582452 0.883075
101.533363 17.953579 -8.414725 0.000000 -0.000000 -1.000000 0.583114 0.884778
101.533363 17.776512 -8.767090 0.000000 -0.000000 -1.000000 0.590028 0.870021
101.533363 17.953579 -8.414725 0.000000 -0.000000 -1.000000 0.583114 0.884778
101.533363 17.933134 -8.381022 0.000000 -0.000000 -1.000000 0.582452 0.883075
101.533363 17.933134 -8.381022 0.000000 -0.000000 -1.000000 0.582452 0.883075
101.533363 17.741550 -8.748885 0.000000 -0.000000 -1.000000 0.589671 0.867108
101.533363 17.776512 -8.767090 0.000000 -0.000000 -1.000000 0.590028 0.870021
21.541004 19.101078 -8.744121 -0.951585 -0.307384 -0.000000 0.048196 0.954355
101.533363 19.101080 -8.744088 -0.951576 -0.307413 -0.000000 0.607214 0.954354
101.533363 18.935753 -8.414728 -0.852410 -0.522875 -0.000000 0.607214 0.943131
101.533363 18.935753 -8.414728 -0.852410 -0.522875 -0.000000 0.607214 0.943131
21.541004 18.935751 -8.414760 -0.852407 -0.522878 -0.000000 0.048196 0.943133
21.541004 19.101078 -8.744121 -0.951585 -0.307384 -0.000000 0.048196 0.954355
21.541004 17.776508 -8.767125 -0.951576 0.307414 -0.000000 0.048196 0.870021
101.533363 17.776512 -8.767090 -0.951563 0.307453 -0.000000 0.607214 0.870021
101.533363 17.741550 -8.748885 -0.300548 -0.953767 -0.000000 0.607214 0.867108
101.533363 17.741550 -8.748885 -0.300548 -0.953767 -0.000000 0.607214 0.867108
21.541004 17.741549 -8.748916 -0.300508 -0.953779 -0.000000 0.048196 0.867108
21.541004 17.776508 -8.767125 -0.951576 0.307414 -0.000000 0.048196 0.870021
21.541004 19.136028 8.800816 0.300013 0.953935 -0.000000 0.048196 0.983720
21.541004 19.101078 8.819040 0.951582 -0.307395 0.000000 0.048196 0.980808
101.533371 19.101080 8.819040 0.951585 -0.307387 -0.000000 0.607214 0.980808
101.533371 19.101080 8.819040 0.951585 -0.307387 -0.000000 0.607214 0.980808
101.533371 19.136030 8.800816 0.300005 0.953938 -0.000000 0.607214 0.983720
21.541004 19.136028 8.800816 0.300013 0.953935 -0.000000 0.048196 0.983720
21.541004 18.935753 8.489681 0.852402 -0.522887 0.000000 0.048196 0.967030
21.541004 18.743633 8.490664 0.878461 0.477814 0.000000 0.048196 0.951024
101.533371 18.743633 8.490666 0.878456 0.477823 -0.000000 0.607214 0.951024
101.533371 18.743633 8.490666 0.878456 0.477823 -0.000000 0.607214 0.951024
101.533371 18.935753 8.489681 0.852407 -0.522879 0.000000 0.607214 0.967030
21.541004 18.935753 8.489681 0.852402 -0.522887 0.000000 0.048196 0.967030
21.541004 18.743633 8.490664 0.878461 0.477814 0.000000 0.048196 0.047353
21.541004 18.577230 8.744881 0.867621 0.497226 -0.000000 0.048196 0.038691
101.533371 18.577232 8.744883 0.867625 0.497220 0.000000 0.607214 0.038691
101.533371 18.577232 8.744883 0.867625 0.497220 0.000000 0.607214 0.038691
101.533371 18.743633 8.490666 0.878456 0.477823 -0.000000 0.607214 0.047353
21.541004 18.743633 8.490664 0.878461 0.477814 0.000000 0.048196 0.047353
21.541004 18.577230 8.744881 0.867621 0.497226 -0.000000 0.048196 0.937166
21.541004 18.308205 8.758230 0.877419 -0.479725 0.000000 0.048196 0.914754
101.533371 18.308207 8.758228 0.877416 -0.479731 0.000000 0.607214 0.914754
101.533371 18.308207 8.758228 0.877416 -0.479731 0.000000 0.607214 0.914754
101.533371 18.577232 8.744883 0.867625 0.497220 0.000000 0.607214 0.937166
21.541004 18.577230 8.744881 0.867621 0.497226 -0.000000 0.048196 0.937166
21.541004 18.308205 8.758230 0.877419 -0.479725 0.000000 0.048196 0.038234
21.541004 18.154472 8.490063 0.864772 -0.502165 0.000000 0.048196 0.047369
101.533371 18.154474 8.490063 0.864776 -0.502157 0.000000 0.607214 0.047370
101.533371 18.154474 8.490063 0.864776 -0.502157 0.000000 0.607214 0.047370
101.533371 18.308207 8.758228 0.877416 -0.479731 0.000000 0.607214 0.038234
21.541004 18.308205 8.758230 0.877419 -0.479725 0.000000 0.048196 0.038234
21.541004 18.154472 8.490063 0.864772 -0.502165 0.000000 0.048196 0.901942
21.541004 17.953579 8.489674 0.851686 0.524053 0.000000 0.048196 0.885206
101.533371 17.953579 8.489676 0.851682 0.524059 -0.000000 0.607214 0.885206
101.533371 17.953579 8.489676 0.851682 0.524059 -0.000000 0.607214 0.885206
101.533371 18.154474 8.490063 0.864776 -0.502157 0.000000 0.607214 0.901942
21.541004 18.154472 8.490063 0.864772 -0.502165 0.000000 0.048196 0.901942
21.541004 17.953579 8.489674 0.851686 0.524053 0.000000 0.048196 0.047381
21.541004 17.776510 8.842043 0.951568 0.307439 0.000000 0.048196 0.035375
101.533371 17.776512 8.842045 0.951568 0.307438 0.000000 0.607214 0.035375
101.533371 17.776512 8.842045 0.951568 0.307438 0.000000 0.607214 0.035375
101.533371 17.953579 8.489676 0.851682 0.524059 -0.000000 0.607214 0.047381
21.541004 17.953579 8.489674 0.851686 0.524053 0.000000 0.048196 0.047381
101.533371 19.136030 8.800816 0.300005 0.953938 -0.000000 0.607214 0.036789
101.533371 18.956190 8.455976 -0.855106 0.518454 -0.000000 0.607214 0.048536
21.541004 18.956188 8.455974 -0.855105 0.518455 -0.000000 0.048196 0.048536
21.541004 18.956188 8.455974 -0.855105 0.518455 -0.000000 0.048196 0.048536
21.541004 19.136028 8.800816 0.300013 0.953935 -0.000000 0.048196 0.036789
101.533371 19.136030 8.800816 0.300005 0.953938 -0.000000 0.607214 0.036789
101.533371 18.956190 8.455976 -0.855106 0.518454 -0.000000 0.607214 0.968732
101.533371 18.724916 8.455976 -0.880076 -0.474833 -0.000000 0.607214 0.949464
21.541004 18.724915 8.455974 -0.880076 -0.474832 -0.000000 0.048196 0.949464
21.541004 18.724915 8.455974 -0.880076 -0.474832 -0.000000 0.048196 0.949464
21.541004 18.956188 8.455974 -0.855105 0.518455 -0.000000 0.048196 0.968732
101.533371 18.956190 8.455976 -0.855106 0.518454 -0.000000 0.607214 0.968732
101.533371 18.724916 8.455976 -0.880076 -0.474833 -0.000000 0.607214 0.048535
101.533371 18.557556 8.710730 -0.866491 -0.499192 -0.000000 0.607214 0.039854
21.541004 18.557554 8.710728 -0.866492 -0.499192 -0.000000 0.048196 0.039854
21.541004 18.557554 8.710728 -0.866492 -0.499192 -0.000000 0.048196 0.039854
21.541004 18.724915 8.455974 -0.880076 -0.474832 -0.000000 0.048196 0.048535
101.533371 18.724916 8.455976 -0.880076 -0.474833 -0.000000 0.607214 0.048535
101.533371 18.557556 8.710730 -0.866491 -0.499192 -0.000000 0.607214 0.935526
101.533371 18.327040 8.723600 -0.878467 0.477804 -0.000000 0.607214 0.916322
21.541004 18.327038 8.723600 -0.878468 0.477802 -0.000000 0.048196 0.916322
21.541004 18.327038 8.723600 -0.878468 0.477802 -0.000000 0.048196 0.916322
21.541004 18.557554 8.710728 -0.866492 -0.499192 -0.000000 0.048196 0.935526
101.533371 18.557556 8.710730 -0.866491 -0.499192 -0.000000 0.607214 0.935526
101.533371 18.327040 8.723600 -0.878467 0.477804 -0.000000 0.607214 0.039414
101.533371 18.174267 8.455976 -0.864800 0.502117 -0.000000 0.607214 0.048531
21.541004 18.174263 8.455974 -0.864801 0.502115 -0.000000 0.048196 0.048531
21.541004 18.174263 8.455974 -0.864801 0.502115 -0.000000 0.048196 0.048531
21.541004 18.327038 8.723600 -0.878468 0.477802 -0.000000 0.048196 0.039414
101.533371 18.327040 8.723600 -0.878467 0.477804 -0.000000 0.607214 0.039414
101.533371 18.174267 8.455976 -0.864800 0.502117 -0.000000 0.607214 0.903590
101.533371 17.933136 8.455976 -0.854960 -0.518694 -0.000000 0.607214 0.883502
21.541004 17.933132 8.455974 -0.854960 -0.518695 -0.000000 0.048196 0.883502
21.541004 17.933132 8.455974 -0.854960 -0.518695 -0.000000 0.048196 0.883502
21.541004 18.174263 8.455974 -0.864801 0.502115 -0.000000 0.048196 0.903590
101.533371 18.174267 8.455976 -0.864800 0.502117 -0.000000 0.607214 0.903590
101.533371 17.933136 8.455976 -0.854960 -0.518694 -0.000000 0.607214 0.048530
101.533371 17.741550 8.823837 0.300532 -0.953772 0.000000 0.607214 0.035995
21.541004 17.741550 8.823837 0.300533 -0.953772 0.000000 0.048196 0.035995
21.541004 17.741550 8.823837 0.300533 -0.953772 0.000000 0.048196 0.035995
21.541004 17.933132 8.455974 -0.854960 -0.518695 -0.000000 0.048196 0.048529
101.533371 17.933136 8.455976 -0.854960 -0.518694 -0.000000 0.607214 0.048530
101.533371 18.935753 8.489681 0.000000 -0.000000 -1.000000 0.067159 0.967030
101.533371 18.956190 8.455976 0.000000 -0.000000 -1.000000 0.067821 0.968732
101.533371 19.136030 8.800816 0.000000 -0.000000 -1.000000 0.061054 0.983720
101.533371 19.136030 8.800816 0.000000 -0.000000 -1.000000 0.061054 0.983720
101.533371 19.101080 8.819040 0.000000 -0.000000 -1.000000 0.060696 0.980808
101.533371 18.935753 8.489681 0.000000 -0.000000 -1.000000 0.067159 0.967030
101.533371 18.743633 8.490666 0.000000 -0.000000 -1.000000 0.067139 0.951024
101.533371 18.724916 8.455976 0.000000 -0.000000 -1.000000 0.067820 0.949464
101.533371 18.956190 8.455976 0.000000 -0.000000 -1.000000 0.067821 0.968732
101.533371 18.956190 8.455976 0.000000 -0.000000 -1.000000 0.067821 0.968732
101.533371 18.935753 8.489681 0.000000 -0.000000 -1.000000 0.067159 0.967030
101.533371 18.743633 8.490666 0.000000 -0.000000 -1.000000 0.067139 0.951024
101.533371 18.577232 8.744883 0.000000 -0.000000 -1.000000 0.062150 0.937166
101.533371 18.557556 8.710730 0.000000 -0.000000 -1.000000 0.062820 0.935526
101.533371 18.724916 8.455976 0.000000 -0.000000 -1.000000 0.067820 0.949464
101.533371 18.724916 8.455976 0.000000 -0.000000 -1.000000 0.067820 0.949464
101.533371 18.743633 8.490666 0.000000 -0.000000 -1.000000 0.067139 0.951024
101.533371 18.577232 8.744883 0.000000 -0.000000 -1.000000 0.062150 0.937166
101.533371 18.308207 8.758228 0.000000 -0.000000 -1.000000 0.061887 0.914754
101.533371 18.327040 8.723600 0.000000 -0.000000 -1.000000 0.062566 0.916322
101.533371 18.557556 8.710730 0.000000 -0.000000 -1.000000 0.062820 0.935526
101.533371 18.557556 8.710730 0.000000 -0.000000 -1.000000 0.062820 0.935526
101.533371 18.577232 8.744883 0.000000 -0.000000 -1.000000 0.062150 0.937166
101.533371 18.308207 8.758228 0.000000 -0.000000 -1.000000 0.061887 0.914754
101.533371 18.154474 8.490063 0.000000 -0.000000 -1.000000 0.067149 0.901942
101.533371 18.174267 8.455976 0.000000 -0.000000 -1.000000 0.067818 0.903590
101.533371 18.327040 8.723600 0.000000 -0.000000 -1.000000 0.062566 0.916322
101.533371 18.327040 8.723600 0.000000 -0.000000 -1.000000 0.062566 0.916322
101.533371 18.308207 8.758228 0.000000 -0.000000 -1.000000 0.061887 0.914754
101.533371 18.154474 8.490063 0.000000 -0.000000 -1.000000 0.067149 0.901942
101.533371 17.953579 8.489676 0.000000 -0.000000 -1.000000 0.067155 0.885206
101.533371 17.933136 8.455976 0.000000 -0.000000 -1.000000 0.067817 0.883502
101.533371 18.174267 8.455976 0.000000 -0.000000 -1.000000 0.067818 0.903590
101.533371 18.174267 8.455976 0.000000 -0.000000 -1.000000 0.067818 0.903590
101.533371 18.154474 8.490063 0.000000 -0.000000 -1.000000 0.067149 0.901942
101.533371 17.953579 8.489676 0.000000 -0.000000 -1.000000 0.067155 0.885206
101.533371 17.776512 8.842045 0.000000 -0.000000 -1.000000 0.060240 0.870460
101.533371 17.741550 8.823837 0.000000 -0.000000 -1.000000 0.060597 0.867547
101.533371 17.933136 8.455976 0.000000 -0.000000 -1.000000 0.067817 0.883502
101.533371 17.933136 8.455976 0.000000 -0.000000 -1.000000 0.067817 0.883502
101.533371 17.953579 8.489676 0.000000 -0.000000 -1.000000 0.067155 0.885206
101.533371 17.776512 8.842045 0.000000 -0.000000 -1.000000 0.060240 0.870460
21.541004 19.101078 8.819040 0.951582 -0.307395 0.000000 0.048196 0.036167
21.541004 18.935753 8.489681 0.852402 -0.522887 0.000000 0.048196 0.047388
101.533371 18.935753 8.489681 0.852407 -0.522879 0.000000 0.607214 0.047388
101.533371 18.935753 8.489681 0.852407 -0.522879 0.000000 0.607214 0.047388
101.533371 19.101080 8.819040 0.951585 -0.307387 -0.000000 0.607214 0.036167
21.541004 19.101078 8.819040 0.951582 -0.307395 0.000000 0.048196 0.036167
21.541004 17.776510 8.842043 0.951568 0.307439 0.000000 0.048196 0.870460
21.541004 17.741550 8.823837 0.300533 -0.953772 0.000000 0.048196 0.867547
101.533371 17.741550 8.823837 0.300532 -0.953772 0.000000 0.607214 0.867547
101.533371 17.741550 8.823837 0.300532 -0.953772 0.000000 0.607214 0.867547
101.533371 17.776512 8.842045 0.951568 0.307438 0.000000 0.607214 0.870460
21.541004 17.776510 8.842043 0.951568 0.307439 0.000000 0.048196 0.870460
27.668442 17.166649 8.843325 0.000000 -1.000000 -0.000000 0.051269 0.035327
28.335815 17.166649 8.843325 0.000000 -1.000000 -0.000000 0.056189 0.035327
28.335815 17.166649 9.409275 0.000000 -1.000000 -0.000000 0.056189 0.016045
28.335815 17.166649 9.409275 0.000000 -1.000000 -0.000000 0.056189 0.016045
27.668442 17.166649 9.409275 0.000000 -1.000000 -0.000000 0.051269 0.016045
27.668442 17.166649 8.843325 0.000000 -1.000000 -0.000000 0.051269 0.035327
27.668442 19.169815 8.843325 0.000000 1.000000 0.000001 0.051269 0.035340
27.668442 19.169815 9.409275 0.000000 1.000000 0.000001 0.051269 0.016058
28.335815 19.169815 9.409275 0.000000 1.000000 0.000001 0.056189 0.016058
28.335815 19.169815 9.409275 0.000000 1.000000 0.000001 0.056189 0.016058
28.335815 19.169815 8.843325 0.000000 1.000000 0.000001 0.056189 0.035340
27.668442 19.169815 8.843325 0.000000 1.000000 0.000001 0.051269 0.035340
27.668442 17.166649 8.843325 0.000000 0.000000 1.000000 0.060212 0.819653
27.668442 17.166649 9.409275 0.000000 0.000000 1.000000 0.049105 0.819662
27.668442 19.169815 9.409275 0.000000 0.000000 1.000000 0.049113 0.986544
27.668442 19.169815 9.409275 0.000000 0.000000 1.000000 0.049113 0.986544
27.668442 19.169815 8.843325 0.000000 0.000000 1.000000 0.060220 0.986535
27.668442 17.166649 8.843325 0.000000 0.000000 1.000000 0.060212 0.819653
27.668442 17.166649 9.409275 1.000000 0.000000 0.000000 0.051269 0.819662
28.335815 17.166649 9.409275 1.000000 0.000000 0.000000 0.056189 0.819662
28.335815 19.169815 9.409275 1.000000 0.000000 0.000000 0.056189 0.986544
28.335815 19.169815 9.409275 1.000000 0.000000 0.000000 0.056189 0.986544
27.668442 19.169815 9.409275 1.000000 0.000000 0.000000 0.051269 0.986544
27.668442 17.166649 9.409275 1.000000 0.000000 0.000000 0.051269 0.819662
28.335815 17.166649 9.409275 0.000000 -0.000000 -1.000000 0.049105 0.819662
28.335815 17.166649 8.843325 0.000000 -0.000000 -1.000000 0.060212 0.819653
28.335815 19.169815 8.843325 0.000000 -0.000000 -1.000000 0.060220 0.986535
28.335815 19.169815 8.843325 0.000000 -0.000000 -1.000000 0.060220 0.986535
28.335815 19.169815 9.409275 0.000000 -0.000000 -1.000000 0.049113 0.986544
28.335815 17.166649 9.409275 0.000000 -0.000000 -1.000000 0.049105 0.819662
28.335815 17.166649 8.843325 -1.000000 0.000000 -0.000000 0.056189 0.819653
27.668442 17.166649 8.843325 -1.000000 0.000000 -0.000000 0.051269 0.819653
27.668442 19.169815 8.843325 -1.000000 0.000000 -0.000000 0.051269 0.986535
27.668442 19.169815 8.843325 -1.000000 0.000000 -0.000000 0.051269 0.986535
28.335815 19.169815 8.843325 -1.000000 -0.000000 0.000000 0.056189 0.986535
28.335815 17.166649 8.843325 -1.000000 0.000000 -0.000000 0.056189 0.819653
48.118195 17.166649 8.843323 0.000000 -1.000000 0.000000 0.205795 0.035327
48.785572 17.166649 8.843323 0.000000 -1.000000 0.000000 0.210715 0.035327
48.785572 17.166649 9.409277 0.000000 -1.000000 0.000000 0.210715 0.016045
48.785572 17.166649 9.409277 0.000000 -1.000000 0.000000 0.210715 0.016045
48.118195 17.166649 9.409277 0.000000 -1.000000 0.000000 0.205795 0.016045
48.118195 17.166649 8.843323 0.000000 -1.000000 0.000000 0.205795 0.035327
48.118195 19.169815 8.843323 0.000000 1.000000 -0.000000 0.205795 0.035340
48.118195 19.169815 9.409277 0.000000 1.000000 -0.000000 0.205795 0.016058
48.785572 19.169815 9.409277 0.000000 1.000000 -0.000000 0.210715 0.016058
48.785572 19.169815 9.409277 0.000000 1.000000 -0.000000 0.210715 0.016058
48.785572 19.169815 8.843323 0.000000 1.000000 -0.000000 0.210715 0.035340
48.118195 19.169815 8.843323 0.000000 1.000000 -0.000000 0.205795 0.035340
48.118195 17.166649 8.843323 0.000000 0.000000 1.000000 0.060212 0.819653
48.118195 17.166649 9.409277 0.000000 0.000000 1.000000 0.049105 0.819662
48.118195 19.169815 9.409277 0.000000 0.000000 1.000000 0.049113 0.986544
48.118195 19.169815 9.409277 0.000000 0.000000 1.000000 0.049113 0.986544
48.118195 19.169815 8.843323 0.000000 0.000000 1.000000 0.060220 0.986535
48.118195 17.166649 8.843323 0.000000 0.000000 1.000000 0.060212 0.819653
48.118195 17.166649 9.409277 1.000000 0.000000 0.000000 0.205795 0.819662
48.785572 17.166649 9.409277 1.000000 0.000000 0.000000 0.210715 0.819662
48.785572 19.169815 9.409277 1.000000 0.000000 0.000000 0.210715 0.986544
48.785572 19.169815 9.409277 1.000000 0.000000 0.000000 0.210715 0.986544
48.118195 19.169815 9.409277 1.000000 0.000000 0.000000 0.205795 0.986544
48.118195 17.166649 9.409277 1.000000 0.000000 0.000000 0.205795 0.819662
48.785572 17.166649 9.409277 0.000000 -0.000000 -1.000000 0.049105 0.819662
48.785572 17.166649 8.843323 0.000000 -0.000000 -1.000000 0.060212 0.819653
48.785572 19.169815 8.843323 0.000000 -0.000000 -1.000000 0.060220 0.986535
48.785572 19.169815 8.843323 0.000000 -0.000000 -1.000000 0.060220 0.986535
48.785572 19.169815 9.409277 0.000000 -0.000000 -1.000000 0.049113 0.986544
48.785572 17.166649 9.409277 0.000000 -0.000000 -1.000000 0.049105 0.819662
48.785572 17.166649 8.843323 -1.000000 0.000000 -0.000000 0.210715 0.819653
48.118195 17.166649 8.843323 -1.000000 0.000000 -0.000000 0.205795 0.819653
48.118195 19.169815 8.843323 -1.000000 0.000000 -0.000000 0.205795 0.986535
48.118195 19.169815 8.843323 -1.000000 0.000000 -0.000000 0.205795 0.986535
48.785572 19.169815 8.843323 -1.000000 0.000000 0.000000 0.210715 0.986535
48.785572 17.166649 8.843323 -1.000000 0.000000 -0.000000 0.210715 0.819653
70.570702 17.166649 8.843323 0.000000 -1.000000 0.000000 0.367851 0.035327
71.238075 17.166649 8.843323 0.000000 -1.000000 0.000000 0.372772 0.035327
71.238075 17.166649 9.409275 0.000000 -1.000000 0.000000 0.372772 0.016045
71.238075 17.166649 9.409275 0.000000 -1.000000 0.000000 0.372772 0.016045
70.570702 17.166649 9.409275 0.000000 -1.000000 0.000000 0.367851 0.016045
70.570702 17.166649 8.843323 0.000000 -1.000000 0.000000 0.367851 0.035327
70.570702 19.169815 8.843323 0.000000 1.000000 -0.000000 0.367851 0.035340
70.570702 19.169815 9.409275 0.000000 1.000000 -0.000000 0.367851 0.016058
71.238075 19.169815 9.409275 0.000000 1.000000 -0.000000 0.372772 0.016058
71.238075 19.169815 9.409275 0.000000 1.000000 -0.000000 0.372772 0.016058
71.238075 19.169815 8.843323 0.000000 1.000000 -0.000000 0.372772 0.035340
70.570702 19.169815 8.843323 0.000000 1.000000 -0.000000 0.367851 0.035340
70.570702 17.166649 8.843323 0.000000 0.000000 1.000000 0.060212 0.819653
70.570702 17.166649 9.409275 0.000000 0.000000 1.000000 0.049105 0.819662
70.570702 19.169815 9.409275 0.000000 0.000000 1.000000 0.049113 0.986544
70.570702 19.169815 9.409275 0.000000 0.000000 1.000000 0.049113 0.986544
70.570702 19.169815 8.843323 0.000000 0.000000 1.000000 0.060220 0.986535
70.570702 17.166649 8.843323 0.000000 0.000000 1.000000 0.060212 0.819653
70.570702 17.166649 9.409275 1.000000 0.000000 0.000000 0.367851 0.819662
71.238075 17.166649 9.409275 1.000000 0.000000 0.000000 0.372772 0.819662
71.238075 19.169815 9.409275 1.000000 0.000000 0.000000 0.372772 0.986544
71.238075 19.169815 9.409275 1.000000 0.000000 0.000000 0.372772 0.986544
70.570702 19.169815 9.409275 1.000000 0.000000 0.000000 0.367851 0.986544
70.570702 17.166649 9.409275 1.000000 0.000000 0.000000 0.367851 0.819662
71.238075 17.166649 9.409275 0.000000 -0.000000 -1.000000 0.049105 0.819662
71.238075 17.166649 8.843323 0.000000 -0.000000 -1.000000 0.060212 0.819653
71.238075 19.169815 8.843323 0.000000 -0.000000 -1.000000 0.060220 0.986535
71.238075 19.169815 8.843323 0.000000 -0.000000 -1.000000 0.060220 0.986535
71.238075 19.169815 9.409275 0.000000 -0.000000 -1.000000 0.049113 0.986544
71.238075 17.166649 9.409275 0.000000 -0.000000 -1.000000 0.049105 0.819662
71.238075 17.166649 8.843323 -1.000000 0.000000 -0.000000 0.372772 0.819653
70.570702 17.166649 8.843323 -1.000000 0.000000 -0.000000 0.367851 0.819653
70.570702 19.169815 8.843323 -1.000000 0.000000 -0.000000 0.367851 0.986535
70.570702 19.169815 8.843323 -1.000000 0.000000 -0.000000 0.367851 0.986535
71.238075 19.169815 8.843323 -1.000000 0.000000 0.000000 0.372772 0.986535
71.238075 17.166649 8.843323 -1.000000 0.000000 -0.000000 0.372772 0.819653
88.496002 17.166651 8.843323 0.000000 -1.000000 -0.000000 0.503796 0.035327
89.163391 17.166651 8.843323 0.000000 -1.000000 -0.000000 0.508716 0.035327
89.163391 17.166651 9.409275 0.000000 -1.000000 -0.000000 0.508716 0.016045
89.163391 17.166651 9.409275 0.000000 -1.000000 -0.000000 0.508716 0.016045
88.496002 17.166651 9.409275 0.000000 -1.000000 -0.000000 0.503796 0.016045
88.496002 17.166651 8.843323 0.000000 -1.000000 -0.000000 0.503796 0.035327
88.496002 19.169817 8.843323 0.000000 1.000000 -0.000000 0.503796 0.035340
88.496002 19.169819 9.409275 0.000000 1.000000 -0.000000 0.503796 0.016058
89.163391 19.169819 9.409275 0.000000 1.000000 -0.000000 0.508716 0.016058
89.163391 19.169819 9.409275 0.000000 1.000000 -0.000000 0.508716 0.016058
89.163391 19.169817 8.843323 0.000000 1.000000 -0.000000 0.508716 0.035340
88.496002 19.169817 8.843323 0.000000 1.000000 -0.000000 0.503796 0.035340
88.496002 17.166651 8.843323 0.000000 0.000000 1.000000 0.060212 0.819653
88.496002 17.166651 9.409275 0.000000 0.000000 1.000000 0.049105 0.819662
88.496002 19.169819 9.409275 0.000000 0.000000 1.000000 0.049113 0.986544
88.496002 19.169819 9.409275 0.000000 0.000000 1.000000 0.049113 0.986544
88.496002 19.169817 8.843323 0.000000 0.000000 1.000000 0.060220 0.986535
88.496002 17.166651 8.843323 0.000000 0.000000 1.000000 0.060212 0.819653
88.496002 17.166651 9.409275 1.000000 0.000000 0.000000 0.503796 0.819662
89.163391 17.166651 9.409275 1.000000 0.000000 0.000000 0.508716 0.819662
89.163391 19.169819 9.409275 1.000000 0.000000 0.000000 0.508716 0.986544
89.163391 19.169819 9.409275 1.000000 0.000000 0.000000 0.508716 0.986544
88.496002 19.169819 9.409275 1.000000 0.000000 0.000000 0.503796 0.986544
88.496002 17.166651 9.409275 1.000000 0.000000 0.000000 0.503796 0.819662
89.163391 17.166651 9.409275 0.000000 -0.000000 -1.000000 0.049105 0.819662
89.163391 17.166651 8.843323 0.000000 -0.000000 -1.000000 0.060212 0.819653
89.163391 19.169817 8.843323 0.000000 -0.000000 -1.000000 0.060220 0.986535
89.163391 19.169817 8.843323 0.000000 -0.000000 -1.000000 0.060220 0.986535
89.163391 19.169819 9.409275 0.000000 -0.000000 -1.000000 0.049113 0.986544
89.163391 17.166651 9.409275 0.000000 -0.000000 -1.000000 0.049105 0.819662
89.163391 17.166651 8.843323 -1.000000 0.000000 -0.000000 0.508716 0.819653
88.496002 17.166651 8.843323 -1.000000 0.000000 -0.000000 0.503796 0.819653
88.496002 19.169817 8.843323 -1.000000 0.000000 -0.000000 0.503796 0.986535
88.496002 19.169817 8.843323 -1.000000 0.000000 -0.000000 0.503796 0.986535
89.163391 19.169817 8.843323 -1.000000 0.000000 0.000000 0.508716 0.986535
89.163391 17.166651 8.843323 -1.000000 0.000000 -0.000000 0.508716 0.819653
88.496002 17.166649 -9.338209 0.000000 -1.000000 -0.000000 0.503796 0.974583
89.163391 17.166651 -9.338209 0.000000 -1.000000 -0.000000 0.508716 0.974583
89.163391 17.166651 -8.772255 0.000000 -1.000000 -0.000000 0.508716 0.955301
89.163391 17.166651 -8.772255 0.000000 -1.000000 -0.000000 0.508716 0.955301
88.496002 17.166649 -8.772255 0.000000 -1.000000 -0.000000 0.503796 0.955301
88.496002 17.166649 -9.338209 0.000000 -1.000000 -0.000000 0.503796 0.974583
88.496002 19.169817 -9.338210 0.000000 1.000000 -0.000000 0.503796 0.974596
88.496002 19.169817 -8.772255 0.000000 1.000000 -0.000000 0.503796 0.955314
89.163391 19.169817 -8.772255 0.000000 1.000000 -0.000000 0.508716 0.955314
89.163391 19.169817 -8.772255 0.000000 1.000000 -0.000000 0.508716 0.955314
89.163391 19.169817 -9.338210 0.000000 1.000000 -0.000000 0.508716 0.974596
88.496002 19.169817 -9.338210 0.000000 1.000000 -0.000000 0.503796 0.974596
88.496002 17.166649 -9.338209 0.000000 0.000000 1.000000 0.601234 0.819204
88.496002 17.166649 -8.772255 0.000000 0.000000 1.000000 0.590127 0.819214
88.496002 19.169817 -8.772255 0.000000 0.000000 1.000000 0.590135 0.986096
88.496002 19.169817 -8.772255 0.000000 0.000000 1.000000 0.590135 0.986096
88.496002 19.169817 -9.338210 0.000000 0.000000 1.000000 0.601242 0.986086
88.496002 17.166649 -9.338209 0.000000 0.000000 1.000000 0.601234 0.819204
88.496002 17.166649 -8.772255 1.000000 0.000000 0.000000 0.503796 0.819214
89.163391 17.166651 -8.772255 1.000000 0.000000 0.000000 0.508716 0.819214
89.163391 19.169817 -8.772255 1.000000 0.000000 0.000000 0.508716 0.986096
89.163391 19.169817 -8.772255 1.000000 0.000000 0.000000 0.508716 0.986096
88.496002 19.169817 -8.772255 1.000000 0.000000 0.000000 0.503796 0.986096
88.496002 17.166649 -8.772255 1.000000 0.000000 0.000000 0.503796 0.819214
89.163391 17.166651 -8.772255 0.000000 -0.000000 -1.000000 0.590127 0.819214
89.163391 17.166651 -9.338209 0.000000 -0.000000 -1.000000 0.601234 0.819204
89.163391 19.169817 -9.338210 0.000000 -0.000000 -1.000000 0.601242 0.986086
89.163391 19.169817 -9.338210 0.000000 -0.000000 -1.000000 0.601242 0.986086
89.163391 19.169817 -8.772255 0.000000 -0.000000 -1.000000 0.590135 0.986096
89.163391 17.166651 -8.772255 0.000000 -0.000000 -1.000000 0.590127 0.819214
89.163391 17.166651 -9.338209 -1.000000 0.000000 -0.000000 0.508716 0.819204
88.496002 17.166649 -9.338209 -1.000000 0.000000 -0.000000 0.503796 0.819204
88.496002 19.169817 -9.338210 -1.000000 0.000000 -0.000000 0.503796 0.986086
88.496002 19.169817 -9.338210 -1.000000 0.000000 -0.000000 0.503796 0.986086
89.163391 19.169817 -9.338210 -1.000000 0.000000 0.000000 0.508716 0.986086
89.163391 17.166651 -9.338209 -1.000000 0.000000 -0.000000 0.508716 0.819204
70.570702 17.166649 -9.338209 0.000000 -1.000000 0.000000 0.367851 0.974583
71.238075 17.166649 -9.338209 0.000000 -1.000000 0.000000 0.372772 0.974583
71.238075 17.166649 -8.772255 0.000000 -1.000000 0.000000 0.372772 0.955301
71.238075 17.166649 -8.772255 0.000000 -1.000000 0.000000 0.372772 0.955301
70.570702 17.166649 -8.772255 0.000000 -1.000000 0.000000 0.367851 0.955301
70.570702 17.166649 -9.338209 0.000000 -1.000000 0.000000 0.367851 0.974583
70.570702 19.169815 -9.338209 0.000000 1.000000 -0.000000 0.367851 0.974596
70.570702 19.169815 -8.772255 0.000000 1.000000 -0.000000 0.367851 0.955314
71.238075 19.169815 -8.772255 0.000000 1.000000 -0.000000 0.372772 0.955314
71.238075 19.169815 -8.772255 0.000000 1.000000 -0.000000 0.372772 0.955314
71.238075 19.169815 -9.338209 0.000000 1.000000 -0.000000 0.372772 0.974596
70.570702 19.169815 -9.338209 0.000000 1.000000 -0.000000 0.367851 0.974596
70.570702 17.166649 -9.338209 0.000000 0.000000 1.000000 0.601234 0.819204
70.570702 17.166649 -8.772255 0.000000 0.000000 1.000000 0.590127 0.819214
70.570702 19.169815 -8.772255 0.000000 0.000000 1.000000 0.590135 0.986096
70.570702 19.169815 -8.772255 0.000000 0.000000 1.000000 0.590135 0.986096
70.570702 19.169815 -9.338209 0.000000 0.000000 1.000000 0.601242 0.986086
70.570702 17.166649 -9.338209 0.000000 0.000000 1.000000 0.601234 0.819204
70.570702 17.166649 -8.772255 1.000000 0.000000 0.000000 0.367851 0.819214
71.238075 17.166649 -8.772255 1.000000 0.000000 0.000000 0.372772 0.819214
71.238075 19.169815 -8.772255 1.000000 0.000000 0.000000 0.372772 0.986096
71.238075 19.169815 -8.772255 1.000000 0.000000 0.000000 0.372772 0.986096
70.570702 19.169815 -8.772255 1.000000 0.000000 0.000000 0.367851 0.986096
70.570702 17.166649 -8.772255 1.000000 0.000000 0.000000 0.367851 0.819214
71.238075 17.166649 -8.772255 0.000000 -0.000000 -1.000000 0.590127 0.819214
71.238075 17.166649 -9.338209 0.000000 -0.000000 -1.000000 0.601234 0.819204
71.238075 19.169815 -9.338209 0.000000 -0.000000 -1.000000 0.601242 0.986086
71.238075 19.169815 -9.338209 0.000000 -0.000000 -1.000000 0.601242 0.986086
71.238075 19.169815 -8.772255 0.000000 -0.000000 -1.000000 0.590135 0.986096
71.238075 17.166649 -8.772255 0.000000 -0.000000 -1.000000 0.590127 0.819214
71.238075 17.166649 -9.338209 -1.000000 0.000000 -0.000000 0.372772 0.819204
70.570702 17.166649 -9.338209 -1.000000 0.000000 -0.000000 0.367851 0.819204
70.570702 19.169815 -9.338209 -1.000000 0.000000 -0.000000 0.367851 0.986086
70.570702 19.169815 -9.338209 -1.000000 0.000000 -0.000000 0.367851 0.986086
71.238075 19.169815 -9.338209 -1.000000 0.000000 0.000000 0.372772 0.986086
71.238075 17.166649 -9.338209 -1.000000 0.000000 -0.000000 0.372772 0.819204
48.118191 17.166647 -9.338209 0.000000 -1.000000 0.000000 0.205795 0.974583
48.785572 17.166647 -9.338209 0.000000 -1.000000 0.000000 0.210715 0.974583
48.785572 17.166647 -8.772259 0.000000 -1.000000 0.000000 0.210715 0.955301
48.785572 17.166647 -8.772259 0.000000 -1.000000 0.000000 0.210715 0.955301
48.118191 17.166647 -8.772259 0.000000 -1.000000 0.000000 0.205795 0.955301
48.118191 17.166647 -9.338209 0.000000 -1.000000 0.000000 0.205795 0.974583
48.118191 19.169815 -9.338210 0.000000 1.000000 -0.000000 0.205795 0.974596
48.118191 19.169815 -8.772259 0.000000 1.000000 -0.000000 0.205795 0.955314
48.785572 19.169815 -8.772259 0.000000 1.000000 -0.000000 0.210715 0.955314
48.785572 19.169815 -8.772259 0.000000 1.000000 -0.000000 0.210715 0.955314
48.785572 19.169815 -9.338210 0.000000 1.000000 -0.000000 0.210715 0.974596
48.118191 19.169815 -9.338210 0.000000 1.000000 -0.000000 0.205795 0.974596
48.118191 17.166647 -9.338209 0.000000 0.000000 1.000000 0.601234 0.819204
48.118191 17.166647 -8.772259 0.000000 0.000000 1.000000 0.590127 0.819213
48.118191 19.169815 -8.772259 0.000000 0.000000 1.000000 0.590135 0.986096
48.118191 19.169815 -8.772259 0.000000 0.000000 1.000000 0.590135 0.986096
48.118191 19.169815 -9.338210 0.000000 0.000000 1.000000 0.601242 0.986086
48.118191 17.166647 -9.338209 0.000000 0.000000 1.000000 0.601234 0.819204
48.118191 17.166647 -8.772259 1.000000 0.000000 0.000000 0.205795 0.819213
48.785572 17.166647 -8.772259 1.000000 0.000000 0.000000 0.210715 0.819213
48.785572 19.169815 -8.772259 1.000000 0.000000 0.000000 0.210715 0.986096
48.785572 19.169815 -8.772259 1.000000 0.000000 0.000000 0.210715 0.986096
48.118191 19.169815 -8.772259 1.000000 0.000000 0.000000 0.205795 0.986096
48.118191 17.166647 -8.772259 1.000000 0.000000 0.000000 0.205795 0.819213
48.785572 17.166647 -8.772259 0.000000 -0.000000 -1.000000 0.590127 0.819213
48.785572 17.166647 -9.338209 0.000000 -0.000000 -1.000000 0.601234 0.819204
48.785572 19.169815 -9.338210 0.000000 -0.000000 -1.000000 0.601242 0.986086
48.785572 19.169815 -9.338210 0.000000 -0.000000 -1.000000 0.601242 0.986086
48.785572 19.169815 -8.772259 0.000000 -0.000000 -1.000000 0.590135 0.986096
48.785572 17.166647 -8.772259 0.000000 -0.000000 -1.000000 0.590127 0.819213
48.785572 17.166647 -9.338209 -1.000000 0.000000 -0.000000 0.210715 0.819204
48.118191 17.166647 -9.338209 -1.000000 0.000000 -0.000000 0.205795 0.819204
48.118191 19.169815 -9.338210 -1.000000 0.000000 -0.000000 0.205795 0.986086
48.118191 19.169815 -9.338210 -1.000000 0.000000 -0.000000 0.205795 0.986086
48.785572 19.169815 -9.338210 -1.000000 0.000000 0.000000 0.210715 0.986086
48.785572 17.166647 -9.338209 -1.000000 0.000000 -0.000000 0.210715 0.819204
27.668442 17.166647 -9.338212 0.000000 -1.000000 -0.000000 0.051269 0.974583
28.335825 17.166647 -9.338212 0.000000 -1.000000 -0.000000 0.056189 0.974583
28.335825 17.166647 -8.772260 0.000000 -1.000000 -0.000000 0.056189 0.955301
28.335825 17.166647 -8.772260 0.000000 -1.000000 -0.000000 0.056189 0.955301
27.668442 17.166647 -8.772260 0.000000 -1.000000 -0.000000 0.051269 0.955301
27.668442 17.166647 -9.338212 0.000000 -1.000000 -0.000000 0.051269 0.974583
27.668442 19.169815 -9.338212 0.000000 1.000000 0.000001 0.051269 0.974596
27.668442 19.169815 -8.772261 0.000000 1.000000 0.000001 0.051269 0.955314
28.335825 19.169815 -8.772261 0.000000 1.000000 0.000001 0.056189 0.955314
28.335825 19.169815 -8.772261 0.000000 1.000000 0.000001 0.056189 0.955314
28.335825 19.169815 -9.338212 0.000000 1.000000 0.000001 0.056189 0.974596
27.668442 19.169815 -9.338212 0.000000 1.000000 0.000001 0.051269 0.974596
27.668442 17.166647 -9.338212 0.000000 0.000000 1.000000 0.601234 0.819204
27.668442 17.166647 -8.772260 0.000000 0.000000 1.000000 0.590127 0.819213
27.668442 19.169815 -8.772261 0.000000 0.000000 1.000000 0.590135 0.986095
27.668442 19.169815 -8.772261 0.000000 0.000000 1.000000 0.590135 0.986095
27.668442 19.169815 -9.338212 0.000000 0.000000 1.000000 0.601242 0.986086
27.668442 17.166647 -9.338212 0.000000 0.000000 1.000000 0.601234 0.819204
27.668442 17.166647 -8.772260 1.000000 0.000000 0.000000 0.051269 0.819213
28.335825 17.166647 -8.772260 1.000000 0.000000 0.000000 0.056189 0.819213
28.335825 19.169815 -8.772261 1.000000 0.000000 0.000000 0.056189 0.986095
28.335825 19.169815 -8.772261 1.000000 0.000000 0.000000 0.056189 0.986095
27.668442 19.169815 -8.772261 1.000000 0.000000 0.000000 0.051269 0.986095
27.668442 17.166647 -8.772260 1.000000 0.000000 0.000000 0.051269 0.819213
28.335825 17.166647 -8.772260 0.000000 -0.000000 -1.000000 0.590127 0.819213
28.335825 17.166647 -9.338212 0.000000 -0.000000 -1.000000 0.601234 0.819204
28.335825 19.169815 -9.338212 0.000000 -0.000000 -1.000000 0.601242 0.986086
28.335825 19.169815 -9.338212 0.000000 -0.000000 -1.000000 0.601242 0.986086
28.335825 19.169815 -8.772261 0.000000 -0.000000 -1.000000 0.590135 0.986095
28.335825 17.166647 -8.772260 0.000000 -0.000000 -1.000000 0.590127 0.819213
28.335825 17.166647 -9.338212 -1.000000 0.000000 -0.000000 0.056189 0.819204
27.668442 17.166647 -9.338212 -1.000000 0.000000 -0.000000 0.051269 0.819204
27.668442 19.169815 -9.338212 -1.000000 0.000000 -0.000000 0.051269 0.986086
27.668442 19.169815 -9.338212 -1.000000 0.000000 -0.000000 0.051269 0.986086
28.335825 19.169815 -9.338212 -1.000000 -0.000000 0.000000 0.056189 0.986086
28.335825 17.166647 -9.338212 -1.000000 0.000000 -0.000000 0.056189 0.819204
Box
8
71.863182 -9.426602
101.863182 9.273398
21.453003 -9.426602
47.453003 9.273398
47.143379 -7.995770
49.143379 7.704231
70.248268 -7.995770
72.248268 7.704231
End