object_road_4
1116
21.079205 15.004945 -9.378571 0.000000 -1.000000 0.000000 0.044136 0.975944
101.196724 15.004945 -9.378569 0.000000 -1.000000 0.000000 0.608102 0.975944
101.196724 15.004946 9.378572 0.000000 -1.000000 0.000000 0.608102 0.017077
101.196724 15.004946 9.378572 0.000000 -1.000000 0.000000 0.608102 0.017077
21.079205 15.004946 9.378573 0.000000 -1.000000 0.000000 0.044136 0.017077
21.079205 15.004945 -9.378571 0.000000 -1.000000 0.000000 0.044136 0.975944
21.079205 17.163799 -9.378571 0.000000 1.000000 -0.000000 0.997380 0.996538
21.079205 17.163801 9.378573 0.000000 1.000000 -0.000000 0.666728 0.996052
101.196724 17.163801 9.378572 0.000000 1.000000 -0.000000 0.666623 0.003692
101.196724 17.163801 9.378572 0.000000 1.000000 -0.000000 0.666623 0.003692
101.196724 17.163799 -9.378569 0.000000 1.000000 -0.000000 0.997288 0.003685
21.079205 17.163799 -9.378571 0.000000 1.000000 -0.000000 0.997380 0.996538
21.079205 15.004945 -9.378571 0.000000 0.000000 1.000000 0.602018 0.639115
21.079205 15.004946 9.378573 0.000000 0.000000 1.000000 0.049700 0.639573
21.079205 17.163801 9.378573 0.000000 0.000000 1.000000 0.049708 0.819425
21.079205 17.163801 9.378573 0.000000 0.000000 1.000000 0.049708 0.819425
21.079205 17.163799 -9.378571 0.000000 0.000000 1.000000 0.602026 0.818967
21.079205 15.004945 -9.378571 0.000000 0.000000 1.000000 0.602018 0.639115
21.091007 15.453487 9.689404 1.000000 -0.000000 -0.000000 0.044223 0.676945
101.199738 15.453487 9.689401 1.000000 -0.000000 -0.000000 0.608124 0.676945
101.199738 16.715260 9.689401 1.000000 -0.000000 -0.000000 0.608124 0.782062
101.199738 16.715260 9.689401 1.000000 -0.000000 -0.000000 0.608124 0.782062
21.091007 16.715260 9.689404 1.000000 -0.000000 -0.000000 0.044223 0.782062
21.091007 15.453487 9.689404 1.000000 -0.000000 -0.000000 0.044223 0.676945
101.196724 15.004946 9.378572 0.000000 -0.000000 -1.000000 0.049700 0.639573
101.196724 15.004945 -9.378569 0.000000 -0.000000 -1.000000 0.602018 0.639115
101.196724 17.163799 -9.378569 0.000000 -0.000000 -1.000000 0.602026 0.818967
101.196724 17.163799 -9.378569 0.000000 -0.000000 -1.000000 0.602026 0.818967
101.196724 17.163801 9.378572 0.000000 -0.000000 -1.000000 0.049708 0.819425
101.196724 15.004946 9.378572 0.000000 -0.000000 -1.000000 0.049700 0.639573
101.199730 15.453486 -9.689402 -1.000000 0.000000 -0.000000 0.608124 0.676477
21.091007 15.453486 -9.689402 -1.000000 0.000000 -0.000000 0.044223 0.676477
21.091007 16.715258 -9.689402 -1.000000 0.000000 -0.000000 0.044223 0.781594
21.091007 16.715258 -9.689402 -1.000000 0.000000 -0.000000 0.044223 0.781594
101.199730 16.715258 -9.689402 -1.000000 0.000000 0.000000 0.608124 0.781594
101.199730 15.453486 -9.689402 -1.000000 0.000000 -0.000000 0.608124 0.676477
21.079205 15.004946 9.378573 1.000000 -0.000000 -0.000000 0.044136 0.639573
101.196724 15.004946 9.378572 1.000000 -0.000000 -0.000000 0.608102 0.639573
101.199738 15.453487 9.378572 1.000000 -0.000000 -0.000000 0.608124 0.676940
101.199738 15.453487 9.378572 1.000000 -0.000000 -0.000000 0.608124 0.676940
21.091007 15.453487 9.378573 1.000000 -0.000000 -0.000000 0.044223 0.676940
21.079205 15.004946 9.378573 1.000000 -0.000000 -0.000000 0.044136 0.639573
101.196724 15.004946 9.378572 -1.000000 0.000000 -0.000000 0.608102 0.639573
101.196724 17.163801 9.378572 -1.000000 0.000000 -0.000000 0.608102 0.819425
101.199738 16.715260 9.378572 -1.000000 0.000000 -0.000000 0.608124 0.782057
101.199738 16.715260 9.378572 -1.000000 0.000000 0.000000 0.608124 0.782057
101.199738 15.453487 9.378572 -1.000000 0.000000 0.000000 0.608124 0.676940
101.196724 15.004946 9.378572 -1.000000 0.000000 0.000000 0.608102 0.639573
101.196724 17.163801 9.378572 1.000000 0.000000 -0.000000 0.608102 0.819425
21.079205 17.163801 9.378573 1.000000 0.000000 -0.000000 0.044136 0.819425
21.091007 16.715260 9.378573 1.000000 0.000000 -0.000000 0.044223 0.782057
21.091007 16.715260 9.378573 1.000000 0.000000 -0.000000 0.044223 0.782057
101.199738 16.715260 9.378572 1.000000 0.000000 -0.000000 0.608124 0.782057
101.196724 17.163801 9.378572 1.000000 0.000000 -0.000000 0.608102 0.819425
21.079205 17.163801 9.378573 1.000000 0.000000 0.000000 0.044136 0.819425
21.079205 15.004946 9.378573 1.000000 0.000000 0.000000 0.044136 0.639573
21.091007 15.453487 9.378573 1.000000 0.000000 0.000000 0.044223 0.676940
21.091007 15.453487 9.378573 1.000000 0.000000 0.000000 0.044223 0.676940
21.091007 16.715260 9.378573 1.000000 0.000000 0.000000 0.044223 0.782057
21.079205 17.163801 9.378573 1.000000 0.000000 0.000000 0.044136 0.819425
101.196724 15.004945 -9.378569 -1.000000 -0.000000 -0.000000 0.608102 0.639115
21.079205 15.004945 -9.378571 -1.000000 -0.000000 -0.000000 0.044136 0.639115
21.091007 15.453486 -9.378571 -1.000000 -0.000000 -0.000000 0.044223 0.676482
21.091007 15.453486 -9.378571 -1.000000 -0.000000 -0.000000 0.044223 0.676482
101.199730 15.453486 -9.378569 -1.000000 -0.000000 -0.000000 0.608124 0.676482
101.196724 15.004945 -9.378569 -1.000000 -0.000000 -0.000000 0.608102 0.639115
21.079205 15.004945 -9.378571 -1.000000 0.000000 -0.000000 0.044136 0.639115
21.079205 17.163799 -9.378571 -1.000000 0.000000 -0.000000 0.044136 0.818967
21.091007 16.715258 -9.378571 -1.000000 0.000000 -0.000000 0.044223 0.781599
21.091007 16.715258 -9.378571 -1.000000 0.000000 0.000000 0.044223 0.781599
21.091007 15.453486 -9.378571 -1.000000 0.000000 0.000000 0.044223 0.676482
21.079205 15.004945 -9.378571 -1.000000 0.000000 0.000000 0.044136 0.639115
21.079205 17.163799 -9.378571 -1.000000 0.000000 -0.000000 0.044136 0.818967
101.196724 17.163799 -9.378569 -1.000000 0.000000 -0.000000 0.608102 0.818967
101.199730 16.715258 -9.378569 -1.000000 0.000000 -0.000000 0.608124 0.781599
101.199730 16.715258 -9.378569 -1.000000 0.000000 -0.000000 0.608124 0.781599
21.091007 16.715258 -9.378571 -1.000000 0.000000 -0.000000 0.044223 0.781599
21.079205 17.163799 -9.378571 -1.000000 0.000000 -0.000000 0.044136 0.818967
101.196724 17.163799 -9.378569 1.000000 0.000000 0.000000 0.608102 0.818967
101.196724 15.004945 -9.378569 1.000000 0.000000 0.000000 0.608102 0.639115
101.199730 15.453486 -9.378569 1.000000 0.000000 0.000000 0.608124 0.676482
101.199730 15.453486 -9.378569 1.000000 0.000000 0.000000 0.608124 0.676482
101.199730 16.715258 -9.378569 1.000000 0.000000 0.000000 0.608124 0.781599
101.196724 17.163799 -9.378569 1.000000 0.000000 0.000000 0.608102 0.818967
21.091007 15.453487 9.378573 0.000000 -1.000000 0.000000 0.044223 0.017080
101.199738 15.453487 9.378572 0.000000 -1.000000 0.000000 0.608124 0.017080
101.199738 15.453487 9.689401 0.000000 -1.000000 0.000000 0.608124 0.006490
101.199738 15.453487 9.689401 0.000000 -1.000000 0.000000 0.608124 0.006490
21.091007 15.453487 9.689404 0.000000 -1.000000 0.000000 0.044223 0.006489
21.091007 15.453487 9.378573 0.000000 -1.000000 0.000000 0.044223 0.017080
101.199738 15.453487 9.378572 0.000000 -0.000000 -1.000000 0.049701 0.676940
101.199738 16.715260 9.378572 0.000000 -0.000000 -1.000000 0.049706 0.782057
101.199738 16.715260 9.689401 0.000000 -0.000000 -1.000000 0.043606 0.782062
101.199738 16.715260 9.689401 0.000000 -0.000000 -1.000000 0.043606 0.782062
101.199738 15.453487 9.689401 0.000000 -0.000000 -1.000000 0.043601 0.676945
101.199738 15.453487 9.378572 0.000000 -0.000000 -1.000000 0.049701 0.676940
101.199738 16.715260 9.378572 0.000000 1.000000 -0.000000 0.608124 0.017088
21.091007 16.715260 9.378573 0.000000 1.000000 -0.000000 0.044223 0.017088
21.091007 16.715260 9.689404 0.000000 1.000000 -0.000000 0.044223 0.006498
21.091007 16.715260 9.689404 0.000000 1.000000 -0.000000 0.044223 0.006498
101.199738 16.715260 9.689401 0.000000 1.000000 -0.000000 0.608124 0.006498
101.199738 16.715260 9.378572 0.000000 1.000000 -0.000000 0.608124 0.017088
21.091007 16.715260 9.378573 0.000000 0.000000 1.000000 0.049706 0.782057
21.091007 15.453487 9.378573 0.000000 0.000000 1.000000 0.049701 0.676940
21.091007 15.453487 9.689404 0.000000 0.000000 1.000000 0.043601 0.676945
21.091007 15.453487 9.689404 -0.000000 0.000000 1.000000 0.043601 0.676945
21.091007 16.715260 9.689404 -0.000000 0.000000 1.000000 0.043606 0.782062
21.091007 16.715260 9.378573 -0.000000 0.000000 1.000000 0.049706 0.782057
101.199730 15.453486 -9.378569 0.000000 -1.000000 0.000000 0.608124 0.975947
21.091007 15.453486 -9.378571 0.000000 -1.000000 0.000000 0.044223 0.975947
21.091007 15.453486 -9.689402 0.000000 -1.000000 0.000000 0.044223 0.986537
21.091007 15.453486 -9.689402 0.000000 -1.000000 0.000000 0.044223 0.986537
101.199730 15.453486 -9.689402 0.000000 -1.000000 0.000000 0.608124 0.986537
101.199730 15.453486 -9.378569 0.000000 -1.000000 0.000000 0.608124 0.975947
21.091007 15.453486 -9.378571 -0.000000 0.000000 1.000000 0.602020 0.676482
21.091007 16.715258 -9.378571 -0.000000 0.000000 1.000000 0.602025 0.781599
21.091007 16.715258 -9.689402 -0.000000 0.000000 1.000000 0.608124 0.781594
21.091007 16.715258 -9.689402 0.000000 0.000000 1.000000 0.608124 0.781594
21.091007 15.453486 -9.689402 0.000000 0.000000 1.000000 0.608120 0.676477
21.091007 15.453486 -9.378571 0.000000 0.000000 1.000000 0.602020 0.676482
21.091007 16.715258 -9.378571 0.000000 1.000000 -0.000000 0.044223 0.975955
101.199730 16.715258 -9.378569 0.000000 1.000000 -0.000000 0.608124 0.975955
101.199730 16.715258 -9.689402 0.000000 1.000000 -0.000000 0.608124 0.986545
101.199730 16.715258 -9.689402 0.000000 1.000000 -0.000000 0.608124 0.986545
21.091007 16.715258 -9.689402 0.000000 1.000000 -0.000000 0.044223 0.986545
21.091007 16.715258 -9.378571 0.000000 1.000000 -0.000000 0.044223 0.975955
101.199730 16.715258 -9.378569 0.000000 -0.000000 -1.000000 0.602025 0.781599
101.199730 15.453486 -9.378569 0.000000 -0.000000 -1.000000 0.602020 0.676482
101.199730 15.453486 -9.689402 0.000000 -0.000000 -1.000000 0.608120 0.676477
101.199730 15.453486 -9.689402 0.000000 -0.000000 -1.000000 0.608120 0.676477
101.199730 16.715258 -9.689402 0.000000 -0.000000 -1.000000 0.608125 0.781594
101.199730 16.715258 -9.378569 0.000000 -0.000000 -1.000000 0.602025 0.781599
91.449814 14.447903 -8.842224 0.000000 -0.000000 -1.000000 0.591490 0.592717
91.449814 15.005321 -8.860096 0.000000 -0.000000 -1.000000 0.591843 0.639154
91.449814 15.005321 -5.226441 0.000000 -0.000000 -1.000000 0.520533 0.639214
91.449814 14.447903 -5.231158 0.000000 -0.000000 -1.000000 0.520623 0.592776
91.449814 14.090016 -6.175927 0.000000 -0.000000 -1.000000 0.539163 0.562945
91.449814 14.090016 -7.913568 -0.422224 -0.289776 -0.858928 0.573264 0.562917
91.449814 15.005321 -5.226441 0.000000 -0.000000 -1.000000 0.520533 0.639214
91.449814 14.447903 -5.231158 0.000000 -0.000000 -1.000000 0.520623 0.592776
91.449814 14.090016 -7.913568 -0.422224 -0.289776 -0.858928 0.573264 0.562917
91.449814 14.447903 -8.842224 0.000000 -0.000000 -1.000000 0.591490 0.592717
91.449814 15.005321 -5.226441 0.000000 -0.000000 -1.000000 0.520533 0.639214
91.449814 14.090016 -7.913568 -0.422224 -0.289776 -0.858928 0.573264 0.562917
90.023109 14.090016 -6.175926 0.822874 -0.568224 -0.000000 0.421862 0.562945
90.023109 0.000000 -6.175926 1.000000 -0.000000 -0.000000 0.421862 0.008402
91.449814 0.000000 -6.175926 1.000000 -0.000000 -0.000000 0.432381 0.008402
91.449814 0.000000 -6.175926 1.000000 -0.000000 -0.000000 0.432381 0.008402
91.449814 14.090016 -6.175927 0.822874 -0.568224 -0.000000 0.432381 0.562945
90.023109 14.090016 -6.175926 0.822874 -0.568224 -0.000000 0.421862 0.562945
91.449814 14.447903 -5.231158 0.820463 -0.571700 -0.000000 0.432381 0.834636
90.023109 14.447903 -5.231158 0.820463 -0.571700 0.000000 0.421862 0.834636
90.023109 14.090016 -6.175926 0.822874 -0.568224 -0.000000 0.421862 0.866822
90.023109 14.090016 -6.175926 0.822874 -0.568224 -0.000000 0.421862 0.866822
91.449814 14.090016 -6.175927 0.822874 -0.568224 -0.000000 0.432381 0.866822
91.449814 14.447903 -5.231158 0.820463 -0.571700 -0.000000 0.432381 0.834636
90.023109 14.090016 -7.913569 0.000000 0.000000 1.000000 0.573264 0.562917
90.023109 0.000000 -7.913568 0.000000 0.000000 1.000000 0.573238 0.008373
90.023109 0.000000 -6.175926 0.000000 0.000000 1.000000 0.539137 0.008402
90.023109 0.000000 -6.175926 0.000000 0.000000 1.000000 0.539137 0.008402
90.023109 14.090016 -6.175926 0.000000 0.000000 1.000000 0.539163 0.562945
90.023109 14.090016 -7.913569 0.000000 0.000000 1.000000 0.573264 0.562917
90.023109 14.447903 -5.231158 0.000000 0.000000 1.000000 0.520623 0.592776
90.023109 15.005321 -5.226441 0.000000 0.000000 1.000000 0.520533 0.639214
90.023109 15.005321 -8.860096 0.000000 0.000000 1.000000 0.591843 0.639154
90.023109 14.447903 -8.842224 0.000000 0.000000 1.000000 0.591490 0.592717
90.023109 14.090016 -7.913569 0.000000 0.000000 1.000000 0.573264 0.562917
90.023109 14.090016 -6.175926 0.000000 0.000000 1.000000 0.539163 0.562945
90.023109 15.005321 -8.860096 0.000000 0.000000 1.000000 0.591843 0.639154
90.023109 14.447903 -8.842224 0.000000 0.000000 1.000000 0.591490 0.592717
90.023109 14.090016 -6.175926 0.000000 0.000000 1.000000 0.539163 0.562945
90.023109 14.447903 -5.231158 0.000000 0.000000 1.000000 0.520623 0.592776
90.023109 15.005321 -8.860096 0.000000 0.000000 1.000000 0.591843 0.639154
90.023109 14.090016 -6.175926 0.000000 0.000000 1.000000 0.539163 0.562945
91.449814 14.090016 -6.175927 0.000000 -0.000000 -1.000000 0.539163 0.562945
91.449814 0.000000 -6.175926 0.000000 -0.000000 -1.000000 0.539137 0.008402
91.449814 0.000000 -7.913568 -0.707106 -0.000000 -0.707107 0.573238 0.008373
91.449814 0.000000 -7.913568 -0.707106 -0.000000 -0.707107 0.573238 0.008373
90.023109 0.000000 -7.913568 -1.000000 -0.000000 -0.000001 0.573238 0.008373
90.023109 14.090016 -7.913569 -0.824500 -0.565862 -0.000000 0.573264 0.562917
91.449814 0.000000 -7.913568 -0.707106 -0.000000 -0.707107 0.573238 0.008373
90.023109 14.090016 -7.913569 -0.824500 -0.565862 -0.000000 0.573264 0.562917
91.449814 14.090016 -7.913568 -0.422224 -0.289776 -0.858928 0.573264 0.562917
91.449814 14.090016 -6.175927 0.000000 -0.000000 -1.000000 0.539163 0.562945
91.449814 0.000000 -7.913568 -0.707106 -0.000000 -0.707107 0.573238 0.008373
91.449814 14.090016 -7.913568 -0.422224 -0.289776 -0.858928 0.573264 0.562917
90.023109 14.447903 -8.842224 -0.815326 -0.579002 -0.000000 0.421862 0.957666
91.449814 14.447903 -8.842224 -0.815326 -0.579002 0.000000 0.432381 0.957666
91.449814 14.090016 -7.913568 -0.422224 -0.289776 -0.858928 0.432381 0.926024
91.449814 14.090016 -7.913568 -0.422224 -0.289776 -0.858928 0.432381 0.926024
90.023109 14.090016 -7.913569 -0.824500 -0.565862 -0.000000 0.421862 0.926024
90.023109 14.447903 -8.842224 -0.815326 -0.579002 -0.000000 0.421862 0.957666
90.023109 14.447903 -8.842224 -0.815326 -0.579002 -0.000000 0.421862 0.592717
90.023109 15.005321 -8.860096 -0.999486 -0.032047 0.000000 0.421862 0.639154
91.449814 15.005321 -8.860096 -0.999486 -0.032047 0.000000 0.432381 0.639154
91.449814 15.005321 -8.860096 -0.999486 -0.032047 0.000000 0.432381 0.639154
91.449814 14.447903 -8.842224 -0.815326 -0.579002 0.000000 0.432381 0.592717
90.023109 14.447903 -8.842224 -0.815326 -0.579002 -0.000000 0.421862 0.592717
91.449814 14.447903 -5.231158 0.820463 -0.571700 -0.000000 0.432381 0.592776
91.449814 15.005321 -5.226441 0.999964 -0.008461 0.000000 0.432381 0.639214
90.023109 15.005321 -5.226441 0.999964 -0.008461 0.000000 0.421862 0.639214
90.023109 15.005321 -5.226441 0.999964 -0.008461 0.000000 0.421862 0.639214
90.023109 14.447903 -5.231158 0.820463 -0.571700 0.000000 0.421862 0.592776
91.449814 14.447903 -5.231158 0.820463 -0.571700 -0.000000 0.432381 0.592776
90.023109 15.005321 8.644896 0.000000 1.000000 -0.000000 0.421862 0.042073
91.449814 15.005321 8.644900 0.000000 1.000000 -0.000000 0.432381 0.042073
91.449814 15.005321 5.011246 0.000000 1.000000 -0.000000 0.432381 0.165873
91.449814 15.005321 5.011246 0.000000 1.000000 -0.000000 0.432381 0.165873
90.023109 15.005321 5.011246 0.000000 1.000000 -0.000000 0.421862 0.165873
90.023109 15.005321 8.644896 0.000000 1.000000 -0.000000 0.421862 0.042073
91.449814 14.090017 7.695412 0.000000 -0.000000 -1.000000 0.082728 0.563323
91.449806 0.000001 7.695409 0.000000 -0.000000 -1.000000 0.082702 0.008780
91.449806 0.000001 5.957769 0.000000 -0.000000 -1.000000 0.116804 0.008752
91.449806 0.000001 5.957769 0.000000 -0.000000 -1.000000 0.116804 0.008752
91.449814 14.090017 5.957769 0.000000 -0.000000 -1.000000 0.116829 0.563295
91.449814 14.090017 7.695412 0.000000 -0.000000 -1.000000 0.082728 0.563323
91.449814 14.447904 5.029116 0.000000 -0.000000 -1.000000 0.135055 0.593095
91.449814 15.005321 5.011246 0.000000 -0.000000 -1.000000 0.135408 0.639533
91.449814 15.005321 8.644900 0.000000 -0.000000 -1.000000 0.064098 0.639592
91.449814 14.447904 8.640182 0.000000 -0.000000 -1.000000 0.064188 0.593154
91.449814 14.090017 7.695412 0.000000 -0.000000 -1.000000 0.082728 0.563323
91.449814 14.090017 5.957769 0.000000 -0.000000 -1.000000 0.116829 0.563295
91.449814 15.005321 8.644900 0.000000 -0.000000 -1.000000 0.064098 0.639592
91.449814 14.447904 8.640182 0.000000 -0.000000 -1.000000 0.064188 0.593154
91.449814 14.090017 5.957769 0.000000 -0.000000 -1.000000 0.116829 0.563295
91.449814 14.447904 5.029116 0.000000 -0.000000 -1.000000 0.135055 0.593095
91.449814 15.005321 8.644900 0.000000 -0.000000 -1.000000 0.064098 0.639592
91.449814 14.090017 5.957769 0.000000 -0.000000 -1.000000 0.116829 0.563295
90.023109 14.090017 7.695412 0.822874 -0.568224 0.000000 0.421862 0.563323
90.023109 0.000001 7.695409 1.000000 -0.000000 0.000000 0.421862 0.008780
91.449806 0.000001 7.695409 1.000000 -0.000000 0.000000 0.432381 0.008780
91.449806 0.000001 7.695409 1.000000 -0.000000 0.000000 0.432381 0.008780
91.449814 14.090017 7.695412 0.822874 -0.568224 0.000000 0.432381 0.563323
90.023109 14.090017 7.695412 0.822874 -0.568224 0.000000 0.421862 0.563323
91.449814 14.447904 8.640182 0.820462 -0.571701 0.000002 0.432381 0.042230
90.023109 14.447904 8.640180 0.820463 -0.571700 0.000001 0.421862 0.042230
90.023109 14.090017 7.695412 0.822874 -0.568224 0.000000 0.421862 0.074416
90.023109 14.090017 7.695412 0.822874 -0.568224 0.000000 0.421862 0.074416
91.449814 14.090017 7.695412 0.822874 -0.568224 0.000000 0.432381 0.074416
91.449814 14.447904 8.640182 0.820462 -0.571701 0.000002 0.432381 0.042230
90.023109 14.090017 5.957769 0.000000 0.000000 1.000000 0.116829 0.563295
90.023109 0.000001 5.957769 0.000000 0.000000 1.000000 0.116804 0.008752
90.023109 0.000001 7.695409 0.000000 0.000000 1.000000 0.082702 0.008780
90.023109 0.000001 7.695409 0.000000 0.000000 1.000000 0.082702 0.008780
90.023109 14.090017 7.695412 0.000000 0.000000 1.000000 0.082728 0.563323
90.023109 14.090017 5.957769 0.000000 0.000000 1.000000 0.116829 0.563295
90.023109 14.447904 8.640180 0.000000 0.000000 1.000000 0.064188 0.593154
90.023109 15.005321 8.644896 0.000000 0.000000 1.000000 0.064098 0.639592
90.023109 15.005321 5.011246 0.000000 0.000000 1.000000 0.135408 0.639533
90.023109 14.447904 5.029116 0.000000 0.000000 1.000000 0.135055 0.593095
90.023109 14.090017 5.957769 0.000000 0.000000 1.000000 0.116829 0.563295
90.023109 14.090017 7.695412 0.000000 0.000000 1.000000 0.082728 0.563323
90.023109 15.005321 5.011246 0.000000 0.000000 1.000000 0.135408 0.639533
90.023109 14.447904 5.029116 0.000000 0.000000 1.000000 0.135055 0.593095
90.023109 14.090017 7.695412 0.000000 0.000000 1.000000 0.082728 0.563323
90.023109 14.447904 8.640180 0.000000 0.000000 1.000000 0.064188 0.593154
90.023109 15.005321 5.011246 0.000000 0.000000 1.000000 0.135408 0.639533
90.023109 14.090017 7.695412 0.000000 0.000000 1.000000 0.082728 0.563323
91.449814 14.090017 5.957769 -0.824500 -0.565861 0.000000 0.432381 0.563295
91.449806 0.000001 5.957769 -1.000000 0.000000 -0.000000 0.432381 0.008752
90.023109 0.000001 5.957769 -1.000000 0.000000 -0.000000 0.421862 0.008752
90.023109 0.000001 5.957769 -1.000000 0.000000 -0.000000 0.421862 0.008752
90.023109 14.090017 5.957769 -0.824500 -0.565861 0.000000 0.421862 0.563295
91.449814 14.090017 5.957769 -0.824500 -0.565861 0.000000 0.432381 0.563295
90.023109 14.447904 5.029116 -0.815328 -0.578999 0.000000 0.421862 0.165261
91.449814 14.447904 5.029116 -0.815328 -0.578999 0.000000 0.432381 0.165261
91.449814 14.090017 5.957769 -0.824500 -0.565861 0.000000 0.432381 0.133619
91.449814 14.090017 5.957769 -0.824500 -0.565861 0.000000 0.432381 0.133619
90.023109 14.090017 5.957769 -0.824500 -0.565861 0.000000 0.421862 0.133619
90.023109 14.447904 5.029116 -0.815328 -0.578999 0.000000 0.421862 0.165261
90.023109 14.447904 5.029116 -0.815328 -0.578999 0.000000 0.421862 0.593095
90.023109 15.005321 5.011246 -0.999487 -0.032041 0.000000 0.421862 0.639533
91.449814 15.005321 5.011246 -0.999487 -0.032041 0.000000 0.432381 0.639533
91.449814 15.005321 5.011246 -0.999487 -0.032041 0.000000 0.432381 0.639533
91.449814 14.447904 5.029116 -0.815328 -0.578999 0.000000 0.432381 0.593095
90.023109 14.447904 5.029116 -0.815328 -0.578999 0.000000 0.421862 0.593095
91.449814 14.447904 8.640182 0.820462 -0.571701 0.000002 0.432381 0.593154
91.449814 15.005321 8.644900 0.999964 -0.008466 0.000003 0.432381 0.639592
90.023109 15.005321 8.644896 0.999964 -0.008461 0.000002 0.421862 0.639592
90.023109 15.005321 8.644896 0.999964 -0.008461 0.000002 0.421862 0.639592
90.023109 14.447904 8.640180 0.820463 -0.571700 0.000001 0.421862 0.593154
91.449814 14.447904 8.640182 0.820462 -0.571701 0.000002 0.432381 0.593154
67.383469 15.005322 8.644902 0.000000 1.000000 -0.000000 0.216780 0.042073
68.810165 15.005322 8.644902 0.000000 1.000000 -0.000000 0.227299 0.042073
68.810165 15.005322 5.011246 0.000000 1.000000 -0.000000 0.227299 0.165873
68.810165 15.005322 5.011246 0.000000 1.000000 -0.000000 0.227299 0.165873
67.383469 15.005322 5.011246 0.000000 1.000000 -0.000000 0.216780 0.165873
67.383469 15.005322 8.644902 0.000000 1.000000 -0.000000 0.216780 0.042073
68.810165 14.090017 7.695415 0.000000 0.000000 -1.000000 0.082728 0.563323
68.810165 -0.000002 7.695411 0.000000 0.000000 -1.000000 0.082702 0.008780
68.810165 -0.000002 5.957769 0.000000 0.000000 -1.000000 0.116804 0.008752
68.810165 -0.000002 5.957769 0.000000 0.000000 -1.000000 0.116804 0.008752
68.810165 14.090017 5.957771 0.000000 0.000000 -1.000000 0.116829 0.563295
68.810165 14.090017 7.695415 0.000000 0.000000 -1.000000 0.082728 0.563323
68.810165 14.447904 5.029119 0.000000 -0.000000 -1.000000 0.135055 0.593095
68.810165 15.005322 5.011246 0.000000 -0.000000 -1.000000 0.135408 0.639533
68.810165 15.005322 8.644902 0.000000 -0.000000 -1.000000 0.064098 0.639592
68.810165 14.447905 8.640184 0.000000 -0.000000 -1.000000 0.064188 0.593154
68.810165 14.090017 7.695415 0.000000 0.000000 -1.000000 0.082728 0.563323
68.810165 14.090017 5.957771 0.000000 0.000000 -1.000000 0.116829 0.563295
68.810165 15.005322 8.644902 0.000000 -0.000000 -1.000000 0.064098 0.639592
68.810165 14.447905 8.640184 0.000000 -0.000000 -1.000000 0.064188 0.593154
68.810165 14.090017 5.957771 0.000000 0.000000 -1.000000 0.116829 0.563295
68.810165 14.447904 5.029119 0.000000 -0.000000 -1.000000 0.135055 0.593095
68.810165 15.005322 8.644902 0.000000 -0.000000 -1.000000 0.064098 0.639592
68.810165 14.090017 5.957771 0.000000 0.000000 -1.000000 0.116829 0.563295
67.383469 14.090017 7.695415 0.822874 -0.568224 -0.000000 0.216780 0.563323
67.383469 0.000000 7.695413 1.000000 -0.000000 -0.000001 0.216780 0.008780
68.810165 -0.000002 7.695411 1.000000 -0.000000 -0.000001 0.227299 0.008780
68.810165 -0.000002 7.695411 1.000000 -0.000000 -0.000001 0.227299 0.008780
68.810165 14.090017 7.695415 0.822874 -0.568224 0.000000 0.227299 0.563323
67.383469 14.090017 7.695415 0.822874 -0.568224 -0.000000 0.216780 0.563323
68.810165 14.447905 8.640184 0.820462 -0.571701 0.000000 0.227299 0.042230
67.383469 14.447905 8.640184 0.820462 -0.571701 0.000000 0.216780 0.042230
67.383469 14.090017 7.695415 0.822874 -0.568224 -0.000000 0.216780 0.074416
67.383469 14.090017 7.695415 0.822874 -0.568224 -0.000000 0.216780 0.074416
68.810165 14.090017 7.695415 0.822874 -0.568224 0.000000 0.227299 0.074416
68.810165 14.447905 8.640184 0.820462 -0.571701 0.000000 0.227299 0.042230
67.383469 14.090017 5.957771 0.000000 0.000000 1.000000 0.116829 0.563295
67.383469 0.000000 5.957769 0.000000 0.000000 1.000000 0.116804 0.008752
67.383469 0.000000 7.695413 0.000000 0.000000 1.000000 0.082702 0.008780
67.383469 0.000000 7.695413 0.000000 0.000000 1.000000 0.082702 0.008780
67.383469 14.090017 7.695415 0.000000 0.000000 1.000000 0.082728 0.563323
67.383469 14.090017 5.957771 0.000000 0.000000 1.000000 0.116829 0.563295
67.383469 14.447905 8.640184 0.000000 0.000000 1.000000 0.064188 0.593154
67.383469 15.005322 8.644902 0.000000 0.000000 1.000000 0.064098 0.639592
67.383469 15.005322 5.011246 0.000000 0.000000 1.000000 0.135408 0.639533
67.383469 14.447904 5.029119 0.000000 0.000000 1.000000 0.135055 0.593095
67.383469 14.090017 5.957771 0.000000 0.000000 1.000000 0.116829 0.563295
67.383469 14.090017 7.695415 0.000000 0.000000 1.000000 0.082728 0.563323
67.383469 15.005322 5.011246 0.000000 0.000000 1.000000 0.135408 0.639533
67.383469 14.447904 5.029119 0.000000 0.000000 1.000000 0.135055 0.593095
67.383469 14.090017 7.695415 0.000000 0.000000 1.000000 0.082728 0.563323
67.383469 14.447905 8.640184 0.000000 0.000000 1.000000 0.064188 0.593154
67.383469 15.005322 5.011246 0.000000 0.000000 1.000000 0.135408 0.639533
67.383469 14.090017 7.695415 0.000000 0.000000 1.000000 0.082728 0.563323
68.810165 14.090017 5.957771 -0.824501 -0.565861 0.000000 0.227299 0.563295
68.810165 -0.000002 5.957769 -1.000000 0.000000 -0.000000 0.227299 0.008752
67.383469 0.000000 5.957769 -1.000000 0.000000 -0.000000 0.216780 0.008752
67.383469 0.000000 5.957769 -1.000000 0.000000 -0.000000 0.216780 0.008752
67.383469 14.090017 5.957771 -0.824501 -0.565861 0.000000 0.216780 0.563295
68.810165 14.090017 5.957771 -0.824501 -0.565861 0.000000 0.227299 0.563295
67.383469 14.447904 5.029119 -0.815327 -0.579001 0.000000 0.216780 0.165261
68.810165 14.447904 5.029119 -0.815327 -0.579001 0.000000 0.227299 0.165261
68.810165 14.090017 5.957771 -0.824501 -0.565861 0.000000 0.227299 0.133619
68.810165 14.090017 5.957771 -0.824501 -0.565861 0.000000 0.227299 0.133619
67.383469 14.090017 5.957771 -0.824501 -0.565861 0.000000 0.216780 0.133619
67.383469 14.447904 5.029119 -0.815327 -0.579001 0.000000 0.216780 0.165261
67.383469 14.447904 5.029119 -0.815327 -0.579001 0.000000 0.216780 0.593095
67.383469 15.005322 5.011246 -0.999486 -0.032047 0.000000 0.216780 0.639533
68.810165 15.005322 5.011246 -0.999486 -0.032047 0.000000 0.227299 0.639533
68.810165 15.005322 5.011246 -0.999486 -0.032047 0.000000 0.227299 0.639533
68.810165 14.447904 5.029119 -0.815327 -0.579001 0.000000 0.227299 0.593095
67.383469 14.447904 5.029119 -0.815327 -0.579001 0.000000 0.216780 0.593095
68.810165 14.447905 8.640184 0.820462 -0.571701 0.000000 0.227299 0.593154
68.810165 15.005322 8.644902 0.999964 -0.008463 0.000000 0.227299 0.639592
67.383469 15.005322 8.644902 0.999964 -0.008463 0.000000 0.216780 0.639592
67.383469 15.005322 8.644902 0.999964 -0.008463 0.000000 0.216780 0.639592
67.383469 14.447905 8.640184 0.820462 -0.571701 0.000000 0.216780 0.593154
68.810165 14.447905 8.640184 0.820462 -0.571701 0.000000 0.227299 0.593154
67.383469 15.005321 -5.226447 0.000000 1.000000 -0.000000 0.216780 0.834479
68.810165 15.005321 -5.226447 0.000000 1.000000 -0.000000 0.227299 0.834479
68.810165 15.005321 -8.860100 0.000000 1.000000 -0.000000 0.227299 0.958279
68.810165 15.005321 -8.860100 0.000000 1.000000 -0.000000 0.227299 0.958279
67.383469 15.005321 -8.860100 0.000000 1.000000 -0.000000 0.216780 0.958279
67.383469 15.005321 -5.226447 0.000000 1.000000 -0.000000 0.216780 0.834479
68.810165 14.090017 -6.175931 0.000001 -0.000002 -1.000000 0.539163 0.562945
68.810165 -0.000003 -6.175931 0.000000 0.000000 -1.000000 0.539137 0.008401
68.810165 -0.000003 -7.913576 0.000000 -0.000000 -1.000000 0.573238 0.008373
68.810165 -0.000003 -7.913576 0.000000 -0.000000 -1.000000 0.573238 0.008373
68.810165 14.090017 -7.913576 0.000001 0.000000 -1.000000 0.573264 0.562917
68.810165 14.090017 -6.175931 0.000001 -0.000002 -1.000000 0.539163 0.562945
68.810165 14.447904 -8.842228 0.000001 0.000000 -1.000000 0.591490 0.592717
68.810165 15.005321 -8.860100 0.000001 -0.000000 -1.000000 0.591843 0.639154
68.810165 15.005321 -5.226447 0.000001 0.000000 -1.000000 0.520533 0.639214
68.810165 14.447904 -5.231164 0.000001 -0.000000 -1.000000 0.520623 0.592776
68.810165 14.090017 -6.175931 0.000001 -0.000002 -1.000000 0.539163 0.562945
68.810165 14.090017 -7.913576 0.000001 0.000000 -1.000000 0.573264 0.562917
68.810165 15.005321 -5.226447 0.000001 0.000000 -1.000000 0.520533 0.639214
68.810165 14.447904 -5.231164 0.000001 -0.000000 -1.000000 0.520623 0.592776
68.810165 14.090017 -7.913576 0.000001 0.000000 -1.000000 0.573264 0.562917
68.810165 14.447904 -8.842228 0.000001 0.000000 -1.000000 0.591490 0.592717
68.810165 15.005321 -5.226447 0.000001 0.000000 -1.000000 0.520533 0.639214
68.810165 14.090017 -7.913576 0.000001 0.000000 -1.000000 0.573264 0.562917
67.383469 14.090017 -6.175931 0.822874 -0.568223 0.000000 0.216780 0.562945
67.383469 -0.000001 -6.175931 1.000000 -0.000000 0.000000 0.216780 0.008401
68.810165 -0.000003 -6.175931 1.000000 -0.000000 0.000000 0.227299 0.008401
68.810165 -0.000003 -6.175931 1.000000 -0.000000 0.000000 0.227299 0.008401
68.810165 14.090017 -6.175931 0.822874 -0.568223 0.000000 0.227299 0.562945
67.383469 14.090017 -6.175931 0.822874 -0.568223 0.000000 0.216780 0.562945
68.810165 14.447904 -5.231164 0.820463 -0.571700 -0.000000 0.227299 0.834636
67.383469 14.447904 -5.231164 0.820463 -0.571700 0.000000 0.216780 0.834636
67.383469 14.090017 -6.175931 0.822874 -0.568223 0.000000 0.216780 0.866822
67.383469 14.090017 -6.175931 0.822874 -0.568223 0.000000 0.216780 0.866822
68.810165 14.090017 -6.175931 0.822874 -0.568223 0.000000 0.227299 0.866822
68.810165 14.447904 -5.231164 0.820463 -0.571700 -0.000000 0.227299 0.834636
67.383469 14.090017 -7.913576 0.000000 0.000000 1.000000 0.573264 0.562917
67.383469 -0.000001 -7.913576 0.000000 0.000000 1.000000 0.573238 0.008373
67.383469 -0.000001 -6.175931 0.000000 0.000000 1.000000 0.539137 0.008401
67.383469 -0.000001 -6.175931 0.000000 0.000000 1.000000 0.539137 0.008401
67.383469 14.090017 -6.175931 0.000000 0.000000 1.000000 0.539163 0.562945
67.383469 14.090017 -7.913576 0.000000 0.000000 1.000000 0.573264 0.562917
67.383469 14.447904 -5.231164 0.000000 0.000000 1.000000 0.520623 0.592776
67.383469 15.005321 -5.226447 0.000000 0.000000 1.000000 0.520533 0.639214
67.383469 15.005321 -8.860100 0.000000 0.000000 1.000000 0.591843 0.639154
67.383469 14.447904 -8.842228 0.000000 0.000000 1.000000 0.591490 0.592717
67.383469 14.090017 -7.913576 0.000000 0.000000 1.000000 0.573264 0.562917
67.383469 14.090017 -6.175931 0.000000 0.000000 1.000000 0.539163 0.562945
67.383469 15.005321 -8.860100 0.000000 0.000000 1.000000 0.591843 0.639154
67.383469 14.447904 -8.842228 0.000000 0.000000 1.000000 0.591490 0.592717
67.383469 14.090017 -6.175931 0.000000 0.000000 1.000000 0.539163 0.562945
67.383469 14.447904 -5.231164 0.000000 0.000000 1.000000 0.520623 0.592776
67.383469 15.005321 -8.860100 0.000000 0.000000 1.000000 0.591843 0.639154
67.383469 14.090017 -6.175931 0.000000 0.000000 1.000000 0.539163 0.562945
67.383469 14.447904 -8.842228 -0.815327 -0.579001 0.000000 0.216780 0.957667
68.810165 14.447904 -8.842228 -0.815327 -0.579001 0.000000 0.227299 0.957667
68.810165 14.090017 -7.913576 -0.359603 -0.933105 0.000000 0.227299 0.926025
68.810165 14.090017 -7.913576 -0.359603 -0.933105 0.000000 0.227299 0.926025
67.383469 14.090017 -7.913576 -0.359603 -0.933105 0.000000 0.216780 0.926025
67.383469 14.447904 -8.842228 -0.815327 -0.579001 0.000000 0.216780 0.957667
67.383469 14.447904 -8.842228 -0.815327 -0.579001 0.000000 0.216780 0.592717
67.383469 15.005321 -8.860100 -0.999486 -0.032045 0.000000 0.216780 0.639154
68.810165 15.005321 -8.860100 -0.999486 -0.032045 0.000000 0.227299 0.639154
68.810165 15.005321 -8.860100 -0.999486 -0.032045 0.000000 0.227299 0.639154
68.810165 14.447904 -8.842228 -0.815327 -0.579001 0.000000 0.227299 0.592717
67.383469 14.447904 -8.842228 -0.815327 -0.579001 0.000000 0.216780 0.592717
68.810165 14.447904 -5.231164 0.820463 -0.571700 -0.000000 0.227299 0.592776
68.810165 15.005321 -5.226447 0.999964 -0.008461 -0.000000 0.227299 0.639214
67.383469 15.005321 -5.226447 0.999964 -0.008461 -0.000000 0.216780 0.639214
67.383469 15.005321 -5.226447 0.999964 -0.008461 -0.000000 0.216780 0.639214
67.383469 14.447904 -5.231164 0.820463 -0.571700 0.000000 0.216780 0.592776
68.810165 14.447904 -5.231164 0.820463 -0.571700 -0.000000 0.227299 0.592776
21.033295 -0.000003 9.211913 0.000000 -1.000000 0.000000 0.043797 0.022704
21.033295 -0.000004 -9.344336 0.000000 -1.000000 0.000000 0.043797 0.974727
67.273895 -0.000004 -9.344335 0.000000 -1.000000 0.000000 0.215972 0.974727
67.273895 -0.000004 -9.344335 0.000000 -1.000000 0.000000 0.215972 0.974727
67.273895 -0.000003 9.211909 0.000000 -1.000000 0.000000 0.215972 0.022704
21.033295 -0.000003 9.211913 0.000000 -1.000000 0.000000 0.043797 0.022704
59.600769 14.445565 -9.344336 0.000000 1.000000 -0.000000 0.159396 0.974774
59.600765 14.445566 9.211913 0.000000 1.000000 -0.000000 0.159396 0.022751
60.446835 14.445566 9.211913 0.000000 1.000000 -0.000000 0.165634 0.022751
60.446835 14.445566 9.211913 0.000000 1.000000 -0.000000 0.165634 0.022751
60.446835 14.445565 -9.344336 0.000000 1.000000 -0.000000 0.165634 0.974774
59.600769 14.445565 -9.344336 0.000000 1.000000 -0.000000 0.159396 0.974774
60.446835 14.445566 9.211913 -0.000000 0.427290 -0.904115 0.052968 0.592969
67.273895 -0.000003 9.211909 -0.000000 0.427290 -0.904115 0.052941 0.006944
67.273895 -0.000004 -9.344335 -0.000000 0.427290 -0.904115 0.601317 0.006489
67.273895 -0.000004 -9.344335 -0.000000 0.427290 -0.904115 0.601317 0.006489
60.446835 14.445565 -9.344336 0.000000 0.427290 -0.904115 0.601344 0.592514
60.446835 14.445566 9.211913 -0.000000 0.427290 -0.904115 0.052968 0.592969
59.600769 14.997403 -9.344336 0.000000 1.000000 -0.000000 0.500000 76704.500000
21.006657 14.997404 -9.344336 -0.000000 1.000000 -0.000000 0.500000 91392.500000
21.006657 14.997405 9.211915 -0.000000 1.000000 -0.000000 0.500000 91392.500000
21.006657 14.997405 9.211915 -0.000000 1.000000 -0.000000 0.500000 91392.500000
59.600765 14.997404 9.211913 0.000000 1.000000 -0.000000 0.500000 76704.500000
59.600769 14.997403 -9.344336 0.000000 1.000000 -0.000000 0.500000 76704.500000
21.006657 14.997404 -9.344336 -0.706706 -0.001257 0.707506 0.601346 0.638487
59.600769 14.997403 -9.344336 -1.000000 0.000000 0.000000 0.601346 0.633894
59.600769 14.445565 -9.344336 -1.000000 0.000000 -0.000000 0.601344 0.587921
60.446835 14.445565 -9.344336 -1.000000 0.000000 -0.000000 0.601344 0.587674
67.273895 -0.000004 -9.344335 -1.000000 0.000000 -0.000000 0.601317 -0.000342
21.033295 -0.000004 -9.344336 -0.707506 -0.001255 0.706706 0.601317 0.006489
59.600769 14.445565 -9.344336 -1.000000 0.000000 -0.000000 0.601344 0.587921
60.446835 14.445565 -9.344336 -1.000000 0.000000 -0.000000 0.601344 0.587674
21.033295 -0.000004 -9.344336 -0.707506 -0.001255 0.706706 0.601317 0.006489
21.006657 14.997404 -9.344336 -0.706706 -0.001257 0.707506 0.601346 0.638487
59.600769 14.445565 -9.344336 -1.000000 0.000000 -0.000000 0.601344 0.587921
21.033295 -0.000004 -9.344336 -0.707506 -0.001255 0.706706 0.601317 0.006489
21.033295 -0.000004 -9.344336 -0.707506 -0.001255 0.706706 0.601317 0.006489
21.033295 -0.000003 9.211913 -0.000000 -0.001776 0.999998 0.052941 0.006944
21.006657 14.997405 9.211915 0.000000 -0.001776 0.999998 0.052970 0.638942
21.006657 14.997404 -9.344336 -0.706706 -0.001257 0.707506 0.601346 0.638487
21.033295 -0.000004 -9.344336 -0.707506 -0.001255 0.706706 0.601317 0.006489
21.006657 14.997405 9.211915 0.000000 -0.001776 0.999998 0.052970 0.638942
59.600765 14.997404 9.211913 0.000000 -0.000000 -1.000000 0.052970 0.638942
59.600765 14.445566 9.211913 0.000000 -0.000000 -1.000000 0.052968 0.592969
59.600769 14.445565 -9.344336 0.000000 -0.000000 -1.000000 0.601344 0.592514
59.600769 14.445565 -9.344336 0.000000 -0.000000 -1.000000 0.601344 0.592514
59.600769 14.997403 -9.344336 0.000000 -0.000000 -1.000000 0.601346 0.638487
59.600765 14.997404 9.211913 0.000000 -0.000000 -1.000000 0.052970 0.638942
21.006657 14.997405 9.211915 1.000000 -0.000000 -0.000000 0.043601 0.638942
21.033295 -0.000003 9.211913 1.000000 -0.000000 -0.000000 0.043797 0.006944
67.273895 -0.000003 9.211909 1.000000 -0.000000 -0.000000 0.215972 0.006944
67.273895 -0.000003 9.211909 1.000000 -0.000000 -0.000000 0.215972 0.006944
60.446835 14.445566 9.211913 1.000000 -0.000000 0.000000 0.165634 0.592969
59.600765 14.445566 9.211913 1.000000 -0.000000 -0.000000 0.159396 0.592969
21.006657 14.997405 9.211915 1.000000 -0.000000 -0.000000 0.043601 0.638942
67.273895 -0.000003 9.211909 1.000000 -0.000000 -0.000000 0.215972 0.006944
59.600765 14.445566 9.211913 1.000000 -0.000000 -0.000000 0.159396 0.592969
21.006657 14.997405 9.211915 1.000000 -0.000000 -0.000000 0.043601 0.638942
59.600765 14.445566 9.211913 1.000000 -0.000000 -0.000000 0.159396 0.592969
59.600765 14.997404 9.211913 1.000000 -0.000000 -0.000000 0.159396 0.638942
101.150909 -0.000003 9.211911 0.000000 -1.000000 0.000000 0.607765 0.022704
91.586731 0.000000 9.211907 -0.000000 -1.000000 0.000000 0.433391 0.022704
91.586731 -0.000001 -9.344334 0.000000 -1.000000 0.000000 0.433391 0.974727
91.586731 -0.000001 -9.344334 0.000000 -1.000000 0.000000 0.433391 0.974727
101.150909 -0.000004 -9.344334 0.000000 -1.000000 0.000000 0.607765 0.974727
101.150909 -0.000003 9.211911 0.000000 -1.000000 0.000000 0.607765 0.022704
99.219055 14.445565 -9.344330 0.000000 1.000000 -0.000000 0.489666 0.974773
98.413795 14.445565 -9.344335 0.000000 1.000000 -0.000000 0.483728 0.974774
98.413795 14.445566 9.211907 0.000000 1.000000 -0.000000 0.483728 0.022751
98.413795 14.445566 9.211907 0.000000 1.000000 -0.000000 0.483728 0.022751
99.219055 14.445566 9.211907 0.000000 1.000000 -0.000000 0.489666 0.022751
99.219055 14.445565 -9.344330 0.000000 1.000000 -0.000000 0.489666 0.974773
98.413795 14.445566 9.211907 0.000000 0.427290 0.904115 0.052968 0.592969
98.413795 14.445565 -9.344335 0.000000 0.427290 0.904115 0.601344 0.592514
91.586731 -0.000001 -9.344334 0.000000 0.427290 0.904115 0.601317 0.006489
91.586731 -0.000001 -9.344334 0.000000 0.427290 0.904115 0.601317 0.006489
91.586731 0.000000 9.211907 0.000000 0.427290 0.904115 0.052941 0.006944
98.413795 14.445566 9.211907 0.000000 0.427290 0.904115 0.052968 0.592969
99.219055 14.997403 -9.344330 0.000000 1.000000 0.000000 0.500000 32784.500000
99.219055 14.997404 9.211907 0.000000 1.000000 0.000000 0.500000 32784.500000
101.177551 14.997405 9.211913 0.000000 1.000000 0.000000 0.500000 15728.500000
101.177551 14.997405 9.211913 0.000000 1.000000 0.000000 0.500000 15728.500000
101.177551 14.997404 -9.344335 0.000000 1.000000 0.000000 0.500000 15728.500000
99.219055 14.997403 -9.344330 0.000000 1.000000 0.000000 0.500000 32784.500000
99.219055 14.445565 -9.344330 -1.000000 0.000000 -0.000001 0.489666 0.592514
99.219055 14.997403 -9.344330 -1.000000 0.000000 0.000002 0.489666 0.638487
101.177551 14.997404 -9.344335 -0.706707 -0.001257 -0.707505 0.607961 0.638487
101.177551 14.997405 9.211913 0.000000 -0.001776 -0.999998 0.607961 0.638487
101.150909 -0.000003 9.211911 0.000000 -0.001776 -0.999998 0.607765 0.006489
101.150909 -0.000004 -9.344334 -0.707506 -0.001255 -0.706706 0.607765 0.006489
101.177551 14.997404 -9.344335 -0.706707 -0.001257 -0.707505 0.607961 0.638487
101.177551 14.997405 9.211913 0.000000 -0.001776 -0.999998 0.607961 0.638487
101.150909 -0.000004 -9.344334 -0.707506 -0.001255 -0.706706 0.607765 0.006489
99.219055 14.445565 -9.344330 -1.000000 0.000000 -0.000001 0.489666 0.592514
101.177551 14.997404 -9.344335 -0.706707 -0.001257 -0.707505 0.607961 0.638487
101.150909 -0.000004 -9.344334 -0.707506 -0.001255 -0.706706 0.607765 0.006489
101.150909 -0.000004 -9.344334 -0.707506 -0.001255 -0.706706 0.607765 0.006489
91.586731 -0.000001 -9.344334 -1.000000 -0.000000 0.000000 0.433391 0.006489
98.413795 14.445565 -9.344335 -1.000000 0.000001 -0.000004 0.483728 0.592514
99.219055 14.445565 -9.344330 -1.000000 0.000000 -0.000001 0.489666 0.592514
101.150909 -0.000004 -9.344334 -0.707506 -0.001255 -0.706706 0.607765 0.006489
98.413795 14.445565 -9.344335 -1.000000 0.000001 -0.000004 0.483728 0.592514
99.219055 14.997404 9.211907 0.000000 0.000000 1.000000 0.052970 0.638942
99.219055 14.997403 -9.344330 0.000000 0.000000 1.000000 0.601346 0.638487
99.219055 14.445565 -9.344330 0.000000 0.000000 1.000000 0.601344 0.592514
99.219055 14.445565 -9.344330 0.000000 0.000000 1.000000 0.601344 0.592514
99.219055 14.445566 9.211907 0.000000 0.000000 1.000000 0.052968 0.592969
99.219055 14.997404 9.211907 0.000000 0.000000 1.000000 0.052970 0.638942
91.586731 0.000000 9.211907 1.000000 -0.000000 0.000001 0.433391 0.006944
101.150909 -0.000003 9.211911 1.000000 -0.000000 0.000000 0.607765 0.006944
101.177551 14.997405 9.211913 1.000000 0.000001 0.000002 0.607961 0.638942
101.177551 14.997405 9.211913 1.000000 0.000001 0.000002 0.607961 0.638942
99.219055 14.997404 9.211907 1.000000 0.000000 0.000003 0.489666 0.638942
99.219055 14.445566 9.211907 1.000000 0.000001 0.000003 0.489666 0.592969
91.586731 0.000000 9.211907 1.000000 -0.000000 0.000001 0.433391 0.006944
101.177551 14.997405 9.211913 1.000000 0.000001 0.000002 0.607961 0.638942
99.219055 14.445566 9.211907 1.000000 0.000001 0.000003 0.489666 0.592969
91.586731 0.000000 9.211907 1.000000 -0.000000 0.000001 0.433391 0.006944
99.219055 14.445566 9.211907 1.000000 0.000001 0.000003 0.489666 0.592969
98.413795 14.445566 9.211907 1.000000 0.000000 0.000000 0.483728 0.592969
21.083916 19.136021 -8.725897 -0.300001 0.953939 -0.000000 0.048196 0.983281
101.076279 19.136024 -8.725866 -0.300030 0.953930 -0.000000 0.607214 0.983282
101.076279 19.101074 -8.744091 -0.951576 -0.307413 -0.000000 0.607214 0.980370
101.076279 19.101074 -8.744091 -0.951576 -0.307413 -0.000000 0.607214 0.980370
21.083916 19.101070 -8.744123 -0.951585 -0.307384 -0.000000 0.048196 0.980370
21.083916 19.136021 -8.725897 -0.300001 0.953939 -0.000000 0.048196 0.983281
21.083916 18.935745 -8.414762 -0.852407 -0.522878 -0.000000 0.048196 0.966602
101.076279 18.935747 -8.414730 -0.852410 -0.522875 -0.000000 0.607214 0.966602
101.076279 18.743628 -8.415718 -0.878454 0.477826 -0.000000 0.607214 0.950596
101.076279 18.743628 -8.415718 -0.878454 0.477826 -0.000000 0.607214 0.950596
21.083916 18.743626 -8.415749 -0.878455 0.477825 -0.000000 0.048196 0.950596
21.083916 18.935745 -8.414762 -0.852407 -0.522878 -0.000000 0.048196 0.966602
21.083916 18.743626 -8.415749 -0.878455 0.477825 -0.000000 0.048196 0.943165
101.076279 18.743628 -8.415718 -0.878454 0.477826 -0.000000 0.607214 0.943164
101.076279 18.577227 -8.669933 -0.867625 0.497219 -0.000000 0.607214 0.951824
101.076279 18.577227 -8.669933 -0.867625 0.497219 -0.000000 0.607214 0.951824
21.083916 18.577225 -8.669966 -0.867625 0.497218 -0.000000 0.048196 0.951825
21.083916 18.743626 -8.415749 -0.878455 0.477825 -0.000000 0.048196 0.943165
21.083916 18.577225 -8.669966 -0.867625 0.497218 -0.000000 0.048196 0.936729
101.076279 18.577227 -8.669933 -0.867625 0.497219 -0.000000 0.607214 0.936730
101.076279 18.308201 -8.683278 -0.877416 -0.479730 -0.000000 0.607214 0.914317
101.076279 18.308201 -8.683278 -0.877416 -0.479730 -0.000000 0.607214 0.914317
21.083916 18.308197 -8.683310 -0.877415 -0.479732 -0.000000 0.048196 0.914317
21.083916 18.577225 -8.669966 -0.867625 0.497218 -0.000000 0.048196 0.936729
21.083916 18.308197 -8.683310 -0.877415 -0.479732 -0.000000 0.048196 0.952278
101.076279 18.308201 -8.683278 -0.877416 -0.479730 -0.000000 0.607214 0.952277
101.076279 18.154469 -8.415114 -0.864777 -0.502156 -0.000000 0.607214 0.943139
101.076279 18.154469 -8.415114 -0.864777 -0.502156 -0.000000 0.607214 0.943139
21.083916 18.154465 -8.415147 -0.864775 -0.502160 -0.000000 0.048196 0.943140
21.083916 18.308197 -8.683310 -0.877415 -0.479732 -0.000000 0.048196 0.952278
21.083916 18.154465 -8.415147 -0.864775 -0.502160 -0.000000 0.048196 0.901514
101.076279 18.154469 -8.415114 -0.864777 -0.502156 -0.000000 0.607214 0.901514
101.076279 17.953573 -8.414728 -0.851682 0.524059 -0.000000 0.607214 0.884778
101.076279 17.953573 -8.414728 -0.851682 0.524059 -0.000000 0.607214 0.884778
21.083916 17.953571 -8.414759 -0.851684 0.524056 -0.000000 0.048196 0.884778
21.083916 18.154465 -8.415147 -0.864775 -0.502160 -0.000000 0.048196 0.901514
21.083916 17.953571 -8.414759 -0.851684 0.524056 -0.000000 0.048196 0.943126
101.076279 17.953573 -8.414728 -0.851682 0.524059 -0.000000 0.607214 0.943125
101.076279 17.776506 -8.767094 -0.951563 0.307453 -0.000000 0.607214 0.955129
101.076279 17.776506 -8.767094 -0.951563 0.307453 -0.000000 0.607214 0.955129
21.083916 17.776503 -8.767128 -0.951576 0.307414 -0.000000 0.048196 0.955130
21.083916 17.953571 -8.414759 -0.851684 0.524056 -0.000000 0.048196 0.943126
101.076279 19.136024 -8.725866 -0.300030 0.953930 -0.000000 0.607214 0.953733
21.083916 19.136021 -8.725897 -0.300001 0.953939 -0.000000 0.048196 0.953734
21.083916 18.956181 -8.381058 0.855106 0.518453 0.000000 0.048196 0.941984
21.083916 18.956181 -8.381058 0.855106 0.518453 0.000000 0.048196 0.941984
101.076279 18.956184 -8.381025 0.855106 0.518454 0.000000 0.607214 0.941983
101.076279 19.136024 -8.725866 -0.300030 0.953930 -0.000000 0.607214 0.953733
101.076279 18.956184 -8.381025 0.855106 0.518454 0.000000 0.607214 0.968305
21.083916 18.956181 -8.381058 0.855106 0.518453 0.000000 0.048196 0.968305
21.083916 18.724909 -8.381058 0.880076 -0.474833 0.000000 0.048196 0.949038
21.083916 18.724909 -8.381058 0.880076 -0.474833 0.000000 0.048196 0.949038
101.076279 18.724911 -8.381025 0.880076 -0.474834 0.000000 0.607214 0.949038
101.076279 18.956184 -8.381025 0.855106 0.518454 0.000000 0.607214 0.968305
101.076279 18.724911 -8.381025 0.880076 -0.474834 0.000000 0.607214 0.941982
21.083916 18.724909 -8.381058 0.880076 -0.474833 0.000000 0.048196 0.941983
21.083916 18.557547 -8.635811 0.866492 -0.499191 0.000000 0.048196 0.950661
21.083916 18.557547 -8.635811 0.866492 -0.499191 0.000000 0.048196 0.950661
101.076279 18.557549 -8.635780 0.866493 -0.499189 0.000000 0.607214 0.950660
101.076279 18.724911 -8.381025 0.880076 -0.474834 0.000000 0.607214 0.941982
101.076279 18.557549 -8.635780 0.866493 -0.499189 0.000000 0.607214 0.935091
21.083916 18.557547 -8.635811 0.866492 -0.499191 0.000000 0.048196 0.935091
21.083916 18.327030 -8.648683 0.878466 0.477804 0.000000 0.048196 0.915886
21.083916 18.327030 -8.648683 0.878466 0.477804 0.000000 0.048196 0.915886
101.076279 18.327034 -8.648651 0.878465 0.477808 0.000000 0.607214 0.915887
101.076279 18.557549 -8.635780 0.866493 -0.499189 0.000000 0.607214 0.935091
101.076279 18.327034 -8.648651 0.878465 0.477808 0.000000 0.607214 0.951097
21.083916 18.327030 -8.648683 0.878466 0.477804 0.000000 0.048196 0.951098
21.083916 18.174257 -8.381058 0.864800 0.502116 0.000000 0.048196 0.941979
21.083916 18.174257 -8.381058 0.864800 0.502116 0.000000 0.048196 0.941979
101.076279 18.174259 -8.381025 0.864800 0.502116 0.000000 0.607214 0.941978
101.076279 18.327034 -8.648651 0.878465 0.477808 0.000000 0.607214 0.951097
101.076279 18.174259 -8.381025 0.864800 0.502116 0.000000 0.607214 0.903163
21.083916 18.174257 -8.381058 0.864800 0.502116 0.000000 0.048196 0.903163
21.083916 17.933126 -8.381058 0.854960 -0.518694 0.000000 0.048196 0.883075
21.083916 17.933126 -8.381058 0.854960 -0.518694 0.000000 0.048196 0.883075
101.076279 17.933128 -8.381025 0.854960 -0.518694 0.000000 0.607214 0.883075
101.076279 18.174259 -8.381025 0.864800 0.502116 0.000000 0.607214 0.903163
101.076279 17.933128 -8.381025 0.854960 -0.518694 0.000000 0.607214 0.941976
21.083916 17.933126 -8.381058 0.854960 -0.518694 0.000000 0.048196 0.941978
21.083916 17.741543 -8.748919 -0.300508 -0.953779 -0.000000 0.048196 0.954509
21.083916 17.741543 -8.748919 -0.300508 -0.953779 -0.000000 0.048196 0.954509
101.076279 17.741545 -8.748888 -0.300548 -0.953767 -0.000000 0.607214 0.954508
101.076279 17.933128 -8.381025 0.854960 -0.518694 0.000000 0.607214 0.941976
101.076279 18.935747 -8.414730 0.000000 -0.000000 -1.000000 0.583118 0.966602
101.076279 19.101074 -8.744091 0.000000 -0.000000 -1.000000 0.589582 0.980370
101.076279 19.136024 -8.725866 0.000000 -0.000000 -1.000000 0.589224 0.983282
101.076279 19.136024 -8.725866 0.000000 -0.000000 -1.000000 0.589224 0.983282
101.076279 18.956184 -8.381025 0.000000 -0.000000 -1.000000 0.582456 0.968305
101.076279 18.935747 -8.414730 0.000000 -0.000000 -1.000000 0.583118 0.966602
101.076279 18.743628 -8.415718 0.000000 -0.000000 -1.000000 0.583136 0.950596
101.076279 18.935747 -8.414730 0.000000 -0.000000 -1.000000 0.583118 0.966602
101.076279 18.956184 -8.381025 0.000000 -0.000000 -1.000000 0.582456 0.968305
101.076279 18.956184 -8.381025 0.000000 -0.000000 -1.000000 0.582456 0.968305
101.076279 18.724911 -8.381025 0.000000 -0.000000 -1.000000 0.582455 0.949038
101.076279 18.743628 -8.415718 0.000000 -0.000000 -1.000000 0.583136 0.950596
101.076279 18.577227 -8.669933 0.000000 -0.000000 -1.000000 0.588125 0.936730
101.076279 18.743628 -8.415718 0.000000 -0.000000 -1.000000 0.583136 0.950596
101.076279 18.724911 -8.381025 0.000000 -0.000000 -1.000000 0.582455 0.949038
101.076279 18.724911 -8.381025 0.000000 -0.000000 -1.000000 0.582455 0.949038
101.076279 18.557549 -8.635780 0.000000 -0.000000 -1.000000 0.587454 0.935091
101.076279 18.577227 -8.669933 0.000000 -0.000000 -1.000000 0.588125 0.936730
101.076279 18.308201 -8.683278 0.000000 -0.000000 -1.000000 0.588386 0.914317
101.076279 18.577227 -8.669933 0.000000 -0.000000 -1.000000 0.588125 0.936730
101.076279 18.557549 -8.635780 0.000000 -0.000000 -1.000000 0.587454 0.935091
101.076279 18.557549 -8.635780 0.000000 -0.000000 -1.000000 0.587454 0.935091
101.076279 18.327034 -8.648651 0.000000 -0.000000 -1.000000 0.587706 0.915887
101.076279 18.308201 -8.683278 0.000000 -0.000000 -1.000000 0.588386 0.914317
101.076279 18.154469 -8.415114 0.000000 -0.000000 -1.000000 0.583122 0.901514
101.076279 18.308201 -8.683278 0.000000 -0.000000 -1.000000 0.588386 0.914317
101.076279 18.327034 -8.648651 0.000000 -0.000000 -1.000000 0.587706 0.915887
101.076279 18.327034 -8.648651 0.000000 -0.000000 -1.000000 0.587706 0.915887
101.076279 18.174259 -8.381025 0.000000 -0.000000 -1.000000 0.582453 0.903163
101.076279 18.154469 -8.415114 0.000000 -0.000000 -1.000000 0.583122 0.901514
101.076279 17.953573 -8.414728 0.000000 -0.000000 -1.000000 0.583114 0.884778
101.076279 18.154469 -8.415114 0.000000 -0.000000 -1.000000 0.583122 0.901514
101.076279 18.174259 -8.381025 0.000000 -0.000000 -1.000000 0.582453 0.903163
101.076279 18.174259 -8.381025 0.000000 -0.000000 -1.000000 0.582453 0.903163
101.076279 17.933128 -8.381025 0.000000 -0.000000 -1.000000 0.582452 0.883075
101.076279 17.953573 -8.414728 0.000000 -0.000000 -1.000000 0.583114 0.884778
101.076279 17.776506 -8.767094 0.000000 -0.000000 -1.000000 0.590028 0.870021
101.076279 17.953573 -8.414728 0.000000 -0.000000 -1.000000 0.583114 0.884778
101.076279 17.933128 -8.381025 0.000000 -0.000000 -1.000000 0.582452 0.883075
101.076279 17.933128 -8.381025 0.000000 -0.000000 -1.000000 0.582452 0.883075
101.076279 17.741545 -8.748888 0.000000 -0.000000 -1.000000 0.589671 0.867108
101.076279 17.776506 -8.767094 0.000000 -0.000000 -1.000000 0.590028 0.870021
21.083916 19.101070 -8.744123 -0.951585 -0.307384 -0.000000 0.048196 0.954355
101.076279 19.101074 -8.744091 -0.951576 -0.307413 -0.000000 0.607214 0.954354
101.076279 18.935747 -8.414730 -0.852410 -0.522875 -0.000000 0.607214 0.943131
101.076279 18.935747 -8.414730 -0.852410 -0.522875 -0.000000 0.607214 0.943131
21.083916 18.935745 -8.414762 -0.852407 -0.522878 -0.000000 0.048196 0.943133
21.083916 19.101070 -8.744123 -0.951585 -0.307384 -0.000000 0.048196 0.954355
21.083916 17.776503 -8.767128 -0.951576 0.307414 -0.000000 0.048196 0.870021
101.076279 17.776506 -8.767094 -0.951563 0.307453 -0.000000 0.607214 0.870021
101.076279 17.741545 -8.748888 -0.300548 -0.953767 -0.000000 0.607214 0.867108
101.076279 17.741545 -8.748888 -0.300548 -0.953767 -0.000000 0.607214 0.867108
21.083916 17.741543 -8.748919 -0.300508 -0.953779 -0.000000 0.048196 0.867108
21.083916 17.776503 -8.767128 -0.951576 0.307414 -0.000000 0.048196 0.870021
21.083916 19.136023 8.800813 0.300013 0.953935 -0.000000 0.048196 0.983720
21.083916 19.101072 8.819037 0.951582 -0.307395 0.000000 0.048196 0.980808
101.076279 19.101074 8.819037 0.951585 -0.307387 -0.000000 0.607214 0.980808
101.076279 19.101074 8.819037 0.951585 -0.307387 -0.000000 0.607214 0.980808
101.076279 19.136024 8.800813 0.300005 0.953938 -0.000000 0.607214 0.983720
21.083916 19.136023 8.800813 0.300013 0.953935 -0.000000 0.048196 0.983720
21.083916 18.935747 8.489678 0.852402 -0.522887 0.000000 0.048196 0.967030
21.083916 18.743626 8.490661 0.878461 0.477814 0.000000 0.048196 0.951024
101.076279 18.743628 8.490664 0.878456 0.477823 -0.000000 0.607214 0.951024
101.076279 18.743628 8.490664 0.878456 0.477823 -0.000000 0.607214 0.951024
101.076279 18.935747 8.489678 0.852407 -0.522879 0.000000 0.607214 0.967030
21.083916 18.935747 8.489678 0.852402 -0.522887 0.000000 0.048196 0.967030
21.083916 18.743626 8.490661 0.878461 0.477814 0.000000 0.048196 0.047353
21.083916 18.577225 8.744878 0.867621 0.497226 -0.000000 0.048196 0.038691
101.076279 18.577227 8.744880 0.867625 0.497220 0.000000 0.607214 0.038691
101.076279 18.577227 8.744880 0.867625 0.497220 0.000000 0.607214 0.038691
101.076279 18.743628 8.490664 0.878456 0.477823 -0.000000 0.607214 0.047353
21.083916 18.743626 8.490661 0.878461 0.477814 0.000000 0.048196 0.047353
21.083916 18.577225 8.744878 0.867621 0.497226 -0.000000 0.048196 0.937166
21.083916 18.308199 8.758227 0.877419 -0.479725 0.000000 0.048196 0.914754
101.076279 18.308201 8.758225 0.877416 -0.479731 0.000000 0.607214 0.914754
101.076279 18.308201 8.758225 0.877416 -0.479731 0.000000 0.607214 0.914754
101.076279 18.577227 8.744880 0.867625 0.497220 0.000000 0.607214 0.937166
21.083916 18.577225 8.744878 0.867621 0.497226 -0.000000 0.048196 0.937166
21.083916 18.308199 8.758227 0.877419 -0.479725 0.000000 0.048196 0.038234
21.083916 18.154467 8.490060 0.864772 -0.502165 0.000000 0.048196 0.047369
101.076279 18.154469 8.490060 0.864776 -0.502157 0.000000 0.607214 0.047370
101.076279 18.154469 8.490060 0.864776 -0.502157 0.000000 0.607214 0.047370
101.076279 18.308201 8.758225 0.877416 -0.479731 0.000000 0.607214 0.038234
21.083916 18.308199 8.758227 0.877419 -0.479725 0.000000 0.048196 0.038234
21.083916 18.154467 8.490060 0.864772 -0.502165 0.000000 0.048196 0.901942
21.083916 17.953573 8.489671 0.851686 0.524053 0.000000 0.048196 0.885206
101.076279 17.953575 8.489674 0.851682 0.524059 -0.000000 0.607214 0.885206
101.076279 17.953575 8.489674 0.851682 0.524059 -0.000000 0.607214 0.885206
101.076279 18.154469 8.490060 0.864776 -0.502157 0.000000 0.607214 0.901942
21.083916 18.154467 8.490060 0.864772 -0.502165 0.000000 0.048196 0.901942
21.083916 17.953573 8.489671 0.851686 0.524053 0.000000 0.048196 0.047381
21.083916 17.776505 8.842040 0.951568 0.307439 0.000000 0.048196 0.035375
101.076279 17.776506 8.842042 0.951568 0.307438 0.000000 0.607214 0.035375
101.076279 17.776506 8.842042 0.951568 0.307438 0.000000 0.607214 0.035375
101.076279 17.953575 8.489674 0.851682 0.524059 -0.000000 0.607214 0.047381
21.083916 17.953573 8.489671 0.851686 0.524053 0.000000 0.048196 0.047381
101.076279 19.136024 8.800813 0.300005 0.953938 -0.000000 0.607214 0.036789
101.076279 18.956184 8.455973 -0.855106 0.518454 -0.000000 0.607214 0.048536
21.083916 18.956182 8.455971 -0.855105 0.518455 -0.000000 0.048196 0.048536
21.083916 18.956182 8.455971 -0.855105 0.518455 -0.000000 0.048196 0.048536
21.083916 19.136023 8.800813 0.300013 0.953935 -0.000000 0.048196 0.036789
101.076279 19.136024 8.800813 0.300005 0.953938 -0.000000 0.607214 0.036789
101.076279 18.956184 8.455973 -0.855106 0.518454 -0.000000 0.607214 0.968732
101.076279 18.724911 8.455973 -0.880076 -0.474833 -0.000000 0.607214 0.949464
21.083916 18.724909 8.455971 -0.880076 -0.474832 -0.000000 0.048196 0.949464
21.083916 18.724909 8.455971 -0.880076 -0.474832 -0.000000 0.048196 0.949464
21.083916 18.956182 8.455971 -0.855105 0.518455 -0.000000 0.048196 0.968732
101.076279 18.956184 8.455973 -0.855106 0.518454 -0.000000 0.607214 0.968732
101.076279 18.724911 8.455973 -0.880076 -0.474833 -0.000000 0.607214 0.048535
101.076279 18.557549 8.710727 -0.866491 -0.499192 -0.000000 0.607214 0.039854
21.083916 18.557549 8.710725 -0.866492 -0.499192 -0.000000 0.048196 0.039854
21.083916 18.557549 8.710725 -0.866492 -0.499192 -0.000000 0.048196 0.039854
21.083916 18.724909 8.455971 -0.880076 -0.474832 -0.000000 0.048196 0.048535
101.076279 18.724911 8.455973 -0.880076 -0.474833 -0.000000 0.607214 0.048535
101.076279 18.557549 8.710727 -0.866491 -0.499192 -0.000000 0.607214 0.935526
101.076279 18.327034 8.723598 -0.878467 0.477804 -0.000000 0.607214 0.916322
21.083916 18.327032 8.723598 -0.878468 0.477802 -0.000000 0.048196 0.916322
21.083916 18.327032 8.723598 -0.878468 0.477802 -0.000000 0.048196 0.916322
21.083916 18.557549 8.710725 -0.866492 -0.499192 -0.000000 0.048196 0.935526
101.076279 18.557549 8.710727 -0.866491 -0.499192 -0.000000 0.607214 0.935526
101.076279 18.327034 8.723598 -0.878467 0.477804 -0.000000 0.607214 0.039414
101.076279 18.174259 8.455973 -0.864800 0.502117 -0.000000 0.607214 0.048531
21.083916 18.174259 8.455971 -0.864801 0.502115 -0.000000 0.048196 0.048531
21.083916 18.174259 8.455971 -0.864801 0.502115 -0.000000 0.048196 0.048531
21.083916 18.327032 8.723598 -0.878468 0.477802 -0.000000 0.048196 0.039414
101.076279 18.327034 8.723598 -0.878467 0.477804 -0.000000 0.607214 0.039414
101.076279 18.174259 8.455973 -0.864800 0.502117 -0.000000 0.607214 0.903590
101.076279 17.933130 8.455973 -0.854960 -0.518694 -0.000000 0.607214 0.883502
21.083916 17.933128 8.455971 -0.854960 -0.518695 -0.000000 0.048196 0.883502
21.083916 17.933128 8.455971 -0.854960 -0.518695 -0.000000 0.048196 0.883502
21.083916 18.174259 8.455971 -0.864801 0.502115 -0.000000 0.048196 0.903590
101.076279 18.174259 8.455973 -0.864800 0.502117 -0.000000 0.607214 0.903590
101.076279 17.933130 8.455973 -0.854960 -0.518694 -0.000000 0.607214 0.048530
101.076279 17.741545 8.823834 0.300532 -0.953772 0.000000 0.607214 0.035995
21.083916 17.741545 8.823834 0.300533 -0.953772 0.000000 0.048196 0.035995
21.083916 17.741545 8.823834 0.300533 -0.953772 0.000000 0.048196 0.035995
21.083916 17.933128 8.455971 -0.854960 -0.518695 -0.000000 0.048196 0.048529
101.076279 17.933130 8.455973 -0.854960 -0.518694 -0.000000 0.607214 0.048530
101.076279 18.935747 8.489678 0.000000 -0.000000 -1.000000 0.067159 0.967030
101.076279 18.956184 8.455973 0.000000 -0.000000 -1.000000 0.067821 0.968732
101.076279 19.136024 8.800813 0.000000 -0.000000 -1.000000 0.061054 0.983720
101.076279 19.136024 8.800813 0.000000 -0.000000 -1.000000 0.061054 0.983720
101.076279 19.101074 8.819037 0.000000 -0.000000 -1.000000 0.060696 0.980808
101.076279 18.935747 8.489678 0.000000 -0.000000 -1.000000 0.067159 0.967030
101.076279 18.743628 8.490664 0.000000 -0.000000 -1.000000 0.067139 0.951024
101.076279 18.724911 8.455973 0.000000 -0.000000 -1.000000 0.067820 0.949464
101.076279 18.956184 8.455973 0.000000 -0.000000 -1.000000 0.067821 0.968732
101.076279 18.956184 8.455973 0.000000 -0.000000 -1.000000 0.067821 0.968732
101.076279 18.935747 8.489678 0.000000 -0.000000 -1.000000 0.067159 0.967030
101.076279 18.743628 8.490664 0.000000 -0.000000 -1.000000 0.067139 0.951024
101.076279 18.577227 8.744880 0.000000 -0.000000 -1.000000 0.062150 0.937166
101.076279 18.557549 8.710727 0.000000 -0.000000 -1.000000 0.062820 0.935526
101.076279 18.724911 8.455973 0.000000 -0.000000 -1.000000 0.067820 0.949464
101.076279 18.724911 8.455973 0.000000 -0.000000 -1.000000 0.067820 0.949464
101.076279 18.743628 8.490664 0.000000 -0.000000 -1.000000 0.067139 0.951024
101.076279 18.577227 8.744880 0.000000 -0.000000 -1.000000 0.062150 0.937166
101.076279 18.308201 8.758225 0.000000 -0.000000 -1.000000 0.061887 0.914754
101.076279 18.327034 8.723598 0.000000 -0.000000 -1.000000 0.062566 0.916322
101.076279 18.557549 8.710727 0.000000 -0.000000 -1.000000 0.062820 0.935526
101.076279 18.557549 8.710727 0.000000 -0.000000 -1.000000 0.062820 0.935526
101.076279 18.577227 8.744880 0.000000 -0.000000 -1.000000 0.062150 0.937166
101.076279 18.308201 8.758225 0.000000 -0.000000 -1.000000 0.061887 0.914754
101.076279 18.154469 8.490060 0.000000 -0.000000 -1.000000 0.067149 0.901942
101.076279 18.174259 8.455973 0.000000 -0.000000 -1.000000 0.067818 0.903590
101.076279 18.327034 8.723598 0.000000 -0.000000 -1.000000 0.062566 0.916322
101.076279 18.327034 8.723598 0.000000 -0.000000 -1.000000 0.062566 0.916322
101.076279 18.308201 8.758225 0.000000 -0.000000 -1.000000 0.061887 0.914754
101.076279 18.154469 8.490060 0.000000 -0.000000 -1.000000 0.067149 0.901942
101.076279 17.953575 8.489674 0.000000 -0.000000 -1.000000 0.067155 0.885206
101.076279 17.933130 8.455973 0.000000 -0.000000 -1.000000 0.067817 0.883502
101.076279 18.174259 8.455973 0.000000 -0.000000 -1.000000 0.067818 0.903590
101.076279 18.174259 8.455973 0.000000 -0.000000 -1.000000 0.067818 0.903590
101.076279 18.154469 8.490060 0.000000 -0.000000 -1.000000 0.067149 0.901942
101.076279 17.953575 8.489674 0.000000 -0.000000 -1.000000 0.067155 0.885206
101.076279 17.776506 8.842042 0.000000 -0.000000 -1.000000 0.060240 0.870460
101.076279 17.741545 8.823834 0.000000 -0.000000 -1.000000 0.060597 0.867547
101.076279 17.933130 8.455973 0.000000 -0.000000 -1.000000 0.067817 0.883502
101.076279 17.933130 8.455973 0.000000 -0.000000 -1.000000 0.067817 0.883502
101.076279 17.953575 8.489674 0.000000 -0.000000 -1.000000 0.067155 0.885206
101.076279 17.776506 8.842042 0.000000 -0.000000 -1.000000 0.060240 0.870460
21.083916 19.101072 8.819037 0.951582 -0.307395 0.000000 0.048196 0.036167
21.083916 18.935747 8.489678 0.852402 -0.522887 0.000000 0.048196 0.047388
101.076279 18.935747 8.489678 0.852407 -0.522879 0.000000 0.607214 0.047388
101.076279 18.935747 8.489678 0.852407 -0.522879 0.000000 0.607214 0.047388
101.076279 19.101074 8.819037 0.951585 -0.307387 -0.000000 0.607214 0.036167
21.083916 19.101072 8.819037 0.951582 -0.307395 0.000000 0.048196 0.036167
21.083916 17.776505 8.842040 0.951568 0.307439 0.000000 0.048196 0.870460
21.083916 17.741545 8.823834 0.300533 -0.953772 0.000000 0.048196 0.867547
101.076279 17.741545 8.823834 0.300532 -0.953772 0.000000 0.607214 0.867547
101.076279 17.741545 8.823834 0.300532 -0.953772 0.000000 0.607214 0.867547
101.076279 17.776506 8.842042 0.951568 0.307438 0.000000 0.607214 0.870460
21.083916 17.776505 8.842040 0.951568 0.307439 0.000000 0.048196 0.870460
27.211353 17.166643 8.843322 0.000000 -1.000000 -0.000000 0.051269 0.035327
27.878727 17.166643 8.843322 0.000000 -1.000000 -0.000000 0.056189 0.035327
27.878727 17.166643 9.409272 0.000000 -1.000000 -0.000000 0.056189 0.016045
27.878727 17.166643 9.409272 0.000000 -1.000000 -0.000000 0.056189 0.016045
27.211353 17.166643 9.409272 0.000000 -1.000000 -0.000000 0.051269 0.016045
27.211353 17.166643 8.843322 0.000000 -1.000000 -0.000000 0.051269 0.035327
27.211353 19.169809 8.843322 0.000000 1.000000 0.000001 0.051269 0.035340
27.211353 19.169809 9.409272 0.000000 1.000000 0.000001 0.051269 0.016058
27.878727 19.169809 9.409272 0.000000 1.000000 0.000001 0.056189 0.016058
27.878727 19.169809 9.409272 0.000000 1.000000 0.000001 0.056189 0.016058
27.878727 19.169809 8.843322 0.000000 1.000000 0.000001 0.056189 0.035340
27.211353 19.169809 8.843322 0.000000 1.000000 0.000001 0.051269 0.035340
27.211353 17.166643 8.843322 0.000000 0.000000 1.000000 0.060212 0.819653
27.211353 17.166643 9.409272 0.000000 0.000000 1.000000 0.049105 0.819662
27.211353 19.169809 9.409272 0.000000 0.000000 1.000000 0.049113 0.986544
27.211353 19.169809 9.409272 0.000000 0.000000 1.000000 0.049113 0.986544
27.211353 19.169809 8.843322 0.000000 0.000000 1.000000 0.060220 0.986535
27.211353 17.166643 8.843322 0.000000 0.000000 1.000000 0.060212 0.819653
27.211353 17.166643 9.409272 1.000000 0.000000 0.000000 0.051269 0.819662
27.878727 17.166643 9.409272 1.000000 0.000000 0.000000 0.056189 0.819662
27.878727 19.169809 9.409272 1.000000 0.000000 0.000000 0.056189 0.986544
27.878727 19.169809 9.409272 1.000000 0.000000 0.000000 0.056189 0.986544
27.211353 19.169809 9.409272 1.000000 0.000000 0.000000 0.051269 0.986544
27.211353 17.166643 9.409272 1.000000 0.000000 0.000000 0.051269 0.819662
27.878727 17.166643 9.409272 0.000000 -0.000000 -1.000000 0.049105 0.819662
27.878727 17.166643 8.843322 0.000000 -0.000000 -1.000000 0.060212 0.819653
27.878727 19.169809 8.843322 0.000000 -0.000000 -1.000000 0.060220 0.986535
27.878727 19.169809 8.843322 0.000000 -0.000000 -1.000000 0.060220 0.986535
27.878727 19.169809 9.409272 0.000000 -0.000000 -1.000000 0.049113 0.986544
27.878727 17.166643 9.409272 0.000000 -0.000000 -1.000000 0.049105 0.819662
27.878727 17.166643 8.843322 -1.000000 0.000000 -0.000000 0.056189 0.819653
27.211353 17.166643 8.843322 -1.000000 0.000000 -0.000000 0.051269 0.819653
27.211353 19.169809 8.843322 -1.000000 0.000000 -0.000000 0.051269 0.986535
27.211353 19.169809 8.843322 -1.000000 0.000000 -0.000000 0.051269 0.986535
27.878727 19.169809 8.843322 -1.000000 -0.000000 0.000000 0.056189 0.986535
27.878727 17.166643 8.843322 -1.000000 0.000000 -0.000000 0.056189 0.819653
47.661102 17.166643 8.843320 0.000000 -1.000000 0.000000 0.205795 0.035327
48.328484 17.166643 8.843320 0.000000 -1.000000 0.000000 0.210715 0.035327
48.328484 17.166643 9.409274 0.000000 -1.000000 0.000000 0.210715 0.016045
48.328484 17.166643 9.409274 0.000000 -1.000000 0.000000 0.210715 0.016045
47.661102 17.166643 9.409274 0.000000 -1.000000 0.000000 0.205795 0.016045
47.661102 17.166643 8.843320 0.000000 -1.000000 0.000000 0.205795 0.035327
47.661102 19.169809 8.843320 0.000000 1.000000 -0.000000 0.205795 0.035340
47.661102 19.169811 9.409274 0.000000 1.000000 -0.000000 0.205795 0.016058
48.328484 19.169811 9.409274 0.000000 1.000000 -0.000000 0.210715 0.016058
48.328484 19.169811 9.409274 0.000000 1.000000 -0.000000 0.210715 0.016058
48.328484 19.169809 8.843320 0.000000 1.000000 -0.000000 0.210715 0.035340
47.661102 19.169809 8.843320 0.000000 1.000000 -0.000000 0.205795 0.035340
47.661102 17.166643 8.843320 0.000000 0.000000 1.000000 0.060212 0.819653
47.661102 17.166643 9.409274 0.000000 0.000000 1.000000 0.049105 0.819662
47.661102 19.169811 9.409274 0.000000 0.000000 1.000000 0.049113 0.986544
47.661102 19.169811 9.409274 0.000000 0.000000 1.000000 0.049113 0.986544
47.661102 19.169809 8.843320 0.000000 0.000000 1.000000 0.060220 0.986535
47.661102 17.166643 8.843320 0.000000 0.000000 1.000000 0.060212 0.819653
47.661102 17.166643 9.409274 1.000000 0.000000 0.000000 0.205795 0.819662
48.328484 17.166643 9.409274 1.000000 0.000000 0.000000 0.210715 0.819662
48.328484 19.169811 9.409274 1.000000 0.000000 0.000000 0.210715 0.986544
48.328484 19.169811 9.409274 1.000000 0.000000 0.000000 0.210715 0.986544
47.661102 19.169811 9.409274 1.000000 0.000000 0.000000 0.205795 0.986544
47.661102 17.166643 9.409274 1.000000 0.000000 0.000000 0.205795 0.819662
48.328484 17.166643 9.409274 0.000000 -0.000000 -1.000000 0.049105 0.819662
48.328484 17.166643 8.843320 0.000000 -0.000000 -1.000000 0.060212 0.819653
48.328484 19.169809 8.843320 0.000000 -0.000000 -1.000000 0.060220 0.986535
48.328484 19.169809 8.843320 0.000000 -0.000000 -1.000000 0.060220 0.986535
48.328484 19.169811 9.409274 0.000000 -0.000000 -1.000000 0.049113 0.986544
48.328484 17.166643 9.409274 0.000000 -0.000000 -1.000000 0.049105 0.819662
48.328484 17.166643 8.843320 -1.000000 0.000000 -0.000000 0.210715 0.819653
47.661102 17.166643 8.843320 -1.000000 0.000000 -0.000000 0.205795 0.819653
47.661102 19.169809 8.843320 -1.000000 0.000000 -0.000000 0.205795 0.986535
47.661102 19.169809 8.843320 -1.000000 0.000000 -0.000000 0.205795 0.986535
48.328484 19.169809 8.843320 -1.000000 0.000000 0.000000 0.210715 0.986535
48.328484 17.166643 8.843320 -1.000000 0.000000 -0.000000 0.210715 0.819653
70.113609 17.166643 8.843320 0.000000 -1.000000 0.000000 0.367851 0.035327
70.780991 17.166643 8.843320 0.000000 -1.000000 0.000000 0.372772 0.035327
70.780991 17.166643 9.409272 0.000000 -1.000000 0.000000 0.372772 0.016045
70.780991 17.166643 9.409272 0.000000 -1.000000 0.000000 0.372772 0.016045
70.113609 17.166643 9.409272 0.000000 -1.000000 0.000000 0.367851 0.016045
70.113609 17.166643 8.843320 0.000000 -1.000000 0.000000 0.367851 0.035327
70.113609 19.169809 8.843320 0.000000 1.000000 -0.000000 0.367851 0.035340
70.113609 19.169811 9.409272 0.000000 1.000000 -0.000000 0.367851 0.016058
70.780991 19.169811 9.409272 0.000000 1.000000 -0.000000 0.372772 0.016058
70.780991 19.169811 9.409272 0.000000 1.000000 -0.000000 0.372772 0.016058
70.780991 19.169809 8.843320 0.000000 1.000000 -0.000000 0.372772 0.035340
70.113609 19.169809 8.843320 0.000000 1.000000 -0.000000 0.367851 0.035340
70.113609 17.166643 8.843320 0.000000 0.000000 1.000000 0.060212 0.819653
70.113609 17.166643 9.409272 0.000000 0.000000 1.000000 0.049105 0.819662
70.113609 19.169811 9.409272 0.000000 0.000000 1.000000 0.049113 0.986544
70.113609 19.169811 9.409272 0.000000 0.000000 1.000000 0.049113 0.986544
70.113609 19.169809 8.843320 0.000000 0.000000 1.000000 0.060220 0.986535
70.113609 17.166643 8.843320 0.000000 0.000000 1.000000 0.060212 0.819653
70.113609 17.166643 9.409272 1.000000 0.000000 0.000000 0.367851 0.819662
70.780991 17.166643 9.409272 1.000000 0.000000 0.000000 0.372772 0.819662
70.780991 19.169811 9.409272 1.000000 0.000000 0.000000 0.372772 0.986544
70.780991 19.169811 9.409272 1.000000 0.000000 0.000000 0.372772 0.986544
70.113609 19.169811 9.409272 1.000000 0.000000 0.000000 0.367851 0.986544
70.113609 17.166643 9.409272 1.000000 0.000000 0.000000 0.367851 0.819662
70.780991 17.166643 9.409272 0.000000 -0.000000 -1.000000 0.049105 0.819662
70.780991 17.166643 8.843320 0.000000 -0.000000 -1.000000 0.060212 0.819653
70.780991 19.169809 8.843320 0.000000 -0.000000 -1.000000 0.060220 0.986535
70.780991 19.169809 8.843320 0.000000 -0.000000 -1.000000 0.060220 0.986535
70.780991 19.169811 9.409272 0.000000 -0.000000 -1.000000 0.049113 0.986544
70.780991 17.166643 9.409272 0.000000 -0.000000 -1.000000 0.049105 0.819662
70.780991 17.166643 8.843320 -1.000000 0.000000 -0.000000 0.372772 0.819653
70.113609 17.166643 8.843320 -1.000000 0.000000 -0.000000 0.367851 0.819653
70.113609 19.169809 8.843320 -1.000000 0.000000 -0.000000 0.367851 0.986535
70.113609 19.169809 8.843320 -1.000000 0.000000 -0.000000 0.367851 0.986535
70.780991 19.169809 8.843320 -1.000000 0.000000 0.000000 0.372772 0.986535
70.780991 17.166643 8.843320 -1.000000 0.000000 -0.000000 0.372772 0.819653
88.038918 17.166645 8.843320 0.000000 -1.000000 -0.000000 0.503796 0.035327
88.706299 17.166645 8.843320 0.000000 -1.000000 -0.000000 0.508716 0.035327
88.706299 17.166645 9.409272 0.000000 -1.000000 -0.000000 0.508716 0.016045
88.706299 17.166645 9.409272 0.000000 -1.000000 -0.000000 0.508716 0.016045
88.038918 17.166645 9.409272 0.000000 -1.000000 -0.000000 0.503796 0.016045
88.038918 17.166645 8.843320 0.000000 -1.000000 -0.000000 0.503796 0.035327
88.038918 19.169811 8.843320 0.000000 1.000000 -0.000000 0.503796 0.035340
88.038918 19.169811 9.409272 0.000000 1.000000 -0.000000 0.503796 0.016058
88.706299 19.169811 9.409272 0.000000 1.000000 -0.000000 0.508716 0.016058
88.706299 19.169811 9.409272 0.000000 1.000000 -0.000000 0.508716 0.016058
88.706299 19.169811 8.843320 0.000000 1.000000 -0.000000 0.508716 0.035340
88.038918 19.169811 8.843320 0.000000 1.000000 -0.000000 0.503796 0.035340
88.038918 17.166645 8.843320 0.000000 0.000000 1.000000 0.060212 0.819653
88.038918 17.166645 9.409272 0.000000 0.000000 1.000000 0.049105 0.819662
88.038918 19.169811 9.409272 0.000000 0.000000 1.000000 0.049113 0.986544
88.038918 19.169811 9.409272 0.000000 0.000000 1.000000 0.049113 0.986544
88.038918 19.169811 8.843320 0.000000 0.000000 1.000000 0.060220 0.986535
88.038918 17.166645 8.843320 0.000000 0.000000 1.000000 0.060212 0.819653
88.038918 17.166645 9.409272 1.000000 0.000000 0.000000 0.503796 0.819662
88.706299 17.166645 9.409272 1.000000 0.000000 0.000000 0.508716 0.819662
88.706299 19.169811 9.409272 1.000000 0.000000 0.000000 0.508716 0.986544
88.706299 19.169811 9.409272 1.000000 0.000000 0.000000 0.508716 0.986544
88.038918 19.169811 9.409272 1.000000 0.000000 0.000000 0.503796 0.986544
88.038918 17.166645 9.409272 1.000000 0.000000 0.000000 0.503796 0.819662
88.706299 17.166645 9.409272 0.000000 -0.000000 -1.000000 0.049105 0.819662
88.706299 17.166645 8.843320 0.000000 -0.000000 -1.000000 0.060212 0.819653
88.706299 19.169811 8.843320 0.000000 -0.000000 -1.000000 0.060220 0.986535
88.706299 19.169811 8.843320 0.000000 -0.000000 -1.000000 0.060220 0.986535
88.706299 19.169811 9.409272 0.000000 -0.000000 -1.000000 0.049113 0.986544
88.706299 17.166645 9.409272 0.000000 -0.000000 -1.000000 0.049105 0.819662
88.706299 17.166645 8.843320 -1.000000 0.000000 -0.000000 0.508716 0.819653
88.038918 17.166645 8.843320 -1.000000 0.000000 -0.000000 0.503796 0.819653
88.038918 19.169811 8.843320 -1.000000 0.000000 -0.000000 0.503796 0.986535
88.038918 19.169811 8.843320 -1.000000 0.000000 -0.000000 0.503796 0.986535
88.706299 19.169811 8.843320 -1.000000 0.000000 0.000000 0.508716 0.986535
88.706299 17.166645 8.843320 -1.000000 0.000000 -0.000000 0.508716 0.819653
88.038918 17.166645 -9.338213 0.000000 -1.000000 -0.000000 0.503796 0.974583
88.706299 17.166645 -9.338213 0.000000 -1.000000 -0.000000 0.508716 0.974583
88.706299 17.166645 -8.772258 0.000000 -1.000000 -0.000000 0.508716 0.955301
88.706299 17.166645 -8.772258 0.000000 -1.000000 -0.000000 0.508716 0.955301
88.038918 17.166645 -8.772258 0.000000 -1.000000 -0.000000 0.503796 0.955301
88.038918 17.166645 -9.338213 0.000000 -1.000000 -0.000000 0.503796 0.974583
88.038918 19.169811 -9.338213 0.000000 1.000000 -0.000000 0.503796 0.974596
88.038918 19.169811 -8.772258 0.000000 1.000000 -0.000000 0.503796 0.955314
88.706299 19.169811 -8.772258 0.000000 1.000000 -0.000000 0.508716 0.955314
88.706299 19.169811 -8.772258 0.000000 1.000000 -0.000000 0.508716 0.955314
88.706299 19.169811 -9.338213 0.000000 1.000000 -0.000000 0.508716 0.974596
88.038918 19.169811 -9.338213 0.000000 1.000000 -0.000000 0.503796 0.974596
88.038918 17.166645 -9.338213 0.000000 0.000000 1.000000 0.601234 0.819204
88.038918 17.166645 -8.772258 0.000000 0.000000 1.000000 0.590127 0.819214
88.038918 19.169811 -8.772258 0.000000 0.000000 1.000000 0.590135 0.986096
88.038918 19.169811 -8.772258 0.000000 0.000000 1.000000 0.590135 0.986096
88.038918 19.169811 -9.338213 0.000000 0.000000 1.000000 0.601242 0.986086
88.038918 17.166645 -9.338213 0.000000 0.000000 1.000000 0.601234 0.819204
88.038918 17.166645 -8.772258 1.000000 0.000000 0.000000 0.503796 0.819214
88.706299 17.166645 -8.772258 1.000000 0.000000 0.000000 0.508716 0.819214
88.706299 19.169811 -8.772258 1.000000 0.000000 0.000000 0.508716 0.986096
88.706299 19.169811 -8.772258 1.000000 0.000000 0.000000 0.508716 0.986096
88.038918 19.169811 -8.772258 1.000000 0.000000 0.000000 0.503796 0.986096
88.038918 17.166645 -8.772258 1.000000 0.000000 0.000000 0.503796 0.819214
88.706299 17.166645 -8.772258 0.000000 -0.000000 -1.000000 0.590127 0.819214
88.706299 17.166645 -9.338213 0.000000 -0.000000 -1.000000 0.601234 0.819204
88.706299 19.169811 -9.338213 0.000000 -0.000000 -1.000000 0.601242 0.986086
88.706299 19.169811 -9.338213 0.000000 -0.000000 -1.000000 0.601242 0.986086
88.706299 19.169811 -8.772258 0.000000 -0.000000 -1.000000 0.590135 0.986096
88.706299 17.166645 -8.772258 0.000000 -0.000000 -1.000000 0.590127 0.819214
88.706299 17.166645 -9.338213 -1.000000 0.000000 -0.000000 0.508716 0.819204
88.038918 17.166645 -9.338213 -1.000000 0.000000 -0.000000 0.503796 0.819204
88.038918 19.169811 -9.338213 -1.000000 0.000000 -0.000000 0.503796 0.986086
88.038918 19.169811 -9.338213 -1.000000 0.000000 -0.000000 0.503796 0.986086
88.706299 19.169811 -9.338213 -1.000000 0.000000 0.000000 0.508716 0.986086
88.706299 17.166645 -9.338213 -1.000000 0.000000 -0.000000 0.508716 0.819204
70.113609 17.166643 -9.338212 0.000000 -1.000000 0.000000 0.367851 0.974583
70.780991 17.166643 -9.338212 0.000000 -1.000000 0.000000 0.372772 0.974583
70.780991 17.166643 -8.772258 0.000000 -1.000000 0.000000 0.372772 0.955301
70.780991 17.166643 -8.772258 0.000000 -1.000000 0.000000 0.372772 0.955301
70.113609 17.166643 -8.772258 0.000000 -1.000000 0.000000 0.367851 0.955301
70.113609 17.166643 -9.338212 0.000000 -1.000000 0.000000 0.367851 0.974583
70.113609 19.169809 -9.338212 0.000000 1.000000 -0.000000 0.367851 0.974596
70.113609 19.169809 -8.772258 0.000000 1.000000 -0.000000 0.367851 0.955314
70.780991 19.169809 -8.772258 0.000000 1.000000 -0.000000 0.372772 0.955314
70.780991 19.169809 -8.772258 0.000000 1.000000 -0.000000 0.372772 0.955314
70.780991 19.169809 -9.338212 0.000000 1.000000 -0.000000 0.372772 0.974596
70.113609 19.169809 -9.338212 0.000000 1.000000 -0.000000 0.367851 0.974596
70.113609 17.166643 -9.338212 0.000000 0.000000 1.000000 0.601234 0.819204
70.113609 17.166643 -8.772258 0.000000 0.000000 1.000000 0.590127 0.819214
70.113609 19.169809 -8.772258 0.000000 0.000000 1.000000 0.590135 0.986096
70.113609 19.169809 -8.772258 0.000000 0.000000 1.000000 0.590135 0.986096
70.113609 19.169809 -9.338212 0.000000 0.000000 1.000000 0.601242 0.986086
70.113609 17.166643 -9.338212 0.000000 0.000000 1.000000 0.601234 0.819204
70.113609 17.166643 -8.772258 1.000000 0.000000 0.000000 0.367851 0.819214
70.780991 17.166643 -8.772258 1.000000 0.000000 0.000000 0.372772 0.819214
70.780991 19.169809 -8.772258 1.000000 0.000000 0.000000 0.372772 0.986096
70.780991 19.169809 -8.772258 1.000000 0.000000 0.000000 0.372772 0.986096
70.113609 19.169809 -8.772258 1.000000 0.000000 0.000000 0.367851 0.986096
70.113609 17.166643 -8.772258 1.000000 0.000000 0.000000 0.367851 0.819214
70.780991 17.166643 -8.772258 0.000000 -0.000000 -1.000000 0.590127 0.819214
70.780991 17.166643 -9.338212 0.000000 -0.000000 -1.000000 0.601234 0.819204
70.780991 19.169809 -9.338212 0.000000 -0.000000 -1.000000 0.601242 0.986086
70.780991 19.169809 -9.338212 0.000000 -0.000000 -1.000000 0.601242 0.986086
70.780991 19.169809 -8.772258 0.000000 -0.000000 -1.000000 0.590135 0.986096
70.780991 17.166643 -8.772258 0.000000 -0.000000 -1.000000 0.590127 0.819214
70.780991 17.166643 -9.338212 -1.000000 0.000000 -0.000000 0.372772 0.819204
70.113609 17.166643 -9.338212 -1.000000 0.000000 -0.000000 0.367851 0.819204
70.113609 19.169809 -9.338212 -1.000000 0.000000 -0.000000 0.367851 0.986086
70.113609 19.169809 -9.338212 -1.000000 0.000000 -0.000000 0.367851 0.986086
70.780991 19.169809 -9.338212 -1.000000 0.000000 0.000000 0.372772 0.986086
70.780991 17.166643 -9.338212 -1.000000 0.000000 -0.000000 0.372772 0.819204
47.661102 17.166641 -9.338213 0.000000 -1.000000 0.000000 0.205795 0.974583
48.328484 17.166641 -9.338213 0.000000 -1.000000 0.000000 0.210715 0.974583
48.328484 17.166641 -8.772262 0.000000 -1.000000 0.000000 0.210715 0.955301
48.328484 17.166641 -8.772262 0.000000 -1.000000 0.000000 0.210715 0.955301
47.661102 17.166641 -8.772262 0.000000 -1.000000 0.000000 0.205795 0.955301
47.661102 17.166641 -9.338213 0.000000 -1.000000 0.000000 0.205795 0.974583
47.661102 19.169809 -9.338213 0.000000 1.000000 -0.000000 0.205795 0.974596
47.661102 19.169809 -8.772262 0.000000 1.000000 -0.000000 0.205795 0.955314
48.328484 19.169809 -8.772262 0.000000 1.000000 -0.000000 0.210715 0.955314
48.328484 19.169809 -8.772262 0.000000 1.000000 -0.000000 0.210715 0.955314
48.328484 19.169809 -9.338213 0.000000 1.000000 -0.000000 0.210715 0.974596
47.661102 19.169809 -9.338213 0.000000 1.000000 -0.000000 0.205795 0.974596
47.661102 17.166641 -9.338213 0.000000 0.000000 1.000000 0.601234 0.819204
47.661102 17.166641 -8.772262 0.000000 0.000000 1.000000 0.590127 0.819213
47.661102 19.169809 -8.772262 0.000000 0.000000 1.000000 0.590135 0.986096
47.661102 19.169809 -8.772262 0.000000 0.000000 1.000000 0.590135 0.986096
47.661102 19.169809 -9.338213 0.000000 0.000000 1.000000 0.601242 0.986086
47.661102 17.166641 -9.338213 0.000000 0.000000 1.000000 0.601234 0.819204
47.661102 17.166641 -8.772262 1.000000 0.000000 0.000000 0.205795 0.819213
48.328484 17.166641 -8.772262 1.000000 0.000000 0.000000 0.210715 0.819213
48.328484 19.169809 -8.772262 1.000000 0.000000 0.000000 0.210715 0.986096
48.328484 19.169809 -8.772262 1.000000 0.000000 0.000000 0.210715 0.986096
47.661102 19.169809 -8.772262 1.000000 0.000000 0.000000 0.205795 0.986096
47.661102 17.166641 -8.772262 1.000000 0.000000 0.000000 0.205795 0.819213
48.328484 17.166641 -8.772262 0.000000 -0.000000 -1.000000 0.590127 0.819213
48.328484 17.166641 -9.338213 0.000000 -0.000000 -1.000000 0.601234 0.819204
48.328484 19.169809 -9.338213 0.000000 -0.000000 -1.000000 0.601242 0.986086
48.328484 19.169809 -9.338213 0.000000 -0.000000 -1.000000 0.601242 0.986086
48.328484 19.169809 -8.772262 0.000000 -0.000000 -1.000000 0.590135 0.986096
48.328484 17.166641 -8.772262 0.000000 -0.000000 -1.000000 0.590127 0.819213
48.328484 17.166641 -9.338213 -1.000000 0.000000 -0.000000 0.210715 0.819204
47.661102 17.166641 -9.338213 -1.000000 0.000000 -0.000000 0.205795 0.819204
47.661102 19.169809 -9.338213 -1.000000 0.000000 -0.000000 0.205795 0.986086
47.661102 19.169809 -9.338213 -1.000000 0.000000 -0.000000 0.205795 0.986086
48.328484 19.169809 -9.338213 -1.000000 0.000000 0.000000 0.210715 0.986086
48.328484 17.166641 -9.338213 -1.000000 0.000000 -0.000000 0.210715 0.819204
27.211353 17.166641 -9.338215 0.000000 -1.000000 -0.000000 0.051269 0.974583
27.878736 17.166641 -9.338215 0.000000 -1.000000 -0.000000 0.056189 0.974583
27.878736 17.166641 -8.772263 0.000000 -1.000000 -0.000000 0.056189 0.955301
27.878736 17.166641 -8.772263 0.000000 -1.000000 -0.000000 0.056189 0.955301
27.211353 17.166641 -8.772263 0.000000 -1.000000 -0.000000 0.051269 0.955301
27.211353 17.166641 -9.338215 0.000000 -1.000000 -0.000000 0.051269 0.974583
27.211353 19.169807 -9.338215 0.000000 1.000000 0.000001 0.051269 0.974596
27.211353 19.169807 -8.772263 0.000000 1.000000 0.000001 0.051269 0.955314
27.878736 19.169809 -8.772263 0.000000 1.000000 0.000001 0.056189 0.955314
27.878736 19.169809 -8.772263 0.000000 1.000000 0.000001 0.056189 0.955314
27.878736 19.169809 -9.338215 0.000000 1.000000 0.000001 0.056189 0.974596
27.211353 19.169807 -9.338215 0.000000 1.000000 0.000001 0.051269 0.974596
27.211353 17.166641 -9.338215 0.000000 0.000000 1.000000 0.601234 0.819204
27.211353 17.166641 -8.772263 0.000000 0.000000 1.000000 0.590127 0.819213
27.211353 19.169807 -8.772263 0.000000 0.000000 1.000000 0.590135 0.986095
27.211353 19.169807 -8.772263 0.000000 0.000000 1.000000 0.590135 0.986095
27.211353 19.169807 -9.338215 0.000000 0.000000 1.000000 0.601242 0.986086
27.211353 17.166641 -9.338215 0.000000 0.000000 1.000000 0.601234 0.819204
27.211353 17.166641 -8.772263 1.000000 0.000000 0.000000 0.051269 0.819213
27.878736 17.166641 -8.772263 1.000000 0.000000 0.000000 0.056189 0.819213
27.878736 19.169809 -8.772263 1.000000 0.000000 0.000000 0.056189 0.986095
27.878736 19.169809 -8.772263 1.000000 0.000000 0.000000 0.056189 0.986095
27.211353 19.169807 -8.772263 1.000000 0.000000 0.000000 0.051269 0.986095
27.211353 17.166641 -8.772263 1.000000 0.000000 0.000000 0.051269 0.819213
27.878736 17.166641 -8.772263 0.000000 -0.000000 -1.000000 0.590127 0.819213
27.878736 17.166641 -9.338215 0.000000 -0.000000 -1.000000 0.601234 0.819204
27.878736 19.169809 -9.338215 0.000000 -0.000000 -1.000000 0.601242 0.986086
27.878736 19.169809 -9.338215 0.000000 -0.000000 -1.000000 0.601242 0.986086
27.878736 19.169809 -8.772263 0.000000 -0.000000 -1.000000 0.590135 0.986095
27.878736 17.166641 -8.772263 0.000000 -0.000000 -1.000000 0.590127 0.819213
27.878736 17.166641 -9.338215 -1.000000 0.000000 -0.000000 0.056189 0.819204
27.211353 17.166641 -9.338215 -1.000000 0.000000 -0.000000 0.051269 0.819204
27.211353 19.169807 -9.338215 -1.000000 0.000000 -0.000000 0.051269 0.986086
27.211353 19.169807 -9.338215 -1.000000 0.000000 -0.000000 0.051269 0.986086
27.878736 19.169809 -9.338215 -1.000000 -0.000000 0.000000 0.056189 0.986086
27.878736 17.166641 -9.338215 -1.000000 0.000000 -0.000000 0.056189 0.819204
Box
8
91.595924 -9.426602
100.595924 9.273398
21.390690 -9.426602
67.390686 9.273398
66.811722 -7.995770
68.811722 7.704231
90.014870 -7.995770
92.014870 7.704231
End