object_road_2
768
0.821508 0.151658 -0.854499 -0.000000 0.000000 -1.000000 0.169410 0.138467
0.821508 0.151658 0.000000 0.000000 0.000000 -1.000000 0.154085 0.138467
0.957776 0.151658 0.000000 0.000000 0.000000 -1.000000 0.154085 0.138467
0.957776 0.151658 0.000000 0.000000 0.000000 -1.000000 0.154085 0.138467
0.957776 0.151658 -0.854499 0.000000 0.000000 -1.000000 0.167952 0.138467
0.821508 0.151658 -0.854499 -0.000000 0.000000 -1.000000 0.169410 0.138467
0.957776 0.151658 0.000000 0.705691 0.000000 -0.708520 0.154085 0.138467
0.989748 0.119813 0.000000 0.705691 0.000000 -0.708520 0.154085 0.119703
0.989748 0.119813 -0.854499 0.705691 0.000000 -0.708520 0.167642 0.119703
0.989748 0.119813 -0.854499 0.705691 0.000000 -0.708520 0.167642 0.119703
0.957776 0.151658 -0.854499 0.705691 0.000000 -0.708520 0.167952 0.138467
0.957776 0.151658 0.000000 0.705691 0.000000 -0.708520 0.154085 0.138467
0.989748 0.119813 -0.854499 1.000000 0.000000 0.000000 0.167642 0.119703
0.989748 0.119813 0.000000 1.000000 0.000000 0.000000 0.154085 0.119703
0.989748 0.000000 0.000000 1.000000 0.000000 0.000000 0.154085 0.049106
0.989748 0.000000 0.000000 1.000000 0.000000 0.000000 0.154085 0.049106
0.989748 0.000000 -0.854499 1.000000 0.000000 0.000000 0.167642 0.049106
0.989748 0.119813 -0.854499 1.000000 0.000000 0.000000 0.167642 0.119703
-0.989748 0.000000 0.000000 -1.000000 0.000000 0.000000 0.094285 0.049106
-0.989748 0.119813 0.000000 -1.000000 0.000000 0.000000 0.094285 0.119703
-0.989748 0.119813 -0.854499 -1.000000 0.000000 0.000000 0.080729 0.119703
-0.989748 0.119813 -0.854499 -1.000000 0.000000 0.000000 0.080729 0.119703
-0.989748 0.000000 -0.854499 -1.000000 0.000000 0.000000 0.080729 0.049106
-0.989748 0.000000 0.000000 -1.000000 0.000000 0.000000 0.094285 0.049106
-0.989748 0.119813 0.000000 -0.705693 0.000000 -0.708518 0.094285 0.119703
-0.957776 0.151658 0.000000 -0.705693 0.000000 -0.708518 0.094285 0.138467
-0.957776 0.151658 -0.854499 -0.705693 0.000000 -0.708518 0.080419 0.138467
-0.957776 0.151658 -0.854499 -0.705693 0.000000 -0.708518 0.080419 0.138467
-0.989748 0.119813 -0.854499 -0.705693 0.000000 -0.708518 0.080729 0.119703
-0.989748 0.119813 0.000000 -0.705693 0.000000 -0.708518 0.094285 0.119703
-0.957776 0.151658 -0.854499 0.000000 0.000000 -1.000000 0.080419 0.138467
-0.957776 0.151658 0.000000 0.000000 0.000000 -1.000000 0.094285 0.138467
-0.821508 0.151658 0.000000 -0.000000 -0.000000 -1.000000 0.094285 0.138467
-0.821508 0.151658 0.000000 -0.000000 -0.000000 -1.000000 0.094285 0.138467
-0.821508 0.151658 -0.854499 0.000000 0.000000 -1.000000 0.078961 0.138467
-0.957776 0.151658 -0.854499 0.000000 0.000000 -1.000000 0.080419 0.138467
-0.651235 0.151658 -0.313618 0.000000 -0.000000 -1.000000 0.085742 0.138467
-0.821508 0.151658 -0.854499 0.000000 0.000000 -1.000000 0.078961 0.138467
-0.821508 0.151658 0.000000 -0.000000 -0.000000 -1.000000 0.094285 0.138467
-0.821508 0.151658 0.000000 -0.000000 -0.000000 -1.000000 0.094285 0.138467
-0.722817 0.151658 -0.000000 -0.000001 -0.000000 -1.000000 0.094285 0.138467
-0.651235 0.151658 -0.313618 0.000000 -0.000000 -1.000000 0.085742 0.138467
-0.161660 0.151658 -0.704300 0.000000 0.000000 -1.000000 0.188280 0.138467
0.162028 0.151658 -0.704123 -0.000000 0.000000 -1.000000 0.179680 0.138467
0.163215 0.151658 -0.854499 -0.000000 0.000000 -1.000000 0.180393 0.138467
0.163215 0.151658 -0.854499 -0.000000 0.000000 -1.000000 0.180393 0.138467
-0.162478 0.151658 -0.854499 0.000000 0.000000 -1.000000 0.187562 0.138467
-0.161660 0.151658 -0.704300 0.000000 0.000000 -1.000000 0.188280 0.138467
0.450669 0.151658 -0.565121 -0.000000 0.000000 -1.000000 0.171171 0.138467
0.821508 0.151658 -0.854499 -0.000000 0.000000 -1.000000 0.169410 0.138467
0.163215 0.151658 -0.854499 -0.000000 0.000000 -1.000000 0.180393 0.138467
0.163215 0.151658 -0.854499 -0.000000 0.000000 -1.000000 0.180393 0.138467
0.162028 0.151658 -0.704123 -0.000000 0.000000 -1.000000 0.179680 0.138467
0.450669 0.151658 -0.565121 -0.000000 0.000000 -1.000000 0.171171 0.138467
0.163214 0.119813 -1.022740 0.000000 -0.705586 -0.708624 0.180973 0.119703
0.163215 0.151658 -0.990758 0.000000 -0.705586 -0.708624 0.180877 0.138467
0.821508 0.151658 -0.990758 0.000000 -0.705586 -0.708624 0.170808 0.138467
0.821508 0.151658 -0.990758 0.000000 -0.705586 -0.708624 0.170808 0.138467
0.821508 0.119813 -1.022740 0.000000 -0.705586 -0.708624 0.171104 0.119703
0.163214 0.119813 -1.022740 0.000000 -0.705586 -0.708624 0.180973 0.119703
0.163214 0.151658 0.990758 0.000000 0.705586 -0.708624 0.127293 0.138467
0.163215 0.119813 1.022740 0.000000 0.705586 -0.708624 0.127198 0.119703
0.821508 0.119813 1.022740 0.000000 0.705586 -0.708624 0.137066 0.119703
0.821508 0.119813 1.022740 0.000000 0.705586 -0.708624 0.137066 0.119703
0.821508 0.151658 0.990758 0.000000 0.705586 -0.708624 0.137363 0.138467
0.163214 0.151658 0.990758 0.000000 0.705586 -0.708624 0.127293 0.138467
0.163214 0.000000 -1.022740 0.000000 -1.000000 0.000000 0.180973 0.049106
0.163214 0.119813 -1.022740 0.000000 -1.000000 0.000000 0.180973 0.119703
0.821508 0.119813 -1.022740 0.000000 -1.000000 0.000000 0.171104 0.119703
0.821508 0.119813 -1.022740 0.000000 -1.000000 0.000000 0.171104 0.119703
0.821508 0.000000 -1.022740 0.000000 -1.000000 0.000000 0.171104 0.049106
0.163214 0.000000 -1.022740 0.000000 -1.000000 0.000000 0.180973 0.049106
0.651235 0.151658 0.313619 -0.000000 0.000000 -1.000000 0.145542 0.138467
0.821508 0.151658 0.854500 -0.000000 -0.000000 -1.000000 0.138761 0.138467
0.821508 0.151658 0.000000 0.000000 0.000000 -1.000000 0.154085 0.138467
0.821508 0.151658 0.000000 0.000000 0.000000 -1.000000 0.154085 0.138467
0.722817 0.151658 0.000000 0.000001 0.000000 -1.000000 0.154085 0.138467
0.651235 0.151658 0.313619 -0.000000 0.000000 -1.000000 0.145542 0.138467
0.163215 0.151658 0.854500 -0.000000 -0.000000 -1.000000 0.127778 0.138467
0.163214 0.151658 0.990758 0.000000 0.000000 -1.000000 0.127293 0.138467
0.821508 0.151658 0.990758 0.000000 0.000000 -1.000000 0.137363 0.138467
0.821508 0.151658 0.990758 0.000000 0.000000 -1.000000 0.137363 0.138467
0.821508 0.151658 0.854500 -0.000000 -0.000000 -1.000000 0.138761 0.138467
0.163215 0.151658 0.854500 -0.000000 -0.000000 -1.000000 0.127778 0.138467
0.163214 0.000000 1.022740 0.000000 1.000000 0.000000 0.127198 0.049106
0.163215 0.119813 1.022740 0.000000 1.000000 0.000000 0.127198 0.119703
-0.162478 0.119813 1.022740 0.000000 1.000000 0.000000 0.121186 0.119703
-0.162478 0.119813 1.022740 0.000000 1.000000 0.000000 0.121186 0.119703
-0.162478 0.000000 1.022740 0.000000 1.000000 0.000000 0.121186 0.049106
0.163214 0.000000 1.022740 0.000000 1.000000 0.000000 0.127198 0.049106
0.163215 0.151658 -0.854499 -0.000000 0.000000 -1.000000 0.060793 0.138467
0.163215 0.151658 -0.990758 0.000000 0.000000 -1.000000 0.061277 0.138467
-0.162478 0.151658 -0.990758 0.000000 0.000000 -1.000000 0.067479 0.138467
-0.162478 0.151658 -0.990758 0.000000 0.000000 -1.000000 0.067479 0.138467
-0.162478 0.151658 -0.854499 0.000000 0.000000 -1.000000 0.067962 0.138467
0.163215 0.151658 -0.854499 -0.000000 0.000000 -1.000000 0.060793 0.138467
-0.162478 0.119813 -1.022740 0.000000 -0.705586 -0.708624 0.186984 0.119703
-0.162478 0.151658 -0.990758 0.000000 -0.705586 -0.708624 0.187079 0.138467
0.163215 0.151658 -0.990758 0.000000 -0.705586 -0.708624 0.180877 0.138467
0.163215 0.151658 -0.990758 0.000000 -0.705586 -0.708624 0.180877 0.138467
0.163214 0.119813 -1.022740 0.000000 -0.705586 -0.708624 0.180973 0.119703
-0.162478 0.119813 -1.022740 0.000000 -0.705586 -0.708624 0.186984 0.119703
-0.162478 0.151658 0.990758 0.000000 0.705586 -0.708624 0.121091 0.138467
-0.162478 0.119813 1.022740 0.000000 0.705586 -0.708624 0.121186 0.119703
0.163215 0.119813 1.022740 0.000000 0.705586 -0.708624 0.127198 0.119703
0.163215 0.119813 1.022740 0.000000 0.705586 -0.708624 0.127198 0.119703
0.163214 0.151658 0.990758 0.000000 0.705586 -0.708624 0.127293 0.138467
-0.162478 0.151658 0.990758 0.000000 0.705586 -0.708624 0.121091 0.138467
-0.162478 0.000000 -1.022740 0.000000 -1.000000 0.000000 0.186984 0.049106
-0.162478 0.119813 -1.022740 0.000000 -1.000000 0.000000 0.186984 0.119703
0.163214 0.119813 -1.022740 0.000000 -1.000000 0.000000 0.180973 0.119703
0.163214 0.119813 -1.022740 0.000000 -1.000000 0.000000 0.180973 0.119703
0.163214 0.000000 -1.022740 0.000000 -1.000000 0.000000 0.180973 0.049106
-0.162478 0.000000 -1.022740 0.000000 -1.000000 0.000000 0.186984 0.049106
-0.162478 0.000000 1.022740 0.000000 1.000000 0.000000 0.121186 0.049106
-0.162478 0.119813 1.022740 0.000000 1.000000 0.000000 0.121186 0.119703
-0.821508 0.119813 1.022740 0.000000 1.000000 0.000000 0.111304 0.119703
-0.821508 0.119813 1.022740 0.000000 1.000000 0.000000 0.111304 0.119703
-0.821508 0.000000 1.022740 0.000000 1.000000 0.000000 0.111304 0.049106
-0.162478 0.000000 1.022740 0.000000 1.000000 0.000000 0.121186 0.049106
-0.162478 0.151658 -0.854499 0.000000 0.000000 -1.000000 0.067962 0.138467
-0.162478 0.151658 -0.990758 0.000000 0.000000 -1.000000 0.067479 0.138467
-0.821508 0.151658 -0.990758 0.000000 0.000000 -1.000000 0.077563 0.138467
-0.821508 0.151658 -0.990758 0.000000 0.000000 -1.000000 0.077563 0.138467
-0.821508 0.151658 -0.854499 0.000000 0.000000 -1.000000 0.078961 0.138467
-0.162478 0.151658 -0.854499 0.000000 0.000000 -1.000000 0.067962 0.138467
-0.161660 0.151658 0.704300 -0.000000 -0.000000 -1.000000 0.119891 0.138467
-0.162478 0.151658 0.854500 -0.000000 -0.000000 -1.000000 0.120609 0.138467
0.163215 0.151658 0.854500 -0.000000 -0.000000 -1.000000 0.127778 0.138467
0.163215 0.151658 0.854500 -0.000000 -0.000000 -1.000000 0.127778 0.138467
0.162028 0.151658 0.704123 -0.000000 -0.000000 -1.000000 0.128490 0.138467
-0.161660 0.151658 0.704300 -0.000000 -0.000000 -1.000000 0.119891 0.138467
-0.162478 0.151658 0.854500 -0.000000 -0.000000 -1.000000 0.120609 0.138467
-0.162478 0.151658 0.990758 0.000000 0.000000 -1.000000 0.121091 0.138467
0.163214 0.151658 0.990758 0.000000 0.000000 -1.000000 0.127293 0.138467
0.163214 0.151658 0.990758 0.000000 0.000000 -1.000000 0.127293 0.138467
0.163215 0.151658 0.854500 -0.000000 -0.000000 -1.000000 0.127778 0.138467
-0.162478 0.151658 0.854500 -0.000000 -0.000000 -1.000000 0.120609 0.138467
-0.821508 0.119813 -1.022740 0.000000 -0.705586 -0.708624 0.077266 0.119703
-0.821508 0.151658 -0.990758 0.000000 -0.705586 -0.708624 0.077563 0.138467
-0.162478 0.151658 -0.990758 0.000000 -0.705586 -0.708624 0.067479 0.138467
-0.162478 0.151658 -0.990758 0.000000 -0.705586 -0.708624 0.067479 0.138467
-0.162478 0.119813 -1.022740 0.000000 -0.705586 -0.708624 0.067384 0.119703
-0.821508 0.119813 -1.022740 0.000000 -0.705586 -0.708624 0.077266 0.119703
0.957776 0.151658 -0.854499 0.576571 -0.576575 -0.578901 0.167952 0.138467
0.989748 0.119813 -0.854499 0.576579 -0.576579 -0.578891 0.167642 0.119703
0.821508 0.119813 -1.022740 0.576509 -0.576542 -0.578995 0.171104 0.119703
0.821508 0.119813 -1.022740 0.576509 -0.576542 -0.578995 0.171104 0.119703
0.821508 0.151658 -0.990758 0.576495 -0.576535 -0.579017 0.170808 0.138467
0.957776 0.151658 -0.854499 0.576571 -0.576575 -0.578901 0.167952 0.138467
0.957776 0.151658 0.854500 0.705691 0.000000 -0.708520 0.140219 0.138467
0.989748 0.119813 0.854500 0.705691 0.000000 -0.708520 0.140529 0.119703
0.989748 0.119813 0.000000 0.705691 0.000000 -0.708520 0.154085 0.119703
0.989748 0.119813 0.000000 0.705691 0.000000 -0.708520 0.154085 0.119703
0.957776 0.151658 0.000000 0.705691 0.000000 -0.708520 0.154085 0.138467
0.957776 0.151658 0.854500 0.705691 0.000000 -0.708520 0.140219 0.138467
0.821508 0.151658 0.990758 0.576525 0.576529 -0.578993 0.137363 0.138467
0.821508 0.119813 1.022740 0.576522 0.576522 -0.579004 0.137066 0.119703
0.989748 0.119813 0.854500 0.576558 0.576591 -0.578899 0.140529 0.119703
0.989748 0.119813 0.854500 0.576558 0.576591 -0.578899 0.140529 0.119703
0.957776 0.151658 0.854500 0.576565 0.576605 -0.578877 0.140219 0.138467
0.821508 0.151658 0.990758 0.576525 0.576529 -0.578993 0.137363 0.138467
-0.821508 0.151658 0.990758 0.000000 0.705586 -0.708624 0.111008 0.138467
-0.821508 0.119813 1.022740 0.000000 0.705586 -0.708624 0.111304 0.119703
-0.162478 0.119813 1.022740 0.000000 0.705586 -0.708624 0.121186 0.119703
-0.162478 0.119813 1.022740 0.000000 0.705586 -0.708624 0.121186 0.119703
-0.162478 0.151658 0.990758 0.000000 0.705586 -0.708624 0.121091 0.138467
-0.821508 0.151658 0.990758 0.000000 0.705586 -0.708624 0.111008 0.138467
-0.989748 0.119813 -0.854499 -0.576559 -0.576593 -0.578896 0.080729 0.119703
-0.957776 0.151658 -0.854499 -0.576566 -0.576607 -0.578874 0.080419 0.138467
-0.821508 0.151658 -0.990758 -0.576526 -0.576529 -0.578993 0.077563 0.138467
-0.821508 0.151658 -0.990758 -0.576526 -0.576529 -0.578993 0.077563 0.138467
-0.821508 0.119813 -1.022740 -0.576522 -0.576522 -0.579004 0.077266 0.119703
-0.989748 0.119813 -0.854499 -0.576559 -0.576593 -0.578896 0.080729 0.119703
-0.989748 0.119813 0.854500 -0.705693 0.000000 -0.708518 0.107842 0.119703
-0.957776 0.151658 0.854500 -0.705693 0.000000 -0.708518 0.108152 0.138467
-0.957776 0.151658 0.000000 -0.705693 0.000000 -0.708518 0.094285 0.138467
-0.957776 0.151658 0.000000 -0.705693 0.000000 -0.708518 0.094285 0.138467
-0.989748 0.119813 0.000000 -0.705693 0.000000 -0.708518 0.094285 0.119703
-0.989748 0.119813 0.854500 -0.705693 0.000000 -0.708518 0.107842 0.119703
-0.957776 0.151658 0.854500 -0.576573 0.576576 -0.578899 0.108152 0.138467
-0.989748 0.119813 0.854500 -0.576580 0.576580 -0.578888 0.107842 0.119703
-0.821508 0.119813 1.022740 -0.576509 0.576543 -0.578995 0.111304 0.119703
-0.821508 0.119813 1.022740 -0.576509 0.576543 -0.578995 0.111304 0.119703
-0.821508 0.151658 0.990758 -0.576495 0.576535 -0.579017 0.111008 0.138467
-0.957776 0.151658 0.854500 -0.576573 0.576576 -0.578899 0.108152 0.138467
-0.821508 0.119813 -1.022740 0.000000 -1.000000 0.000000 0.077266 0.119703
-0.162478 0.119813 -1.022740 0.000000 -1.000000 0.000000 0.067384 0.119703
-0.162478 0.000000 -1.022740 0.000000 -1.000000 0.000000 0.067384 0.049106
-0.162478 0.000000 -1.022740 0.000000 -1.000000 0.000000 0.067384 0.049106
-0.821508 0.000000 -1.022740 0.000000 -1.000000 0.000000 0.077266 0.049106
-0.821508 0.119813 -1.022740 0.000000 -1.000000 0.000000 0.077266 0.119703
0.821508 0.119813 1.022740 0.000000 1.000000 0.000000 0.137066 0.119703
0.163215 0.119813 1.022740 0.000000 1.000000 0.000000 0.127198 0.119703
0.163214 0.000000 1.022740 0.000000 1.000000 0.000000 0.127198 0.049106
0.163214 0.000000 1.022740 0.000000 1.000000 0.000000 0.127198 0.049106
0.821508 0.000000 1.022740 0.000000 1.000000 0.000000 0.137066 0.049106
0.821508 0.119813 1.022740 0.000000 1.000000 0.000000 0.137066 0.119703
0.821508 0.119813 -1.022740 0.707107 -0.707107 0.000000 0.171104 0.119703
0.989748 0.119813 -0.854499 0.707107 -0.707107 0.000000 0.167642 0.119703
0.989748 0.000000 -0.854499 0.707107 -0.707107 0.000000 0.167642 0.049106
0.989748 0.000000 -0.854499 0.707107 -0.707107 0.000000 0.167642 0.049106
0.821508 0.000000 -1.022740 0.707107 -0.707107 0.000000 0.171104 0.049106
0.821508 0.119813 -1.022740 0.707107 -0.707107 0.000000 0.171104 0.119703
0.989748 0.119813 0.000000 1.000000 0.000000 0.000000 0.154085 0.119703
0.989748 0.119813 0.854500 1.000000 0.000000 0.000000 0.140529 0.119703
0.989748 0.000000 0.854500 1.000000 0.000000 0.000000 0.140529 0.049106
0.989748 0.000000 0.854500 1.000000 0.000000 0.000000 0.140529 0.049106
0.989748 0.000000 0.000000 1.000000 0.000000 0.000000 0.154085 0.049106
0.989748 0.119813 0.000000 1.000000 0.000000 0.000000 0.154085 0.119703
0.989748 0.119813 0.854500 0.707107 0.707107 0.000000 0.140529 0.119703
0.821508 0.119813 1.022740 0.707107 0.707107 0.000000 0.137066 0.119703
0.821508 0.000000 1.022740 0.707107 0.707107 0.000000 0.137066 0.049106
0.821508 0.000000 1.022740 0.707107 0.707107 0.000000 0.137066 0.049106
0.989748 0.000000 0.854500 0.707107 0.707107 0.000000 0.140529 0.049106
0.989748 0.119813 0.854500 0.707107 0.707107 0.000000 0.140529 0.119703
-0.989748 0.119813 -0.854499 -0.707107 -0.707107 -0.000000 0.080729 0.119703
-0.821508 0.119813 -1.022740 -0.707107 -0.707107 0.000000 0.077266 0.119703
-0.821508 0.000000 -1.022740 -0.707107 -0.707107 -0.000000 0.077266 0.049106
-0.821508 0.000000 -1.022740 -0.707107 -0.707107 -0.000000 0.077266 0.049106
-0.989748 0.000000 -0.854499 -0.707107 -0.707107 -0.000000 0.080729 0.049106
-0.989748 0.119813 -0.854499 -0.707107 -0.707107 -0.000000 0.080729 0.119703
-0.989748 0.119813 0.854500 -1.000000 0.000000 0.000000 0.107842 0.119703
-0.989748 0.119813 0.000000 -1.000000 0.000000 0.000000 0.094285 0.119703
-0.989748 0.000000 0.000000 -1.000000 0.000000 0.000000 0.094285 0.049106
-0.989748 0.000000 0.000000 -1.000000 0.000000 0.000000 0.094285 0.049106
-0.989748 0.000000 0.854500 -1.000000 0.000000 0.000000 0.107842 0.049106
-0.989748 0.119813 0.854500 -1.000000 0.000000 0.000000 0.107842 0.119703
-0.821508 0.119813 1.022740 -0.707107 0.707107 0.000000 0.111304 0.119703
-0.989748 0.119813 0.854500 -0.707107 0.707107 0.000000 0.107842 0.119703
-0.989748 0.000000 0.854500 -0.707107 0.707107 0.000000 0.107842 0.049106
-0.989748 0.000000 0.854500 -0.707107 0.707107 0.000000 0.107842 0.049106
-0.821508 0.000000 1.022740 -0.707107 0.707107 0.000000 0.111304 0.049106
-0.821508 0.119813 1.022740 -0.707107 0.707107 0.000000 0.111304 0.119703
0.821508 0.151658 -0.990758 0.000000 0.000000 -1.000000 0.170808 0.138467
0.163215 0.151658 -0.990758 0.000000 0.000000 -1.000000 0.180877 0.138467
0.163215 0.151658 -0.854499 -0.000000 0.000000 -1.000000 0.180393 0.138467
0.163215 0.151658 -0.854499 -0.000000 0.000000 -1.000000 0.180393 0.138467
0.821508 0.151658 -0.854499 -0.000000 0.000000 -1.000000 0.169410 0.138467
0.821508 0.151658 -0.990758 0.000000 0.000000 -1.000000 0.170808 0.138467
-0.450669 0.151658 0.565121 -0.000000 -0.000000 -1.000000 0.111371 0.138467
-0.821508 0.151658 0.854500 0.000000 -0.000000 -1.000000 0.109610 0.138467
-0.162478 0.151658 0.854500 -0.000000 -0.000000 -1.000000 0.120609 0.138467
-0.162478 0.151658 0.854500 -0.000000 -0.000000 -1.000000 0.120609 0.138467
-0.161660 0.151658 0.704300 -0.000000 -0.000000 -1.000000 0.119891 0.138467
-0.450669 0.151658 0.565121 -0.000000 -0.000000 -1.000000 0.111371 0.138467
-0.821508 0.151658 0.854500 0.000000 -0.000000 -1.000000 0.109610 0.138467
-0.821508 0.151658 0.990758 0.000000 0.000000 -1.000000 0.111008 0.138467
-0.162478 0.151658 0.990758 0.000000 0.000000 -1.000000 0.121091 0.138467
-0.162478 0.151658 0.990758 0.000000 0.000000 -1.000000 0.121091 0.138467
-0.162478 0.151658 0.854500 -0.000000 -0.000000 -1.000000 0.120609 0.138467
-0.821508 0.151658 0.854500 0.000000 -0.000000 -1.000000 0.109610 0.138467
0.957776 0.151658 -0.854499 0.000000 0.000000 -1.000000 0.167952 0.138467
0.821508 0.151658 -0.990758 0.000000 0.000000 -1.000000 0.170808 0.138467
0.821508 0.151658 -0.854499 -0.000000 0.000000 -1.000000 0.169410 0.138467
0.957776 0.151658 0.000000 0.000000 0.000000 -1.000000 0.154085 0.138467
0.821508 0.151658 0.000000 0.000000 0.000000 -1.000000 0.154085 0.138467
0.821508 0.151658 0.854500 -0.000000 -0.000000 -1.000000 0.138761 0.138467
0.821508 0.151658 0.854500 -0.000000 -0.000000 -1.000000 0.138761 0.138467
0.957776 0.151658 0.854500 0.000000 0.000000 -1.000000 0.140219 0.138467
0.957776 0.151658 0.000000 0.000000 0.000000 -1.000000 0.154085 0.138467
0.821508 0.151658 0.854500 -0.000000 -0.000000 -1.000000 0.138761 0.138467
0.821508 0.151658 0.990758 0.000000 0.000000 -1.000000 0.137363 0.138467
0.957776 0.151658 0.854500 0.000000 0.000000 -1.000000 0.140219 0.138467
-0.821508 0.151658 -0.990758 0.000000 0.000000 -1.000000 0.077563 0.138467
-0.957776 0.151658 -0.854499 0.000000 0.000000 -1.000000 0.080419 0.138467
-0.821508 0.151658 -0.854499 0.000000 0.000000 -1.000000 0.078961 0.138467
-0.957776 0.151658 0.000000 0.000000 0.000000 -1.000000 0.094285 0.138467
-0.957776 0.151658 0.854500 0.000000 0.000000 -1.000000 0.108152 0.138467
-0.821508 0.151658 0.854500 0.000000 -0.000000 -1.000000 0.109610 0.138467
-0.821508 0.151658 0.854500 0.000000 -0.000000 -1.000000 0.109610 0.138467
-0.821508 0.151658 0.000000 -0.000000 -0.000000 -1.000000 0.094285 0.138467
-0.957776 0.151658 0.000000 0.000000 0.000000 -1.000000 0.094285 0.138467
-0.957776 0.151658 0.854500 0.000000 0.000000 -1.000000 0.108152 0.138467
-0.821508 0.151658 0.990758 0.000000 0.000000 -1.000000 0.111008 0.138467
-0.821508 0.151658 0.854500 0.000000 -0.000000 -1.000000 0.109610 0.138467
0.722817 0.151658 0.000000 0.986131 -0.000000 -0.165968 0.206557 0.219525
0.651235 0.151658 -0.313618 0.888473 -0.427866 -0.165968 0.213842 0.219525
0.501013 1.142338 -0.241275 0.888474 -0.427866 -0.165968 0.213842 0.357719
0.501013 1.142338 -0.241275 0.888474 -0.427866 -0.165968 0.213842 0.357719
0.556083 1.142338 0.000000 0.986131 -0.000000 -0.165968 0.206557 0.357719
0.722817 0.151658 0.000000 0.986131 -0.000000 -0.165968 0.206557 0.219525
0.651235 0.151658 0.313619 0.888473 0.427866 -0.165968 0.199271 0.219525
0.722817 0.151658 0.000000 0.986131 -0.000000 -0.165968 0.206557 0.219525
0.556083 1.142338 0.000000 0.986131 -0.000000 -0.165968 0.206557 0.357719
0.556083 1.142338 0.000000 0.986131 -0.000000 -0.165968 0.206557 0.357719
0.501013 1.142338 0.241275 0.888473 0.427866 -0.165968 0.199271 0.357719
0.651235 0.151658 0.313619 0.888473 0.427866 -0.165968 0.199271 0.219525
0.450669 0.151658 0.565121 0.614843 0.770988 -0.165968 0.191985 0.219525
0.651235 0.151658 0.313619 0.888473 0.427866 -0.165968 0.199271 0.219525
0.501013 1.142338 0.241275 0.888473 0.427866 -0.165968 0.199271 0.357719
0.501013 1.142338 0.241275 0.888473 0.427866 -0.165968 0.199271 0.357719
0.346712 1.142338 0.434763 0.614842 0.770988 -0.165968 0.191985 0.357719
0.450669 0.151658 0.565121 0.614843 0.770988 -0.165968 0.191985 0.219525
0.162028 0.151658 0.704123 0.219746 0.961350 -0.165883 0.184728 0.219525
0.450669 0.151658 0.565121 0.614843 0.770988 -0.165968 0.191985 0.219525
0.346712 1.142338 0.434763 0.614842 0.770988 -0.165968 0.191985 0.357719
0.346712 1.142338 0.434763 0.614842 0.770988 -0.165968 0.191985 0.357719
0.124570 1.142338 0.541741 0.219677 0.961366 -0.165886 0.184726 0.357719
0.162028 0.151658 0.704123 0.219746 0.961350 -0.165883 0.184728 0.219525
-0.161660 0.151658 0.704300 -0.219219 0.961467 -0.165904 0.177394 0.219525
0.162028 0.151658 0.704123 0.219746 0.961350 -0.165883 0.184728 0.219525
0.124570 1.142338 0.541741 0.219677 0.961366 -0.165886 0.184726 0.357719
0.124570 1.142338 0.541741 0.219677 0.961366 -0.165886 0.184726 0.357719
-0.124312 1.142338 0.541865 -0.219198 0.961472 -0.165906 0.177396 0.357719
-0.161660 0.151658 0.704300 -0.219219 0.961467 -0.165904 0.177394 0.219525
-0.450669 0.151658 0.565121 -0.614843 0.770988 -0.165968 0.170128 0.219525
-0.161660 0.151658 0.704300 -0.219219 0.961467 -0.165904 0.177394 0.219525
-0.124312 1.142338 0.541865 -0.219198 0.961472 -0.165906 0.177396 0.357719
-0.124312 1.142338 0.541865 -0.219198 0.961472 -0.165906 0.177396 0.357719
-0.346712 1.142338 0.434763 -0.614843 0.770988 -0.165968 0.170128 0.357719
-0.450669 0.151658 0.565121 -0.614843 0.770988 -0.165968 0.170128 0.219525
-0.651235 0.151658 0.313618 -0.888474 0.427866 -0.165968 0.162842 0.219525
-0.450669 0.151658 0.565121 -0.614843 0.770988 -0.165968 0.170128 0.219525
-0.346712 1.142338 0.434763 -0.614843 0.770988 -0.165968 0.170128 0.357719
-0.346712 1.142338 0.434763 -0.614843 0.770988 -0.165968 0.170128 0.357719
-0.501013 1.142338 0.241275 -0.888474 0.427866 -0.165968 0.162842 0.357719
-0.651235 0.151658 0.313618 -0.888474 0.427866 -0.165968 0.162842 0.219525
-0.722817 0.151658 -0.000000 -0.986131 -0.000000 -0.165968 0.155557 0.219525
-0.651235 0.151658 0.313618 -0.888474 0.427866 -0.165968 0.162842 0.219525
-0.501013 1.142338 0.241275 -0.888474 0.427866 -0.165968 0.162842 0.357719
-0.501013 1.142338 0.241275 -0.888474 0.427866 -0.165968 0.162842 0.357719
-0.556083 1.142338 -0.000000 -0.986131 -0.000000 -0.165968 0.155557 0.357719
-0.722817 0.151658 -0.000000 -0.986131 -0.000000 -0.165968 0.155557 0.219525
-0.651235 0.151658 -0.313618 -0.888473 -0.427866 -0.165968 0.148271 0.219525
-0.722817 0.151658 -0.000000 -0.986131 -0.000000 -0.165968 0.155557 0.219525
-0.556083 1.142338 -0.000000 -0.986131 -0.000000 -0.165968 0.155557 0.357719
-0.556083 1.142338 -0.000000 -0.986131 -0.000000 -0.165968 0.155557 0.357719
-0.501013 1.142338 -0.241275 -0.888473 -0.427866 -0.165968 0.148271 0.357719
-0.651235 0.151658 -0.313618 -0.888473 -0.427866 -0.165968 0.148271 0.219525
-0.450669 0.151658 -0.565121 -0.614843 -0.770988 -0.165968 0.140985 0.219525
-0.651235 0.151658 -0.313618 -0.888473 -0.427866 -0.165968 0.148271 0.219525
-0.501013 1.142338 -0.241275 -0.888473 -0.427866 -0.165968 0.148271 0.357719
-0.501013 1.142338 -0.241275 -0.888473 -0.427866 -0.165968 0.148271 0.357719
-0.346712 1.142338 -0.434763 -0.614843 -0.770988 -0.165968 0.140985 0.357719
-0.450669 0.151658 -0.565121 -0.614843 -0.770988 -0.165968 0.140985 0.219525
-0.161660 0.151658 -0.704300 -0.219215 -0.961467 -0.165909 0.133719 0.219525
-0.450669 0.151658 -0.565121 -0.614843 -0.770988 -0.165968 0.140985 0.219525
-0.346712 1.142338 -0.434763 -0.614843 -0.770988 -0.165968 0.140985 0.357719
-0.346712 1.142338 -0.434763 -0.614843 -0.770988 -0.165968 0.140985 0.357719
-0.124312 1.142338 -0.541865 -0.219193 -0.961473 -0.165906 0.133718 0.357719
-0.161660 0.151658 -0.704300 -0.219215 -0.961467 -0.165909 0.133719 0.219525
0.162028 0.151658 -0.704123 0.219742 -0.961350 -0.165888 0.126385 0.219525
-0.161660 0.151658 -0.704300 -0.219215 -0.961467 -0.165909 0.133719 0.219525
-0.124312 1.142338 -0.541865 -0.219193 -0.961473 -0.165906 0.133718 0.357719
-0.124312 1.142338 -0.541865 -0.219193 -0.961473 -0.165906 0.133718 0.357719
0.124570 1.142338 -0.541741 0.219672 -0.961367 -0.165886 0.126388 0.357719
0.162028 0.151658 -0.704123 0.219742 -0.961350 -0.165888 0.126385 0.219525
0.162028 0.151658 -0.704123 0.219742 -0.961350 -0.165888 0.228385 0.219525
0.124570 1.142338 -0.541741 0.219672 -0.961367 -0.165886 0.228388 0.357719
0.346712 1.142338 -0.434763 0.614843 -0.770988 -0.165968 0.221128 0.357719
0.346712 1.142338 -0.434763 0.614843 -0.770988 -0.165968 0.221128 0.357719
0.450669 0.151658 -0.565121 0.614843 -0.770988 -0.165968 0.221128 0.219525
0.162028 0.151658 -0.704123 0.219742 -0.961350 -0.165888 0.228385 0.219525
0.651235 0.151658 -0.313618 0.888473 -0.427866 -0.165968 0.213842 0.219525
0.450669 0.151658 -0.565121 0.614843 -0.770988 -0.165968 0.221128 0.219525
0.346712 1.142338 -0.434763 0.614843 -0.770988 -0.165968 0.221128 0.357719
0.346712 1.142338 -0.434763 0.614843 -0.770988 -0.165968 0.221128 0.357719
0.501013 1.142338 -0.241275 0.888474 -0.427866 -0.165968 0.213842 0.357719
0.651235 0.151658 -0.313618 0.888473 -0.427866 -0.165968 0.213842 0.219525
0.651235 0.151658 -0.313618 -0.000001 -0.000000 -1.000000 0.162628 0.138467
0.821508 0.151658 -0.854499 -0.000000 0.000000 -1.000000 0.169410 0.138467
0.450669 0.151658 -0.565121 -0.000000 0.000000 -1.000000 0.171171 0.138467
0.722817 0.151658 0.000000 0.000001 0.000000 -1.000000 0.154085 0.138467
0.821508 0.151658 0.000000 0.000000 0.000000 -1.000000 0.154085 0.138467
0.821508 0.151658 -0.854499 -0.000000 0.000000 -1.000000 0.169410 0.138467
0.821508 0.151658 -0.854499 -0.000000 0.000000 -1.000000 0.169410 0.138467
0.651235 0.151658 -0.313618 -0.000001 -0.000000 -1.000000 0.162628 0.138467
0.722817 0.151658 0.000000 0.000001 0.000000 -1.000000 0.154085 0.138467
0.450669 0.151658 0.565121 0.000000 -0.000000 -1.000000 0.137000 0.138467
0.821508 0.151658 0.854500 -0.000000 -0.000000 -1.000000 0.138761 0.138467
0.651235 0.151658 0.313619 -0.000000 0.000000 -1.000000 0.145542 0.138467
-0.651235 0.151658 0.313618 0.000001 0.000000 -1.000000 0.102828 0.138467
-0.821508 0.151658 0.854500 0.000000 -0.000000 -1.000000 0.109610 0.138467
-0.450669 0.151658 0.565121 -0.000000 -0.000000 -1.000000 0.111371 0.138467
-0.722817 0.151658 -0.000000 -0.000001 -0.000000 -1.000000 0.094285 0.138467
-0.821508 0.151658 0.000000 -0.000000 -0.000000 -1.000000 0.094285 0.138467
-0.821508 0.151658 0.854500 0.000000 -0.000000 -1.000000 0.109610 0.138467
-0.821508 0.151658 0.854500 0.000000 -0.000000 -1.000000 0.109610 0.138467
-0.651235 0.151658 0.313618 0.000001 0.000000 -1.000000 0.102828 0.138467
-0.722817 0.151658 -0.000000 -0.000001 -0.000000 -1.000000 0.094285 0.138467
-0.450669 0.151658 -0.565121 -0.000000 0.000000 -1.000000 0.077200 0.138467
-0.821508 0.151658 -0.854499 0.000000 0.000000 -1.000000 0.078961 0.138467
-0.651235 0.151658 -0.313618 0.000000 -0.000000 -1.000000 0.085742 0.138467
-0.161660 0.151658 -0.704300 0.000000 0.000000 -1.000000 0.068680 0.138467
-0.162478 0.151658 -0.854499 0.000000 0.000000 -1.000000 0.067962 0.138467
-0.821508 0.151658 -0.854499 0.000000 0.000000 -1.000000 0.078961 0.138467
-0.821508 0.151658 -0.854499 0.000000 0.000000 -1.000000 0.078961 0.138467
-0.450669 0.151658 -0.565121 -0.000000 0.000000 -1.000000 0.077200 0.138467
-0.161660 0.151658 -0.704300 0.000000 0.000000 -1.000000 0.068680 0.138467
0.037493 3.580789 0.164267 0.000000 0.000000 -1.000000 0.199974 0.797416
0.105053 3.580789 0.131732 0.000000 0.000000 -1.000000 0.214260 0.797416
0.151805 3.580789 0.073106 0.000000 0.000000 -1.000000 0.228545 0.797416
0.151805 3.580789 0.073106 0.000000 0.000000 -1.000000 0.228545 0.797416
0.168491 3.580789 0.000000 0.000000 0.000000 -1.000000 0.242831 0.797416
0.151805 3.580789 -0.073105 0.000000 0.000000 -1.000000 0.257117 0.797416
0.037493 3.580789 0.164267 0.000000 0.000000 -1.000000 0.199974 0.797416
0.151805 3.580789 0.073106 0.000000 0.000000 -1.000000 0.228545 0.797416
0.151805 3.580789 -0.073105 0.000000 0.000000 -1.000000 0.257117 0.797416
0.151805 3.580789 -0.073105 0.000000 0.000000 -1.000000 0.257117 0.797416
0.105053 3.580789 -0.131732 0.000000 0.000000 -1.000000 0.271402 0.797416
0.037493 3.580789 -0.164267 0.000000 0.000000 -1.000000 0.285688 0.797416
0.037493 3.580789 -0.164267 0.000000 0.000000 -1.000000 0.285688 0.797416
-0.037493 3.580789 -0.164267 0.000000 0.000000 -1.000000 0.299974 0.797416
-0.105053 3.580789 -0.131732 0.000000 0.000000 -1.000000 0.314260 0.797416
0.151805 3.580789 -0.073105 0.000000 0.000000 -1.000000 0.257117 0.797416
0.037493 3.580789 -0.164267 0.000000 0.000000 -1.000000 0.285688 0.797416
-0.105053 3.580789 -0.131732 0.000000 0.000000 -1.000000 0.314260 0.797416
0.037493 3.580789 0.164267 0.000000 0.000000 -1.000000 0.199974 0.797416
0.151805 3.580789 -0.073105 0.000000 0.000000 -1.000000 0.257117 0.797416
-0.105053 3.580789 -0.131732 0.000000 0.000000 -1.000000 0.314260 0.797416
-0.037493 3.580789 0.164267 0.000000 0.000000 -1.000000 0.185688 0.797416
0.037493 3.580789 0.164267 0.000000 0.000000 -1.000000 0.199974 0.797416
-0.105053 3.580789 -0.131732 0.000000 0.000000 -1.000000 0.314260 0.797416
-0.105053 3.580789 0.131732 0.000000 0.000000 -1.000000 0.171403 0.797416
-0.037493 3.580789 0.164267 0.000000 0.000000 -1.000000 0.185688 0.797416
-0.105053 3.580789 -0.131732 0.000000 0.000000 -1.000000 0.314260 0.797416
-0.151805 3.580789 0.073106 0.000000 0.000000 -1.000000 0.357117 0.797416
-0.105053 3.580789 0.131732 0.000000 0.000000 -1.000000 0.171403 0.797416
-0.105053 3.580789 -0.131732 0.000000 0.000000 -1.000000 0.314260 0.797416
-0.151805 3.580789 0.073106 0.000000 0.000000 -1.000000 0.357117 0.797416
-0.105053 3.580789 -0.131732 0.000000 0.000000 -1.000000 0.314260 0.797416
-0.151805 3.580789 -0.073106 0.000000 0.000000 -1.000000 0.328545 0.797416
-0.151805 3.580789 0.073106 0.000000 0.000000 -1.000000 0.357117 0.797416
-0.151805 3.580789 -0.073106 0.000000 0.000000 -1.000000 0.328545 0.797416
-0.168491 3.580789 0.000000 0.000000 0.000000 -1.000000 0.342831 0.797416
0.556083 1.142338 0.000000 0.986131 -0.000000 -0.165968 0.859061 0.038984
0.501013 1.142338 -0.241275 0.888474 -0.427866 -0.165968 0.873346 0.038984
0.396114 1.834123 -0.190758 0.888473 -0.427866 -0.165968 0.873346 0.193384
0.396114 1.834123 -0.190758 0.888473 -0.427866 -0.165968 0.873346 0.193384
0.439654 1.834123 0.000000 0.986131 0.000000 -0.165968 0.859061 0.193384
0.556083 1.142338 0.000000 0.986131 -0.000000 -0.165968 0.859061 0.038984
0.501013 1.142338 0.241275 0.888473 0.427866 -0.165968 0.844775 0.038984
0.556083 1.142338 0.000000 0.986131 -0.000000 -0.165968 0.859061 0.038984
0.439654 1.834123 0.000000 0.986131 0.000000 -0.165968 0.859061 0.193384
0.439654 1.834123 0.000000 0.986131 0.000000 -0.165968 0.859061 0.193384
0.396114 1.834123 0.190759 0.888473 0.427866 -0.165968 0.844775 0.193384
0.501013 1.142338 0.241275 0.888473 0.427866 -0.165968 0.844775 0.038984
0.346712 1.142338 0.434763 0.614842 0.770988 -0.165968 0.830489 0.038984
0.501013 1.142338 0.241275 0.888473 0.427866 -0.165968 0.844775 0.038984
0.396114 1.834123 0.190759 0.888473 0.427866 -0.165968 0.844775 0.193384
0.396114 1.834123 0.190759 0.888473 0.427866 -0.165968 0.844775 0.193384
0.274120 1.834123 0.343735 0.614843 0.770988 -0.165968 0.830489 0.193384
0.346712 1.142338 0.434763 0.614842 0.770988 -0.165968 0.830489 0.038984
0.124570 1.142338 0.541741 0.219677 0.961366 -0.165886 0.816255 0.038984
0.346712 1.142338 0.434763 0.614842 0.770988 -0.165968 0.830489 0.038984
0.274120 1.834123 0.343735 0.614843 0.770988 -0.165968 0.830489 0.193384
0.274120 1.834123 0.343735 0.614843 0.770988 -0.165968 0.830489 0.193384
0.098412 1.834123 0.428351 0.219650 0.961372 -0.165887 0.816249 0.193384
0.124570 1.142338 0.541741 0.219677 0.961366 -0.165886 0.816255 0.038984
-0.124312 1.142338 0.541865 -0.219198 0.961472 -0.165906 0.801882 0.038984
0.124570 1.142338 0.541741 0.219677 0.961366 -0.165886 0.816255 0.038984
0.098412 1.834123 0.428351 0.219650 0.961372 -0.165887 0.816249 0.193384
0.098412 1.834123 0.428351 0.219650 0.961372 -0.165887 0.816249 0.193384
-0.098232 1.834123 0.428438 -0.219226 0.961465 -0.165906 0.801886 0.193384
-0.124312 1.142338 0.541865 -0.219198 0.961472 -0.165906 0.801882 0.038984
-0.346712 1.142338 0.434763 -0.614843 0.770988 -0.165968 0.787632 0.038984
-0.124312 1.142338 0.541865 -0.219198 0.961472 -0.165906 0.801882 0.038984
-0.098232 1.834123 0.428438 -0.219226 0.961465 -0.165906 0.801886 0.193384
-0.098232 1.834123 0.428438 -0.219226 0.961465 -0.165906 0.801886 0.193384
-0.274120 1.834123 0.343735 -0.614843 0.770988 -0.165969 0.787632 0.193384
-0.346712 1.142338 0.434763 -0.614843 0.770988 -0.165968 0.787632 0.038984
-0.501013 1.142338 0.241275 -0.888474 0.427866 -0.165968 0.773346 0.038984
-0.346712 1.142338 0.434763 -0.614843 0.770988 -0.165968 0.787632 0.038984
-0.274120 1.834123 0.343735 -0.614843 0.770988 -0.165969 0.787632 0.193384
-0.274120 1.834123 0.343735 -0.614843 0.770988 -0.165969 0.787632 0.193384
-0.396114 1.834123 0.190759 -0.888474 0.427866 -0.165968 0.773346 0.193384
-0.501013 1.142338 0.241275 -0.888474 0.427866 -0.165968 0.773346 0.038984
-0.556083 1.142338 -0.000000 -0.986131 -0.000000 -0.165968 0.759061 0.038984
-0.501013 1.142338 0.241275 -0.888474 0.427866 -0.165968 0.773346 0.038984
-0.396114 1.834123 0.190759 -0.888474 0.427866 -0.165968 0.773346 0.193384
-0.396114 1.834123 0.190759 -0.888474 0.427866 -0.165968 0.773346 0.193384
-0.439654 1.834123 0.000000 -0.986131 -0.000000 -0.165968 0.759061 0.193384
-0.556083 1.142338 -0.000000 -0.986131 -0.000000 -0.165968 0.759061 0.038984
-0.501013 1.142338 -0.241275 -0.888473 -0.427866 -0.165968 0.744775 0.038984
-0.556083 1.142338 -0.000000 -0.986131 -0.000000 -0.165968 0.759061 0.038984
-0.439654 1.834123 0.000000 -0.986131 -0.000000 -0.165968 0.759061 0.193384
-0.439654 1.834123 0.000000 -0.986131 -0.000000 -0.165968 0.759061 0.193384
-0.396114 1.834123 -0.190759 -0.888473 -0.427866 -0.165968 0.744775 0.193384
-0.501013 1.142338 -0.241275 -0.888473 -0.427866 -0.165968 0.744775 0.038984
-0.346712 1.142338 -0.434763 -0.614843 -0.770988 -0.165968 0.730489 0.038984
-0.501013 1.142338 -0.241275 -0.888473 -0.427866 -0.165968 0.744775 0.038984
-0.396114 1.834123 -0.190759 -0.888473 -0.427866 -0.165968 0.744775 0.193384
-0.396114 1.834123 -0.190759 -0.888473 -0.427866 -0.165968 0.744775 0.193384
-0.274119 1.834123 -0.343735 -0.614843 -0.770988 -0.165968 0.730489 0.193384
-0.346712 1.142338 -0.434763 -0.614843 -0.770988 -0.165968 0.730489 0.038984
-0.124312 1.142338 -0.541865 -0.219193 -0.961473 -0.165906 0.716239 0.038984
-0.346712 1.142338 -0.434763 -0.614843 -0.770988 -0.165968 0.730489 0.038984
-0.274119 1.834123 -0.343735 -0.614843 -0.770988 -0.165968 0.730489 0.193384
-0.274119 1.834123 -0.343735 -0.614843 -0.770988 -0.165968 0.730489 0.193384
-0.098232 1.834123 -0.428438 -0.219219 -0.961467 -0.165905 0.716235 0.193384
-0.124312 1.142338 -0.541865 -0.219193 -0.961473 -0.165906 0.716239 0.038984
0.124570 1.142338 -0.541741 0.219672 -0.961367 -0.165886 0.701866 0.038984
-0.124312 1.142338 -0.541865 -0.219193 -0.961473 -0.165906 0.716239 0.038984
-0.098232 1.834123 -0.428438 -0.219219 -0.961467 -0.165905 0.716235 0.193384
-0.098232 1.834123 -0.428438 -0.219219 -0.961467 -0.165905 0.716235 0.193384
0.098413 1.834123 -0.428351 0.219644 -0.961373 -0.165887 0.701872 0.193384
0.124570 1.142338 -0.541741 0.219672 -0.961367 -0.165886 0.701866 0.038984
0.346712 1.142338 -0.434763 0.614843 -0.770988 -0.165968 0.887632 0.038984
0.124570 1.142338 -0.541741 0.219672 -0.961367 -0.165886 0.901866 0.038984
0.098413 1.834123 -0.428351 0.219644 -0.961373 -0.165887 0.901872 0.193384
0.098413 1.834123 -0.428351 0.219644 -0.961373 -0.165887 0.901872 0.193384
0.274120 1.834123 -0.343735 0.614843 -0.770988 -0.165968 0.887632 0.193384
0.346712 1.142338 -0.434763 0.614843 -0.770988 -0.165968 0.887632 0.038984
0.501013 1.142338 -0.241275 0.888474 -0.427866 -0.165968 0.873346 0.038984
0.346712 1.142338 -0.434763 0.614843 -0.770988 -0.165968 0.887632 0.038984
0.274120 1.834123 -0.343735 0.614843 -0.770988 -0.165968 0.887632 0.193384
0.274120 1.834123 -0.343735 0.614843 -0.770988 -0.165968 0.887632 0.193384
0.396114 1.834123 -0.190758 0.888473 -0.427866 -0.165968 0.873346 0.193384
0.501013 1.142338 -0.241275 0.888474 -0.427866 -0.165968 0.873346 0.038984
0.439654 1.834123 0.000000 0.986131 0.000000 -0.165968 0.199231 0.400949
0.396114 1.834123 -0.190758 0.888473 -0.427866 -0.165968 0.201802 0.400949
0.322485 2.319688 -0.155301 0.889176 -0.428205 -0.161265 0.201802 0.501195
0.322485 2.319688 -0.155301 0.889176 -0.428205 -0.161265 0.201802 0.501195
0.357932 2.319688 0.000000 0.986911 0.000000 -0.161265 0.199231 0.501195
0.439654 1.834123 0.000000 0.986131 0.000000 -0.165968 0.199231 0.400949
0.396114 1.834123 0.190759 0.888473 0.427866 -0.165968 0.196660 0.400949
0.439654 1.834123 0.000000 0.986131 0.000000 -0.165968 0.199231 0.400949
0.357932 2.319688 0.000000 0.986911 0.000000 -0.161265 0.199231 0.501195
0.357932 2.319688 0.000000 0.986911 0.000000 -0.161265 0.199231 0.501195
0.322485 2.319688 0.155301 0.889176 0.428205 -0.161265 0.196660 0.501195
0.396114 1.834123 0.190759 0.888473 0.427866 -0.165968 0.196660 0.400949
0.274120 1.834123 0.343735 0.614843 0.770988 -0.165968 0.194088 0.400949
0.396114 1.834123 0.190759 0.888473 0.427866 -0.165968 0.196660 0.400949
0.322485 2.319688 0.155301 0.889176 0.428205 -0.161265 0.196660 0.501195
0.322485 2.319688 0.155301 0.889176 0.428205 -0.161265 0.196660 0.501195
0.223167 2.319688 0.279842 0.615329 0.771598 -0.161265 0.194088 0.501195
0.274120 1.834123 0.343735 0.614843 0.770988 -0.165968 0.194088 0.400949
0.098412 1.834123 0.428351 0.219650 0.961372 -0.165887 0.191525 0.400949
0.274120 1.834123 0.343735 0.614843 0.770988 -0.165968 0.194088 0.400949
0.223167 2.319688 0.279842 0.615329 0.771598 -0.161265 0.194088 0.501195
0.223167 2.319688 0.279842 0.615329 0.771598 -0.161265 0.194088 0.501195
0.080053 2.319688 0.348762 0.219793 0.962138 -0.161186 0.191524 0.501195
0.098412 1.834123 0.428351 0.219650 0.961372 -0.165887 0.191525 0.400949
-0.098232 1.834123 0.428438 -0.219226 0.961465 -0.165906 0.188940 0.400949
0.098412 1.834123 0.428351 0.219650 0.961372 -0.165887 0.191525 0.400949
0.080053 2.319688 0.348762 0.219793 0.962138 -0.161186 0.191524 0.501195
0.080053 2.319688 0.348762 0.219793 0.962138 -0.161186 0.191524 0.501195
-0.079927 2.319688 0.348823 -0.219429 0.962219 -0.161202 0.188941 0.501195
-0.098232 1.834123 0.428438 -0.219226 0.961465 -0.165906 0.188940 0.400949
-0.274120 1.834123 0.343735 -0.614843 0.770988 -0.165969 0.186374 0.400949
-0.098232 1.834123 0.428438 -0.219226 0.961465 -0.165906 0.188940 0.400949
-0.079927 2.319688 0.348823 -0.219429 0.962219 -0.161202 0.188941 0.501195
-0.079927 2.319688 0.348823 -0.219429 0.962219 -0.161202 0.188941 0.501195
-0.223167 2.319688 0.279842 -0.615329 0.771598 -0.161264 0.186374 0.501195
-0.274120 1.834123 0.343735 -0.614843 0.770988 -0.165969 0.186374 0.400949
-0.396114 1.834123 0.190759 -0.888474 0.427866 -0.165968 0.183802 0.400949
-0.274120 1.834123 0.343735 -0.614843 0.770988 -0.165969 0.186374 0.400949
-0.223167 2.319688 0.279842 -0.615329 0.771598 -0.161264 0.186374 0.501195
-0.223167 2.319688 0.279842 -0.615329 0.771598 -0.161264 0.186374 0.501195
-0.322485 2.319688 0.155301 -0.889176 0.428205 -0.161265 0.183802 0.501195
-0.396114 1.834123 0.190759 -0.888474 0.427866 -0.165968 0.183802 0.400949
-0.439654 1.834123 0.000000 -0.986131 -0.000000 -0.165968 0.181231 0.400949
-0.396114 1.834123 0.190759 -0.888474 0.427866 -0.165968 0.183802 0.400949
-0.322485 2.319688 0.155301 -0.889176 0.428205 -0.161265 0.183802 0.501195
-0.322485 2.319688 0.155301 -0.889176 0.428205 -0.161265 0.183802 0.501195
-0.357932 2.319688 0.000000 -0.986911 -0.000000 -0.161265 0.181231 0.501195
-0.439654 1.834123 0.000000 -0.986131 -0.000000 -0.165968 0.181231 0.400949
-0.396114 1.834123 -0.190759 -0.888473 -0.427866 -0.165968 0.178660 0.400949
-0.439654 1.834123 0.000000 -0.986131 -0.000000 -0.165968 0.181231 0.400949
-0.357932 2.319688 0.000000 -0.986911 -0.000000 -0.161265 0.181231 0.501195
-0.357932 2.319688 0.000000 -0.986911 -0.000000 -0.161265 0.181231 0.501195
-0.322485 2.319688 -0.155301 -0.889176 -0.428205 -0.161264 0.178660 0.501195
-0.396114 1.834123 -0.190759 -0.888473 -0.427866 -0.165968 0.178660 0.400949
-0.274119 1.834123 -0.343735 -0.614843 -0.770988 -0.165968 0.176088 0.400949
-0.396114 1.834123 -0.190759 -0.888473 -0.427866 -0.165968 0.178660 0.400949
-0.322485 2.319688 -0.155301 -0.889176 -0.428205 -0.161264 0.178660 0.501195
-0.322485 2.319688 -0.155301 -0.889176 -0.428205 -0.161264 0.178660 0.501195
-0.223167 2.319688 -0.279842 -0.615329 -0.771598 -0.161265 0.176088 0.501195
-0.274119 1.834123 -0.343735 -0.614843 -0.770988 -0.165968 0.176088 0.400949
-0.098232 1.834123 -0.428438 -0.219219 -0.961467 -0.165905 0.173522 0.400949
-0.274119 1.834123 -0.343735 -0.614843 -0.770988 -0.165968 0.176088 0.400949
-0.223167 2.319688 -0.279842 -0.615329 -0.771598 -0.161265 0.176088 0.501195
-0.223167 2.319688 -0.279842 -0.615329 -0.771598 -0.161265 0.176088 0.501195
-0.079927 2.319688 -0.348823 -0.219421 -0.962220 -0.161202 0.173522 0.501195
-0.098232 1.834123 -0.428438 -0.219219 -0.961467 -0.165905 0.173522 0.400949
0.098413 1.834123 -0.428351 0.219644 -0.961373 -0.165887 0.170937 0.400949
-0.098232 1.834123 -0.428438 -0.219219 -0.961467 -0.165905 0.173522 0.400949
-0.079927 2.319688 -0.348823 -0.219421 -0.962220 -0.161202 0.173522 0.501195
-0.079927 2.319688 -0.348823 -0.219421 -0.962220 -0.161202 0.173522 0.501195
0.080053 2.319688 -0.348762 0.219786 -0.962140 -0.161187 0.170938 0.501195
0.098413 1.834123 -0.428351 0.219644 -0.961373 -0.165887 0.170937 0.400949
0.274120 1.834123 -0.343735 0.614843 -0.770988 -0.165968 0.204374 0.400949
0.098413 1.834123 -0.428351 0.219644 -0.961373 -0.165887 0.206937 0.400949
0.080053 2.319688 -0.348762 0.219786 -0.962140 -0.161187 0.206938 0.501195
0.080053 2.319688 -0.348762 0.219786 -0.962140 -0.161187 0.206938 0.501195
0.223167 2.319688 -0.279842 0.615329 -0.771598 -0.161265 0.204374 0.501195
0.274120 1.834123 -0.343735 0.614843 -0.770988 -0.165968 0.204374 0.400949
0.396114 1.834123 -0.190758 0.888473 -0.427866 -0.165968 0.201802 0.400949
0.274120 1.834123 -0.343735 0.614843 -0.770988 -0.165968 0.204374 0.400949
0.223167 2.319688 -0.279842 0.615329 -0.771598 -0.161265 0.204374 0.501195
0.223167 2.319688 -0.279842 0.615329 -0.771598 -0.161265 0.204374 0.501195
0.322485 2.319688 -0.155301 0.889176 -0.428205 -0.161265 0.201802 0.501195
0.396114 1.834123 -0.190758 0.888473 -0.427866 -0.165968 0.201802 0.400949
0.357932 2.319688 0.000000 0.986911 0.000000 -0.161265 0.880754 0.254523
0.322485 2.319688 -0.155301 0.889176 -0.428205 -0.161265 0.902183 0.254523
0.214288 3.078393 -0.103196 0.891215 -0.429186 -0.146751 0.902183 0.402693
0.214288 3.078393 -0.103196 0.891215 -0.429186 -0.146751 0.902183 0.402693
0.237842 3.078393 0.000000 0.989174 0.000000 -0.146751 0.880754 0.402693
0.357932 2.319688 0.000000 0.986911 0.000000 -0.161265 0.880754 0.254523
0.322485 2.319688 0.155301 0.889176 0.428205 -0.161265 0.859326 0.254523
0.357932 2.319688 0.000000 0.986911 0.000000 -0.161265 0.880754 0.254523
0.237842 3.078393 0.000000 0.989174 0.000000 -0.146751 0.880754 0.402693
0.237842 3.078393 0.000000 0.989174 0.000000 -0.146751 0.880754 0.402693
0.214288 3.078393 0.103196 0.891214 0.429186 -0.146751 0.859326 0.402693
0.322485 2.319688 0.155301 0.889176 0.428205 -0.161265 0.859326 0.254523
0.223167 2.319688 0.279842 0.615329 0.771598 -0.161265 0.837897 0.254523
0.322485 2.319688 0.155301 0.889176 0.428205 -0.161265 0.859326 0.254523
0.214288 3.078393 0.103196 0.891214 0.429186 -0.146751 0.859326 0.402693
0.214288 3.078393 0.103196 0.891214 0.429186 -0.146751 0.859326 0.402693
0.148292 3.078393 0.185952 0.616739 0.773367 -0.146751 0.837897 0.402693
0.223167 2.319688 0.279842 0.615329 0.771598 -0.161265 0.837897 0.254523
0.080053 2.319688 0.348762 0.219793 0.962138 -0.161186 0.816527 0.254523
0.223167 2.319688 0.279842 0.615329 0.771598 -0.161265 0.837897 0.254523
0.148292 3.078393 0.185952 0.616739 0.773367 -0.146751 0.837897 0.402693
0.148292 3.078393 0.185952 0.616739 0.773367 -0.146751 0.837897 0.402693
0.053073 3.078393 0.231807 0.220215 0.964360 -0.146683 0.816501 0.402693
0.080053 2.319688 0.348762 0.219793 0.962138 -0.161186 0.816527 0.254523
-0.079927 2.319688 0.348823 -0.219429 0.962219 -0.161202 0.795000 0.254523
0.080053 2.319688 0.348762 0.219793 0.962138 -0.161186 0.816527 0.254523
0.053073 3.078393 0.231807 0.220215 0.964360 -0.146683 0.816501 0.402693
0.053073 3.078393 0.231807 0.220215 0.964360 -0.146683 0.816501 0.402693
-0.053027 3.078393 0.231829 -0.148003 0.977620 -0.149511 0.795018 0.402693
-0.079927 2.319688 0.348823 -0.219429 0.962219 -0.161202 0.795000 0.254523
-0.223167 2.319688 0.279842 -0.615329 0.771598 -0.161264 0.773611 0.254523
-0.079927 2.319688 0.348823 -0.219429 0.962219 -0.161202 0.795000 0.254523
-0.053027 3.078393 0.231829 -0.148003 0.977620 -0.149511 0.795018 0.402693
-0.053027 3.078393 0.231829 -0.148003 0.977620 -0.149511 0.795018 0.402693
-0.148292 3.078393 0.185952 -0.671937 0.725344 -0.149590 0.773611 0.402693
-0.223167 2.319688 0.279842 -0.615329 0.771598 -0.161264 0.773611 0.254523
-0.322485 2.319688 0.155301 -0.889176 0.428205 -0.161265 0.752183 0.254523
-0.223167 2.319688 0.279842 -0.615329 0.771598 -0.161264 0.773611 0.254523
-0.148292 3.078393 0.185952 -0.671937 0.725344 -0.149590 0.773611 0.402693
-0.148292 3.078393 0.185952 -0.671937 0.725344 -0.149590 0.773611 0.402693
-0.214288 3.078393 0.103196 -0.891215 0.429186 -0.146751 0.752183 0.402693
-0.322485 2.319688 0.155301 -0.889176 0.428205 -0.161265 0.752183 0.254523
-0.357932 2.319688 0.000000 -0.986911 -0.000000 -0.161265 0.730754 0.254523
-0.322485 2.319688 0.155301 -0.889176 0.428205 -0.161265 0.752183 0.254523
-0.214288 3.078393 0.103196 -0.891215 0.429186 -0.146751 0.752183 0.402693
-0.214288 3.078393 0.103196 -0.891215 0.429186 -0.146751 0.752183 0.402693
-0.237842 3.078393 0.000000 -0.989174 -0.000000 -0.146751 0.730754 0.402693
-0.357932 2.319688 0.000000 -0.986911 -0.000000 -0.161265 0.730754 0.254523
-0.322485 2.319688 -0.155301 -0.889176 -0.428205 -0.161264 0.709326 0.254523
-0.357932 2.319688 0.000000 -0.986911 -0.000000 -0.161265 0.730754 0.254523
-0.237842 3.078393 0.000000 -0.989174 -0.000000 -0.146751 0.730754 0.402693
-0.237842 3.078393 0.000000 -0.989174 -0.000000 -0.146751 0.730754 0.402693
-0.214288 3.078393 -0.103196 -0.891214 -0.429186 -0.146751 0.709326 0.402693
-0.322485 2.319688 -0.155301 -0.889176 -0.428205 -0.161264 0.709326 0.254523
-0.223167 2.319688 -0.279842 -0.615329 -0.771598 -0.161265 0.687897 0.254523
-0.322485 2.319688 -0.155301 -0.889176 -0.428205 -0.161264 0.709326 0.254523
-0.214288 3.078393 -0.103196 -0.891214 -0.429186 -0.146751 0.709326 0.402693
-0.214288 3.078393 -0.103196 -0.891214 -0.429186 -0.146751 0.709326 0.402693
-0.148292 3.078393 -0.185952 -0.616740 -0.773367 -0.146751 0.687897 0.402693
-0.223167 2.319688 -0.279842 -0.615329 -0.771598 -0.161265 0.687897 0.254523
-0.079927 2.319688 -0.348823 -0.219421 -0.962220 -0.161202 0.666509 0.254523
-0.223167 2.319688 -0.279842 -0.615329 -0.771598 -0.161265 0.687897 0.254523
-0.148292 3.078393 -0.185952 -0.616740 -0.773367 -0.146751 0.687897 0.402693
-0.148292 3.078393 -0.185952 -0.616740 -0.773367 -0.146751 0.687897 0.402693
-0.053027 3.078393 -0.231829 -0.220003 -0.964407 -0.146690 0.666491 0.402693
-0.079927 2.319688 -0.348823 -0.219421 -0.962220 -0.161202 0.666509 0.254523
0.080053 2.319688 -0.348762 0.219786 -0.962140 -0.161187 0.644981 0.254523
-0.079927 2.319688 -0.348823 -0.219421 -0.962220 -0.161202 0.666509 0.254523
-0.053027 3.078393 -0.231829 -0.220003 -0.964407 -0.146690 0.666491 0.402693
-0.053027 3.078393 -0.231829 -0.220003 -0.964407 -0.146690 0.666491 0.402693
0.053073 3.078393 -0.231807 0.220205 -0.964362 -0.146682 0.645008 0.402693
0.080053 2.319688 -0.348762 0.219786 -0.962140 -0.161187 0.644981 0.254523
0.223167 2.319688 -0.279842 0.615329 -0.771598 -0.161265 0.923611 0.254523
0.080053 2.319688 -0.348762 0.219786 -0.962140 -0.161187 0.944981 0.254523
0.053073 3.078393 -0.231807 0.220205 -0.964362 -0.146682 0.945008 0.402693
0.053073 3.078393 -0.231807 0.220205 -0.964362 -0.146682 0.945008 0.402693
0.148292 3.078393 -0.185952 0.616740 -0.773367 -0.146751 0.923611 0.402693
0.223167 2.319688 -0.279842 0.615329 -0.771598 -0.161265 0.923611 0.254523
0.322485 2.319688 -0.155301 0.889176 -0.428205 -0.161265 0.902183 0.254523
0.223167 2.319688 -0.279842 0.615329 -0.771598 -0.161265 0.923611 0.254523
0.148292 3.078393 -0.185952 0.616740 -0.773367 -0.146751 0.923611 0.402693
0.148292 3.078393 -0.185952 0.616740 -0.773367 -0.146751 0.923611 0.402693
0.214288 3.078393 -0.103196 0.891215 -0.429186 -0.146751 0.902183 0.402693
0.322485 2.319688 -0.155301 0.889176 -0.428205 -0.161265 0.902183 0.254523
0.237842 3.078393 0.000000 0.989174 0.000000 -0.146751 0.242831 0.685286
0.214288 3.078393 -0.103196 0.891215 -0.429186 -0.146751 0.257117 0.685286
0.151805 3.580789 -0.073105 0.892506 -0.429808 -0.136743 0.257117 0.797416
0.151805 3.580789 -0.073105 0.892506 -0.429808 -0.136743 0.257117 0.797416
0.168491 3.580789 0.000000 0.990607 -0.000000 -0.136743 0.242831 0.797416
0.237842 3.078393 0.000000 0.989174 0.000000 -0.146751 0.242831 0.685286
0.214288 3.078393 0.103196 0.891214 0.429186 -0.146751 0.228545 0.685286
0.237842 3.078393 0.000000 0.989174 0.000000 -0.146751 0.242831 0.685286
0.168491 3.580789 0.000000 0.990607 -0.000000 -0.136743 0.242831 0.797416
0.168491 3.580789 0.000000 0.990607 -0.000000 -0.136743 0.242831 0.797416
0.151805 3.580789 0.073106 0.892506 0.429808 -0.136743 0.228545 0.797416
0.214288 3.078393 0.103196 0.891214 0.429186 -0.146751 0.228545 0.685286
0.148292 3.078393 0.185952 0.616739 0.773367 -0.146751 0.214260 0.685286
0.214288 3.078393 0.103196 0.891214 0.429186 -0.146751 0.228545 0.685286
0.151805 3.580789 0.073106 0.892506 0.429808 -0.136743 0.228545 0.797416
0.151805 3.580789 0.073106 0.892506 0.429808 -0.136743 0.228545 0.797416
0.105053 3.580789 0.131732 0.617633 0.774487 -0.136743 0.214260 0.797416
0.148292 3.078393 0.185952 0.616739 0.773367 -0.146751 0.214260 0.685286
0.053073 3.078393 0.231807 0.220215 0.964360 -0.146683 0.199996 0.685286
0.148292 3.078393 0.185952 0.616739 0.773367 -0.146751 0.214260 0.685286
0.105053 3.580789 0.131732 0.617633 0.774487 -0.136743 0.214260 0.797416
0.105053 3.580789 0.131732 0.617633 0.774487 -0.136743 0.214260 0.797416
0.037493 3.580789 0.164267 0.220401 0.965784 -0.136691 0.199974 0.797416
0.053073 3.078393 0.231807 0.220215 0.964360 -0.146683 0.199996 0.685286
-0.053027 3.078393 0.231829 -0.148003 0.977620 -0.149511 0.185674 0.685286
0.053073 3.078393 0.231807 0.220215 0.964360 -0.146683 0.199996 0.685286
0.037493 3.580789 0.164267 0.220401 0.965784 -0.136691 0.199974 0.797416
0.037493 3.580789 0.164267 0.220401 0.965784 -0.136691 0.199974 0.797416
-0.037493 3.580789 0.164267 -0.000000 0.991078 -0.133281 0.185688 0.797416
-0.053027 3.078393 0.231829 -0.148003 0.977620 -0.149511 0.185674 0.685286
-0.214288 3.078393 0.103196 -0.891215 0.429186 -0.146751 0.157117 0.685286
-0.148292 3.078393 0.185952 -0.671937 0.725344 -0.149590 0.171403 0.685286
-0.105053 3.580789 0.131732 -0.774846 0.617919 -0.133376 0.171403 0.797416
-0.105053 3.580789 0.131732 -0.774846 0.617919 -0.133376 0.171403 0.797416
-0.151805 3.580789 0.073106 -0.892506 0.429808 -0.136743 0.157117 0.797416
-0.214288 3.078393 0.103196 -0.891215 0.429186 -0.146751 0.157117 0.685286
-0.237842 3.078393 0.000000 -0.989174 -0.000000 -0.146751 0.142831 0.685286
-0.214288 3.078393 0.103196 -0.891215 0.429186 -0.146751 0.157117 0.685286
-0.151805 3.580789 0.073106 -0.892506 0.429808 -0.136743 0.157117 0.797416
-0.151805 3.580789 0.073106 -0.892506 0.429808 -0.136743 0.157117 0.797416
-0.168491 3.580789 0.000000 -0.990607 -0.000000 -0.136743 0.142831 0.797416
-0.237842 3.078393 0.000000 -0.989174 -0.000000 -0.146751 0.142831 0.685286
-0.214288 3.078393 -0.103196 -0.891214 -0.429186 -0.146751 0.128545 0.685286
-0.237842 3.078393 0.000000 -0.989174 -0.000000 -0.146751 0.142831 0.685286
-0.168491 3.580789 0.000000 -0.990607 -0.000000 -0.136743 0.142831 0.797416
-0.168491 3.580789 0.000000 -0.990607 -0.000000 -0.136743 0.142831 0.797416
-0.151805 3.580789 -0.073106 -0.892506 -0.429808 -0.136743 0.128545 0.797416
-0.214288 3.078393 -0.103196 -0.891214 -0.429186 -0.146751 0.128545 0.685286
-0.148292 3.078393 -0.185952 -0.616740 -0.773367 -0.146751 0.114260 0.685286
-0.214288 3.078393 -0.103196 -0.891214 -0.429186 -0.146751 0.128545 0.685286
-0.151805 3.580789 -0.073106 -0.892506 -0.429808 -0.136743 0.128545 0.797416
-0.151805 3.580789 -0.073106 -0.892506 -0.429808 -0.136743 0.128545 0.797416
-0.105053 3.580789 -0.131732 -0.617633 -0.774487 -0.136743 0.114260 0.797416
-0.148292 3.078393 -0.185952 -0.616740 -0.773367 -0.146751 0.114260 0.685286
-0.053027 3.078393 -0.231829 -0.220003 -0.964407 -0.146690 0.099989 0.685286
-0.148292 3.078393 -0.185952 -0.616740 -0.773367 -0.146751 0.114260 0.685286
-0.105053 3.580789 -0.131732 -0.617633 -0.774487 -0.136743 0.114260 0.797416
-0.105053 3.580789 -0.131732 -0.617633 -0.774487 -0.136743 0.114260 0.797416
-0.037493 3.580789 -0.164267 -0.220388 -0.965789 -0.136675 0.099974 0.797416
-0.053027 3.078393 -0.231829 -0.220003 -0.964407 -0.146690 0.099989 0.685286
0.053073 3.078393 -0.231807 0.220205 -0.964362 -0.146682 0.085667 0.685286
-0.053027 3.078393 -0.231829 -0.220003 -0.964407 -0.146690 0.099989 0.685286
-0.037493 3.580789 -0.164267 -0.220388 -0.965789 -0.136675 0.099974 0.797416
-0.037493 3.580789 -0.164267 -0.220388 -0.965789 -0.136675 0.099974 0.797416
0.037493 3.580789 -0.164267 0.220388 -0.965790 -0.136672 0.085688 0.797416
0.053073 3.078393 -0.231807 0.220205 -0.964362 -0.146682 0.085667 0.685286
0.148292 3.078393 -0.185952 0.616740 -0.773367 -0.146751 0.271402 0.685286
0.053073 3.078393 -0.231807 0.220205 -0.964362 -0.146682 0.285667 0.685286
0.037493 3.580789 -0.164267 0.220388 -0.965790 -0.136672 0.285688 0.797416
0.037493 3.580789 -0.164267 0.220388 -0.965790 -0.136672 0.285688 0.797416
0.105053 3.580789 -0.131732 0.617633 -0.774487 -0.136743 0.271402 0.797416
0.148292 3.078393 -0.185952 0.616740 -0.773367 -0.146751 0.271402 0.685286
0.214288 3.078393 -0.103196 0.891215 -0.429186 -0.146751 0.257117 0.685286
0.148292 3.078393 -0.185952 0.616740 -0.773367 -0.146751 0.271402 0.685286
0.105053 3.580789 -0.131732 0.617633 -0.774487 -0.136743 0.271402 0.797416
0.105053 3.580789 -0.131732 0.617633 -0.774487 -0.136743 0.271402 0.797416
0.151805 3.580789 -0.073105 0.892506 -0.429808 -0.136743 0.257117 0.797416
0.214288 3.078393 -0.103196 0.891215 -0.429186 -0.146751 0.257117 0.685286
0.450669 0.151658 0.565121 0.000000 -0.000000 -1.000000 0.135569 0.138648
0.162028 0.151658 0.704123 0.000000 -0.000000 -1.000000 0.128490 0.138467
0.821508 0.151658 0.854500 0.000000 -0.000000 -1.000000 0.138761 0.138467
0.821508 0.151658 0.854500 0.000000 -0.000000 -1.000000 0.138761 0.138467
0.162028 0.151658 0.704123 0.000000 -0.000000 -1.000000 0.128490 0.138467
0.163215 0.151658 0.854500 0.000000 -0.000000 -1.000000 0.127778 0.138467
-0.037493 3.580789 0.164267 -0.430007 0.892919 -0.133376 0.315822 0.753568
-0.105053 3.580789 0.131732 -0.430007 0.892919 -0.133376 0.316394 0.753568
-0.148292 3.078393 0.185952 -0.430007 0.892919 -0.133376 0.292305 0.706201
-0.037493 3.580789 0.164267 -0.430007 0.892919 -0.133376 0.315822 0.753568
-0.148292 3.078393 0.185952 -0.430007 0.892919 -0.133376 0.292305 0.706201
-0.053027 3.078393 0.231829 -0.430007 0.892919 -0.133376 0.291449 0.706201
Box
2
-0.989748 -1.02274
0.989748 1.02274
End