object_road_4
1116
20.999996 15.004943 -9.378564 0.000000 -1.000000 0.000000 0.044136 0.975944
101.117508 15.004943 -9.378576 0.000000 -1.000000 0.000000 0.608102 0.975944
101.117516 15.004944 9.378562 0.000000 -1.000000 0.000000 0.608102 0.017077
101.117516 15.004944 9.378562 0.000000 -1.000000 0.000000 0.608102 0.017077
21.000000 15.004944 9.378579 0.000000 -1.000000 0.000000 0.044136 0.017077
20.999996 15.004943 -9.378564 0.000000 -1.000000 0.000000 0.044136 0.975944
20.999996 17.163797 -9.378564 0.000000 1.000000 -0.000000 0.997380 0.996538
21.000000 17.163799 9.378579 0.000000 1.000000 -0.000000 0.666728 0.996052
101.117516 17.163799 9.378562 0.000000 1.000000 -0.000000 0.666623 0.003692
101.117516 17.163799 9.378562 0.000000 1.000000 -0.000000 0.666623 0.003692
101.117508 17.163797 -9.378576 0.000000 1.000000 -0.000000 0.997288 0.003685
20.999996 17.163797 -9.378564 0.000000 1.000000 -0.000000 0.997380 0.996538
20.999996 15.004943 -9.378564 0.000000 0.000000 1.000000 0.602018 0.639115
21.000000 15.004944 9.378579 0.000000 0.000000 1.000000 0.049700 0.639573
21.000000 17.163799 9.378579 0.000000 0.000000 1.000000 0.049708 0.819425
21.000000 17.163799 9.378579 0.000000 0.000000 1.000000 0.049708 0.819425
20.999996 17.163797 -9.378564 0.000000 0.000000 1.000000 0.602026 0.818967
20.999996 15.004943 -9.378564 0.000000 0.000000 1.000000 0.602018 0.639115
21.011803 15.453485 9.689408 1.000000 -0.000000 -0.000000 0.044223 0.676945
101.120522 15.453485 9.689393 1.000000 -0.000000 -0.000000 0.608124 0.676945
101.120522 16.715258 9.689393 1.000000 -0.000000 -0.000000 0.608124 0.782062
101.120522 16.715258 9.689393 1.000000 -0.000000 -0.000000 0.608124 0.782062
21.011803 16.715258 9.689408 1.000000 -0.000000 -0.000000 0.044223 0.782062
21.011803 15.453485 9.689408 1.000000 -0.000000 -0.000000 0.044223 0.676945
101.117516 15.004944 9.378562 0.000000 -0.000000 -1.000000 0.049700 0.639573
101.117508 15.004943 -9.378576 0.000000 -0.000000 -1.000000 0.602018 0.639115
101.117508 17.163797 -9.378576 0.000000 -0.000000 -1.000000 0.602026 0.818967
101.117508 17.163797 -9.378576 0.000000 -0.000000 -1.000000 0.602026 0.818967
101.117516 17.163799 9.378562 0.000000 -0.000000 -1.000000 0.049708 0.819425
101.117516 15.004944 9.378562 0.000000 -0.000000 -1.000000 0.049700 0.639573
101.120514 15.453485 -9.689409 -1.000000 0.000000 -0.000000 0.608124 0.676477
21.011795 15.453485 -9.689394 -1.000000 0.000000 -0.000000 0.044223 0.676477
21.011795 16.715256 -9.689394 -1.000000 0.000000 -0.000000 0.044223 0.781594
21.011795 16.715256 -9.689394 -1.000000 0.000000 -0.000000 0.044223 0.781594
101.120514 16.715256 -9.689409 -1.000000 0.000000 0.000000 0.608124 0.781594
101.120514 15.453485 -9.689409 -1.000000 0.000000 -0.000000 0.608124 0.676477
21.000000 15.004944 9.378579 1.000000 -0.000000 -0.000000 0.044136 0.639573
101.117516 15.004944 9.378562 1.000000 -0.000000 -0.000000 0.608102 0.639573
101.120522 15.453485 9.378562 1.000000 -0.000000 -0.000000 0.608124 0.676940
101.120522 15.453485 9.378562 1.000000 -0.000000 -0.000000 0.608124 0.676940
21.011803 15.453485 9.378579 1.000000 -0.000000 -0.000000 0.044223 0.676940
21.000000 15.004944 9.378579 1.000000 -0.000000 -0.000000 0.044136 0.639573
101.117516 15.004944 9.378562 -1.000000 0.000000 -0.000000 0.608102 0.639573
101.117516 17.163799 9.378562 -1.000000 0.000000 -0.000000 0.608102 0.819425
101.120522 16.715258 9.378562 -1.000000 0.000000 -0.000000 0.608124 0.782057
101.120522 16.715258 9.378562 -1.000000 0.000000 0.000000 0.608124 0.782057
101.120522 15.453485 9.378562 -1.000000 0.000000 0.000000 0.608124 0.676940
101.117516 15.004944 9.378562 -1.000000 0.000000 0.000000 0.608102 0.639573
101.117516 17.163799 9.378562 1.000000 0.000000 -0.000000 0.608102 0.819425
21.000000 17.163799 9.378579 1.000000 0.000000 -0.000000 0.044136 0.819425
21.011803 16.715258 9.378579 1.000000 0.000000 -0.000000 0.044223 0.782057
21.011803 16.715258 9.378579 1.000000 0.000000 -0.000000 0.044223 0.782057
101.120522 16.715258 9.378562 1.000000 0.000000 -0.000000 0.608124 0.782057
101.117516 17.163799 9.378562 1.000000 0.000000 -0.000000 0.608102 0.819425
21.000000 17.163799 9.378579 1.000000 0.000000 0.000000 0.044136 0.819425
21.000000 15.004944 9.378579 1.000000 0.000000 0.000000 0.044136 0.639573
21.011803 15.453485 9.378579 1.000000 0.000000 0.000000 0.044223 0.676940
21.011803 15.453485 9.378579 1.000000 0.000000 0.000000 0.044223 0.676940
21.011803 16.715258 9.378579 1.000000 0.000000 0.000000 0.044223 0.782057
21.000000 17.163799 9.378579 1.000000 0.000000 0.000000 0.044136 0.819425
101.117508 15.004943 -9.378576 -1.000000 -0.000000 -0.000000 0.608102 0.639115
20.999996 15.004943 -9.378564 -1.000000 -0.000000 -0.000000 0.044136 0.639115
21.011795 15.453485 -9.378564 -1.000000 -0.000000 -0.000000 0.044223 0.676482
21.011795 15.453485 -9.378564 -1.000000 -0.000000 -0.000000 0.044223 0.676482
101.120514 15.453485 -9.378576 -1.000000 -0.000000 -0.000000 0.608124 0.676482
101.117508 15.004943 -9.378576 -1.000000 -0.000000 -0.000000 0.608102 0.639115
20.999996 15.004943 -9.378564 -1.000000 0.000000 -0.000000 0.044136 0.639115
20.999996 17.163797 -9.378564 -1.000000 0.000000 -0.000000 0.044136 0.818967
21.011795 16.715256 -9.378564 -1.000000 0.000000 -0.000000 0.044223 0.781599
21.011795 16.715256 -9.378564 -1.000000 0.000000 0.000000 0.044223 0.781599
21.011795 15.453485 -9.378564 -1.000000 0.000000 0.000000 0.044223 0.676482
20.999996 15.004943 -9.378564 -1.000000 0.000000 0.000000 0.044136 0.639115
20.999996 17.163797 -9.378564 -1.000000 0.000000 -0.000000 0.044136 0.818967
101.117508 17.163797 -9.378576 -1.000000 0.000000 -0.000000 0.608102 0.818967
101.120514 16.715256 -9.378576 -1.000000 0.000000 -0.000000 0.608124 0.781599
101.120514 16.715256 -9.378576 -1.000000 0.000000 -0.000000 0.608124 0.781599
21.011795 16.715256 -9.378564 -1.000000 0.000000 -0.000000 0.044223 0.781599
20.999996 17.163797 -9.378564 -1.000000 0.000000 -0.000000 0.044136 0.818967
101.117508 17.163797 -9.378576 1.000000 0.000000 0.000000 0.608102 0.818967
101.117508 15.004943 -9.378576 1.000000 0.000000 0.000000 0.608102 0.639115
101.120514 15.453485 -9.378576 1.000000 0.000000 0.000000 0.608124 0.676482
101.120514 15.453485 -9.378576 1.000000 0.000000 0.000000 0.608124 0.676482
101.120514 16.715256 -9.378576 1.000000 0.000000 0.000000 0.608124 0.781599
101.117508 17.163797 -9.378576 1.000000 0.000000 0.000000 0.608102 0.818967
21.011803 15.453485 9.378579 0.000000 -1.000000 0.000000 0.044223 0.017080
101.120522 15.453485 9.378562 0.000000 -1.000000 0.000000 0.608124 0.017080
101.120522 15.453485 9.689393 0.000000 -1.000000 0.000000 0.608124 0.006490
101.120522 15.453485 9.689393 0.000000 -1.000000 0.000000 0.608124 0.006490
21.011803 15.453485 9.689408 0.000000 -1.000000 0.000000 0.044223 0.006489
21.011803 15.453485 9.378579 0.000000 -1.000000 0.000000 0.044223 0.017080
101.120522 15.453485 9.378562 0.000000 -0.000000 -1.000000 0.049701 0.676940
101.120522 16.715258 9.378562 0.000000 -0.000000 -1.000000 0.049706 0.782057
101.120522 16.715258 9.689393 0.000000 -0.000000 -1.000000 0.043606 0.782062
101.120522 16.715258 9.689393 0.000000 -0.000000 -1.000000 0.043606 0.782062
101.120522 15.453485 9.689393 0.000000 -0.000000 -1.000000 0.043601 0.676945
101.120522 15.453485 9.378562 0.000000 -0.000000 -1.000000 0.049701 0.676940
101.120522 16.715258 9.378562 0.000000 1.000000 -0.000000 0.608124 0.017088
21.011803 16.715258 9.378579 0.000000 1.000000 -0.000000 0.044223 0.017088
21.011803 16.715258 9.689408 0.000000 1.000000 -0.000000 0.044223 0.006498
21.011803 16.715258 9.689408 0.000000 1.000000 -0.000000 0.044223 0.006498
101.120522 16.715258 9.689393 0.000000 1.000000 -0.000000 0.608124 0.006498
101.120522 16.715258 9.378562 0.000000 1.000000 -0.000000 0.608124 0.017088
21.011803 16.715258 9.378579 0.000000 0.000000 1.000000 0.049706 0.782057
21.011803 15.453485 9.378579 0.000000 0.000000 1.000000 0.049701 0.676940
21.011803 15.453485 9.689408 0.000000 0.000000 1.000000 0.043601 0.676945
21.011803 15.453485 9.689408 -0.000000 0.000000 1.000000 0.043601 0.676945
21.011803 16.715258 9.689408 -0.000000 0.000000 1.000000 0.043606 0.782062
21.011803 16.715258 9.378579 -0.000000 0.000000 1.000000 0.049706 0.782057
101.120514 15.453485 -9.378576 0.000000 -1.000000 0.000000 0.608124 0.975947
21.011795 15.453485 -9.378564 0.000000 -1.000000 0.000000 0.044223 0.975947
21.011795 15.453485 -9.689394 0.000000 -1.000000 0.000000 0.044223 0.986537
21.011795 15.453485 -9.689394 0.000000 -1.000000 0.000000 0.044223 0.986537
101.120514 15.453485 -9.689409 0.000000 -1.000000 0.000000 0.608124 0.986537
101.120514 15.453485 -9.378576 0.000000 -1.000000 0.000000 0.608124 0.975947
21.011795 15.453485 -9.378564 -0.000000 0.000000 1.000000 0.602020 0.676482
21.011795 16.715256 -9.378564 -0.000000 0.000000 1.000000 0.602025 0.781599
21.011795 16.715256 -9.689394 -0.000000 0.000000 1.000000 0.608124 0.781594
21.011795 16.715256 -9.689394 0.000000 0.000000 1.000000 0.608124 0.781594
21.011795 15.453485 -9.689394 0.000000 0.000000 1.000000 0.608120 0.676477
21.011795 15.453485 -9.378564 0.000000 0.000000 1.000000 0.602020 0.676482
21.011795 16.715256 -9.378564 0.000000 1.000000 -0.000000 0.044223 0.975955
101.120514 16.715256 -9.378576 0.000000 1.000000 -0.000000 0.608124 0.975955
101.120514 16.715256 -9.689409 0.000000 1.000000 -0.000000 0.608124 0.986545
101.120514 16.715256 -9.689409 0.000000 1.000000 -0.000000 0.608124 0.986545
21.011795 16.715256 -9.689394 0.000000 1.000000 -0.000000 0.044223 0.986545
21.011795 16.715256 -9.378564 0.000000 1.000000 -0.000000 0.044223 0.975955
101.120514 16.715256 -9.378576 0.000000 -0.000000 -1.000000 0.602025 0.781599
101.120514 15.453485 -9.378576 0.000000 -0.000000 -1.000000 0.602020 0.676482
101.120514 15.453485 -9.689409 0.000000 -0.000000 -1.000000 0.608120 0.676477
101.120514 15.453485 -9.689409 0.000000 -0.000000 -1.000000 0.608120 0.676477
101.120514 16.715256 -9.689409 0.000000 -0.000000 -1.000000 0.608125 0.781594
101.120514 16.715256 -9.378576 0.000000 -0.000000 -1.000000 0.602025 0.781599
50.943268 14.447901 -8.842223 0.000001 -0.000001 -1.000000 0.591490 0.592717
50.943268 15.005319 -8.860095 0.000001 -0.000000 -1.000000 0.591843 0.639154
50.943268 15.005319 -5.226440 0.000000 -0.000001 -1.000000 0.520533 0.639214
50.943268 14.447901 -5.231157 0.000000 -0.000000 -1.000000 0.520623 0.592776
50.943268 14.090014 -6.175926 0.000000 0.000000 -1.000000 0.539163 0.562945
50.943268 14.090014 -7.913567 -0.422223 -0.289779 -0.858927 0.573264 0.562917
50.943268 15.005319 -5.226440 0.000000 -0.000001 -1.000000 0.520533 0.639214
50.943268 14.447901 -5.231157 0.000000 -0.000000 -1.000000 0.520623 0.592776
50.943268 14.090014 -7.913567 -0.422223 -0.289779 -0.858927 0.573264 0.562917
50.943268 14.447901 -8.842223 0.000001 -0.000001 -1.000000 0.591490 0.592717
50.943268 15.005319 -5.226440 0.000000 -0.000001 -1.000000 0.520533 0.639214
50.943268 14.090014 -7.913567 -0.422223 -0.289779 -0.858927 0.573264 0.562917
49.516571 14.090014 -6.175925 0.822874 -0.568224 -0.000000 0.421862 0.562945
49.516567 -0.000003 -6.175924 1.000000 -0.000000 -0.000001 0.421862 0.008402
50.943268 -0.000003 -6.175926 1.000000 -0.000000 -0.000001 0.432381 0.008402
50.943268 -0.000003 -6.175926 1.000000 -0.000000 -0.000001 0.432381 0.008402
50.943268 14.090014 -6.175926 0.822874 -0.568224 -0.000000 0.432381 0.562945
49.516571 14.090014 -6.175925 0.822874 -0.568224 -0.000000 0.421862 0.562945
50.943268 14.447901 -5.231157 0.820463 -0.571700 -0.000000 0.432381 0.834636
49.516571 14.447901 -5.231157 0.820463 -0.571700 0.000000 0.421862 0.834636
49.516571 14.090014 -6.175925 0.822874 -0.568224 -0.000000 0.421862 0.866822
49.516571 14.090014 -6.175925 0.822874 -0.568224 -0.000000 0.421862 0.866822
50.943268 14.090014 -6.175926 0.822874 -0.568224 -0.000000 0.432381 0.866822
50.943268 14.447901 -5.231157 0.820463 -0.571700 -0.000000 0.432381 0.834636
49.516571 14.090014 -7.913568 0.000000 0.000000 1.000000 0.573264 0.562917
49.516567 -0.000003 -7.913567 0.000000 0.000000 1.000000 0.573238 0.008373
49.516567 -0.000003 -6.175924 0.000000 0.000000 1.000000 0.539137 0.008402
49.516567 -0.000003 -6.175924 0.000000 0.000000 1.000000 0.539137 0.008402
49.516571 14.090014 -6.175925 0.000000 0.000000 1.000000 0.539163 0.562945
49.516571 14.090014 -7.913568 0.000000 0.000000 1.000000 0.573264 0.562917
49.516571 14.447901 -5.231157 0.000000 0.000000 1.000000 0.520623 0.592776
49.516571 15.005319 -5.226440 0.000000 0.000000 1.000000 0.520533 0.639214
49.516567 15.005319 -8.860095 0.000000 0.000000 1.000000 0.591843 0.639154
49.516567 14.447901 -8.842222 0.000000 0.000000 1.000000 0.591490 0.592717
49.516571 14.090014 -7.913568 0.000000 0.000000 1.000000 0.573264 0.562917
49.516571 14.090014 -6.175925 0.000000 0.000000 1.000000 0.539163 0.562945
49.516567 15.005319 -8.860095 0.000000 0.000000 1.000000 0.591843 0.639154
49.516567 14.447901 -8.842222 0.000000 0.000000 1.000000 0.591490 0.592717
49.516571 14.090014 -6.175925 0.000000 0.000000 1.000000 0.539163 0.562945
49.516571 14.447901 -5.231157 0.000000 0.000000 1.000000 0.520623 0.592776
49.516567 15.005319 -8.860095 0.000000 0.000000 1.000000 0.591843 0.639154
49.516571 14.090014 -6.175925 0.000000 0.000000 1.000000 0.539163 0.562945
50.943268 14.090014 -6.175926 0.000000 0.000000 -1.000000 0.539163 0.562945
50.943268 -0.000003 -6.175926 0.000000 0.000000 -1.000000 0.539137 0.008402
50.943268 -0.000003 -7.913567 -0.707106 0.000000 -0.707107 0.573238 0.008373
50.943268 -0.000003 -7.913567 -0.707106 0.000000 -0.707107 0.573238 0.008373
49.516567 -0.000003 -7.913567 -1.000000 -0.000000 -0.000001 0.573238 0.008373
49.516571 14.090014 -7.913568 -0.824500 -0.565862 -0.000000 0.573264 0.562917
50.943268 -0.000003 -7.913567 -0.707106 0.000000 -0.707107 0.573238 0.008373
49.516571 14.090014 -7.913568 -0.824500 -0.565862 -0.000000 0.573264 0.562917
50.943268 14.090014 -7.913567 -0.422223 -0.289779 -0.858927 0.573264 0.562917
50.943268 14.090014 -6.175926 0.000000 0.000000 -1.000000 0.539163 0.562945
50.943268 -0.000003 -7.913567 -0.707106 0.000000 -0.707107 0.573238 0.008373
50.943268 14.090014 -7.913567 -0.422223 -0.289779 -0.858927 0.573264 0.562917
49.516567 14.447901 -8.842222 -0.815326 -0.579002 -0.000000 0.421862 0.957666
50.943268 14.447901 -8.842223 -0.815327 -0.579001 0.000000 0.432381 0.957666
50.943268 14.090014 -7.913567 -0.422223 -0.289779 -0.858927 0.432381 0.926024
50.943268 14.090014 -7.913567 -0.422223 -0.289779 -0.858927 0.432381 0.926024
49.516571 14.090014 -7.913568 -0.824500 -0.565862 -0.000000 0.421862 0.926024
49.516567 14.447901 -8.842222 -0.815326 -0.579002 -0.000000 0.421862 0.957666
49.516567 14.447901 -8.842222 -0.815326 -0.579002 -0.000000 0.421862 0.592717
49.516567 15.005319 -8.860095 -0.999486 -0.032047 0.000000 0.421862 0.639154
50.943268 15.005319 -8.860095 -0.999486 -0.032047 0.000000 0.432381 0.639154
50.943268 15.005319 -8.860095 -0.999486 -0.032047 0.000000 0.432381 0.639154
50.943268 14.447901 -8.842223 -0.815327 -0.579001 0.000000 0.432381 0.592717
49.516567 14.447901 -8.842222 -0.815326 -0.579002 -0.000000 0.421862 0.592717
50.943268 14.447901 -5.231157 0.820463 -0.571700 -0.000000 0.432381 0.592776
50.943268 15.005319 -5.226440 0.999964 -0.008461 0.000000 0.432381 0.639214
49.516571 15.005319 -5.226440 0.999964 -0.008461 0.000000 0.421862 0.639214
49.516571 15.005319 -5.226440 0.999964 -0.008461 0.000000 0.421862 0.639214
49.516571 14.447901 -5.231157 0.820463 -0.571700 0.000000 0.421862 0.592776
50.943268 14.447901 -5.231157 0.820463 -0.571700 -0.000000 0.432381 0.592776
49.516567 15.005319 8.644896 0.000000 1.000000 -0.000000 0.421862 0.042073
50.943268 15.005319 8.644900 0.000000 1.000000 -0.000000 0.432381 0.042073
50.943268 15.005319 5.011246 0.000000 1.000000 -0.000000 0.432381 0.165873
50.943268 15.005319 5.011246 0.000000 1.000000 -0.000000 0.432381 0.165873
49.516571 15.005319 5.011246 0.000000 1.000000 -0.000000 0.421862 0.165873
49.516567 15.005319 8.644896 0.000000 1.000000 -0.000000 0.421862 0.042073
50.943268 14.090015 7.695411 -0.000000 0.000000 -1.000000 0.082728 0.563323
50.943272 -0.000002 7.695412 -0.000000 0.000000 -1.000000 0.082702 0.008780
50.943272 -0.000002 5.957770 -0.000000 0.000000 -1.000000 0.116804 0.008752
50.943272 -0.000002 5.957770 -0.000000 0.000000 -1.000000 0.116804 0.008752
50.943268 14.090015 5.957769 0.000000 0.000000 -1.000000 0.116829 0.563295
50.943268 14.090015 7.695411 -0.000000 0.000000 -1.000000 0.082728 0.563323
50.943268 14.447902 5.029116 0.000000 -0.000000 -1.000000 0.135055 0.593095
50.943268 15.005319 5.011246 0.000000 -0.000000 -1.000000 0.135408 0.639533
50.943268 15.005319 8.644900 0.000000 -0.000000 -1.000000 0.064098 0.639592
50.943268 14.447902 8.640181 0.000000 -0.000000 -1.000000 0.064188 0.593154
50.943268 14.090015 7.695411 -0.000000 0.000000 -1.000000 0.082728 0.563323
50.943268 14.090015 5.957769 0.000000 0.000000 -1.000000 0.116829 0.563295
50.943268 15.005319 8.644900 0.000000 -0.000000 -1.000000 0.064098 0.639592
50.943268 14.447902 8.640181 0.000000 -0.000000 -1.000000 0.064188 0.593154
50.943268 14.090015 5.957769 0.000000 0.000000 -1.000000 0.116829 0.563295
50.943268 14.447902 5.029116 0.000000 -0.000000 -1.000000 0.135055 0.593095
50.943268 15.005319 8.644900 0.000000 -0.000000 -1.000000 0.064098 0.639592
50.943268 14.090015 5.957769 0.000000 0.000000 -1.000000 0.116829 0.563295
49.516571 14.090015 7.695411 0.822874 -0.568224 0.000000 0.421862 0.563323
49.516567 -0.000002 7.695412 1.000000 0.000000 0.000000 0.421862 0.008780
50.943272 -0.000002 7.695412 1.000000 0.000000 0.000000 0.432381 0.008780
50.943272 -0.000002 7.695412 1.000000 0.000000 0.000000 0.432381 0.008780
50.943268 14.090015 7.695411 0.822874 -0.568224 0.000000 0.432381 0.563323
49.516571 14.090015 7.695411 0.822874 -0.568224 0.000000 0.421862 0.563323
50.943268 14.447902 8.640181 0.820462 -0.571701 0.000002 0.432381 0.042230
49.516567 14.447902 8.640180 0.820463 -0.571699 0.000001 0.421862 0.042230
49.516571 14.090015 7.695411 0.822874 -0.568224 0.000000 0.421862 0.074416
49.516571 14.090015 7.695411 0.822874 -0.568224 0.000000 0.421862 0.074416
50.943268 14.090015 7.695411 0.822874 -0.568224 0.000000 0.432381 0.074416
50.943268 14.447902 8.640181 0.820462 -0.571701 0.000002 0.432381 0.042230
49.516571 14.090015 5.957769 0.000000 0.000000 1.000000 0.116829 0.563295
49.516567 -0.000002 5.957770 0.000000 0.000000 1.000000 0.116804 0.008752
49.516567 -0.000002 7.695412 0.000000 0.000000 1.000000 0.082702 0.008780
49.516567 -0.000002 7.695412 0.000000 0.000000 1.000000 0.082702 0.008780
49.516571 14.090015 7.695411 -0.000001 -0.000002 1.000000 0.082728 0.563323
49.516571 14.090015 5.957769 0.000000 0.000000 1.000000 0.116829 0.563295
49.516567 14.447902 8.640180 -0.000001 -0.000001 1.000000 0.064188 0.593154
49.516567 15.005319 8.644896 -0.000001 0.000000 1.000000 0.064098 0.639592
49.516571 15.005319 5.011246 -0.000000 -0.000000 1.000000 0.135408 0.639533
49.516571 14.447902 5.029116 0.000000 0.000000 1.000000 0.135055 0.593095
49.516571 14.090015 5.957769 0.000000 0.000000 1.000000 0.116829 0.563295
49.516571 14.090015 7.695411 -0.000001 -0.000002 1.000000 0.082728 0.563323
49.516571 15.005319 5.011246 -0.000000 -0.000000 1.000000 0.135408 0.639533
49.516571 14.447902 5.029116 0.000000 0.000000 1.000000 0.135055 0.593095
49.516571 14.090015 7.695411 -0.000001 -0.000002 1.000000 0.082728 0.563323
49.516567 14.447902 8.640180 -0.000001 -0.000001 1.000000 0.064188 0.593154
49.516571 15.005319 5.011246 -0.000000 -0.000000 1.000000 0.135408 0.639533
49.516571 14.090015 7.695411 -0.000001 -0.000002 1.000000 0.082728 0.563323
50.943268 14.090015 5.957769 -0.824500 -0.565862 0.000000 0.432381 0.563295
50.943272 -0.000002 5.957770 -1.000000 0.000000 -0.000000 0.432381 0.008752
49.516567 -0.000002 5.957770 -1.000000 0.000000 -0.000000 0.421862 0.008752
49.516567 -0.000002 5.957770 -1.000000 0.000000 -0.000000 0.421862 0.008752
49.516571 14.090015 5.957769 -0.824500 -0.565861 0.000000 0.421862 0.563295
50.943268 14.090015 5.957769 -0.824500 -0.565862 0.000000 0.432381 0.563295
49.516571 14.447902 5.029116 -0.815328 -0.579000 0.000000 0.421862 0.165261
50.943268 14.447902 5.029116 -0.815328 -0.579000 0.000000 0.432381 0.165261
50.943268 14.090015 5.957769 -0.824500 -0.565862 0.000000 0.432381 0.133619
50.943268 14.090015 5.957769 -0.824500 -0.565862 0.000000 0.432381 0.133619
49.516571 14.090015 5.957769 -0.824500 -0.565861 0.000000 0.421862 0.133619
49.516571 14.447902 5.029116 -0.815328 -0.579000 0.000000 0.421862 0.165261
49.516571 14.447902 5.029116 -0.815328 -0.579000 0.000000 0.421862 0.593095
49.516571 15.005319 5.011246 -0.999487 -0.032041 0.000000 0.421862 0.639533
50.943268 15.005319 5.011246 -0.999487 -0.032041 0.000000 0.432381 0.639533
50.943268 15.005319 5.011246 -0.999487 -0.032041 0.000000 0.432381 0.639533
50.943268 14.447902 5.029116 -0.815328 -0.579000 0.000000 0.432381 0.593095
49.516571 14.447902 5.029116 -0.815328 -0.579000 0.000000 0.421862 0.593095
50.943268 14.447902 8.640181 0.820462 -0.571701 0.000002 0.432381 0.593154
50.943268 15.005319 8.644900 0.999964 -0.008466 0.000003 0.432381 0.639592
49.516567 15.005319 8.644896 0.999964 -0.008461 0.000002 0.421862 0.639592
49.516567 15.005319 8.644896 0.999964 -0.008461 0.000002 0.421862 0.639592
49.516567 14.447902 8.640180 0.820463 -0.571699 0.000001 0.421862 0.593154
50.943268 14.447902 8.640181 0.820462 -0.571701 0.000002 0.432381 0.593154
27.522060 15.005320 8.644905 0.000000 1.000000 -0.000000 0.216780 0.042073
28.948755 15.005320 8.644905 0.000000 1.000000 -0.000000 0.227299 0.042073
28.948755 15.005320 5.011249 0.000000 1.000000 -0.000000 0.227299 0.165873
28.948755 15.005320 5.011249 0.000000 1.000000 -0.000000 0.227299 0.165873
27.522060 15.005320 5.011249 0.000000 1.000000 -0.000000 0.216780 0.165873
27.522060 15.005320 8.644905 0.000000 1.000000 -0.000000 0.216780 0.042073
28.948755 14.090016 7.695416 0.000000 0.000000 -1.000000 0.082728 0.563323
28.948759 -0.000004 7.695415 0.000000 0.000000 -1.000000 0.082702 0.008780
28.948759 -0.000004 5.957772 0.000000 0.000000 -1.000000 0.116804 0.008752
28.948759 -0.000004 5.957772 0.000000 0.000000 -1.000000 0.116804 0.008752
28.948755 14.090016 5.957773 0.000000 0.000000 -1.000000 0.116829 0.563295
28.948755 14.090016 7.695416 0.000000 0.000000 -1.000000 0.082728 0.563323
28.948755 14.447903 5.029120 0.000000 -0.000000 -1.000000 0.135055 0.593095
28.948755 15.005320 5.011249 0.000000 -0.000000 -1.000000 0.135408 0.639533
28.948755 15.005320 8.644905 0.000000 -0.000000 -1.000000 0.064098 0.639592
28.948755 14.447903 8.640186 0.000000 -0.000000 -1.000000 0.064188 0.593154
28.948755 14.090016 7.695416 0.000000 0.000000 -1.000000 0.082728 0.563323
28.948755 14.090016 5.957773 0.000000 0.000000 -1.000000 0.116829 0.563295
28.948755 15.005320 8.644905 0.000000 -0.000000 -1.000000 0.064098 0.639592
28.948755 14.447903 8.640186 0.000000 -0.000000 -1.000000 0.064188 0.593154
28.948755 14.090016 5.957773 0.000000 0.000000 -1.000000 0.116829 0.563295
28.948755 14.447903 5.029120 0.000000 -0.000000 -1.000000 0.135055 0.593095
28.948755 15.005320 8.644905 0.000000 -0.000000 -1.000000 0.064098 0.639592
28.948755 14.090016 5.957773 0.000000 0.000000 -1.000000 0.116829 0.563295
27.522060 14.090016 7.695416 0.822874 -0.568224 0.000000 0.216780 0.563323
27.522064 -0.000004 7.695415 1.000000 -0.000000 0.000000 0.216780 0.008780
28.948759 -0.000004 7.695415 1.000000 -0.000000 0.000000 0.227299 0.008780
28.948759 -0.000004 7.695415 1.000000 -0.000000 0.000000 0.227299 0.008780
28.948755 14.090016 7.695416 0.822874 -0.568224 0.000000 0.227299 0.563323
27.522060 14.090016 7.695416 0.822874 -0.568224 0.000000 0.216780 0.563323
28.948755 14.447903 8.640186 0.820462 -0.571702 0.000000 0.227299 0.042230
27.522060 14.447903 8.640186 0.820462 -0.571702 0.000000 0.216780 0.042230
27.522060 14.090016 7.695416 0.822874 -0.568224 0.000000 0.216780 0.074416
27.522060 14.090016 7.695416 0.822874 -0.568224 0.000000 0.216780 0.074416
28.948755 14.090016 7.695416 0.822874 -0.568224 0.000000 0.227299 0.074416
28.948755 14.447903 8.640186 0.820462 -0.571702 0.000000 0.227299 0.042230
27.522060 14.090016 5.957773 0.000000 -0.000000 1.000000 0.116829 0.563295
27.522064 -0.000004 5.957772 0.000000 -0.000000 1.000000 0.116804 0.008752
27.522064 -0.000004 7.695415 0.000000 -0.000000 1.000000 0.082702 0.008780
27.522064 -0.000004 7.695415 0.000000 -0.000000 1.000000 0.082702 0.008780
27.522060 14.090016 7.695416 0.000000 -0.000000 1.000000 0.082728 0.563323
27.522060 14.090016 5.957773 0.000000 -0.000000 1.000000 0.116829 0.563295
27.522060 14.447903 8.640186 0.000000 0.000000 1.000000 0.064188 0.593154
27.522060 15.005320 8.644905 0.000000 0.000000 1.000000 0.064098 0.639592
27.522060 15.005320 5.011249 0.000000 0.000000 1.000000 0.135408 0.639533
27.522060 14.447903 5.029120 0.000000 0.000000 1.000000 0.135055 0.593095
27.522060 14.090016 5.957773 0.000000 -0.000000 1.000000 0.116829 0.563295
27.522060 14.090016 7.695416 0.000000 -0.000000 1.000000 0.082728 0.563323
27.522060 15.005320 5.011249 0.000000 0.000000 1.000000 0.135408 0.639533
27.522060 14.447903 5.029120 0.000000 0.000000 1.000000 0.135055 0.593095
27.522060 14.090016 7.695416 0.000000 -0.000000 1.000000 0.082728 0.563323
27.522060 14.447903 8.640186 0.000000 0.000000 1.000000 0.064188 0.593154
27.522060 15.005320 5.011249 0.000000 0.000000 1.000000 0.135408 0.639533
27.522060 14.090016 7.695416 0.000000 -0.000000 1.000000 0.082728 0.563323
28.948755 14.090016 5.957773 -0.824501 -0.565861 0.000000 0.227299 0.563295
28.948759 -0.000004 5.957772 -1.000000 0.000000 -0.000000 0.227299 0.008752
27.522064 -0.000004 5.957772 -1.000000 0.000000 -0.000000 0.216780 0.008752
27.522064 -0.000004 5.957772 -1.000000 0.000000 -0.000000 0.216780 0.008752
27.522060 14.090016 5.957773 -0.824501 -0.565861 0.000000 0.216780 0.563295
28.948755 14.090016 5.957773 -0.824501 -0.565861 0.000000 0.227299 0.563295
27.522060 14.447903 5.029120 -0.815327 -0.579001 0.000000 0.216780 0.165261
28.948755 14.447903 5.029120 -0.815327 -0.579001 0.000000 0.227299 0.165261
28.948755 14.090016 5.957773 -0.824501 -0.565861 0.000000 0.227299 0.133619
28.948755 14.090016 5.957773 -0.824501 -0.565861 0.000000 0.227299 0.133619
27.522060 14.090016 5.957773 -0.824501 -0.565861 0.000000 0.216780 0.133619
27.522060 14.447903 5.029120 -0.815327 -0.579001 0.000000 0.216780 0.165261
27.522060 14.447903 5.029120 -0.815327 -0.579001 0.000000 0.216780 0.593095
27.522060 15.005320 5.011249 -0.999486 -0.032047 0.000000 0.216780 0.639533
28.948755 15.005320 5.011249 -0.999486 -0.032047 0.000000 0.227299 0.639533
28.948755 15.005320 5.011249 -0.999486 -0.032047 0.000000 0.227299 0.639533
28.948755 14.447903 5.029120 -0.815327 -0.579001 0.000000 0.227299 0.593095
27.522060 14.447903 5.029120 -0.815327 -0.579001 0.000000 0.216780 0.593095
28.948755 14.447903 8.640186 0.820462 -0.571702 0.000000 0.227299 0.593154
28.948755 15.005320 8.644905 0.999964 -0.008466 0.000000 0.227299 0.639592
27.522060 15.005320 8.644905 0.999964 -0.008466 0.000000 0.216780 0.639592
27.522060 15.005320 8.644905 0.999964 -0.008466 0.000000 0.216780 0.639592
27.522060 14.447903 8.640186 0.820462 -0.571702 0.000000 0.216780 0.593154
28.948755 14.447903 8.640186 0.820462 -0.571702 0.000000 0.227299 0.593154
27.522058 15.005319 -5.226441 0.000000 1.000000 -0.000000 0.216780 0.834479
28.948753 15.005319 -5.226442 0.000000 1.000000 -0.000000 0.227299 0.834479
28.948757 15.005319 -8.860094 0.000000 1.000000 -0.000000 0.227299 0.958279
28.948757 15.005319 -8.860094 0.000000 1.000000 -0.000000 0.227299 0.958279
27.522058 15.005319 -8.860094 0.000000 1.000000 -0.000000 0.216780 0.958279
27.522058 15.005319 -5.226441 0.000000 1.000000 -0.000000 0.216780 0.834479
28.948753 14.090015 -6.175927 0.000002 -0.000003 -1.000000 0.539163 0.562945
28.948757 -0.000005 -6.175926 0.000000 0.000000 -1.000000 0.539137 0.008401
28.948757 -0.000005 -7.913570 0.000000 0.000000 -1.000000 0.573238 0.008373
28.948757 -0.000005 -7.913570 0.000000 0.000000 -1.000000 0.573238 0.008373
28.948757 14.090015 -7.913571 0.000001 0.000001 -1.000000 0.573264 0.562917
28.948753 14.090015 -6.175927 0.000002 -0.000003 -1.000000 0.539163 0.562945
28.948757 14.447902 -8.842222 0.000001 0.000000 -1.000000 0.591490 0.592717
28.948757 15.005319 -8.860094 0.000001 -0.000000 -1.000000 0.591843 0.639154
28.948753 15.005319 -5.226442 0.000001 0.000000 -1.000000 0.520533 0.639214
28.948753 14.447902 -5.231159 0.000001 -0.000001 -1.000000 0.520623 0.592776
28.948753 14.090015 -6.175927 0.000002 -0.000003 -1.000000 0.539163 0.562945
28.948757 14.090015 -7.913571 0.000001 0.000001 -1.000000 0.573264 0.562917
28.948753 15.005319 -5.226442 0.000001 0.000000 -1.000000 0.520533 0.639214
28.948753 14.447902 -5.231159 0.000001 -0.000001 -1.000000 0.520623 0.592776
28.948757 14.090015 -7.913571 0.000001 0.000001 -1.000000 0.573264 0.562917
28.948757 14.447902 -8.842222 0.000001 0.000000 -1.000000 0.591490 0.592717
28.948753 15.005319 -5.226442 0.000001 0.000000 -1.000000 0.520533 0.639214
28.948757 14.090015 -7.913571 0.000001 0.000001 -1.000000 0.573264 0.562917
27.522058 14.090015 -6.175926 0.822874 -0.568223 0.000000 0.216780 0.562945
27.522058 -0.000005 -6.175925 1.000000 -0.000000 -0.000000 0.216780 0.008401
28.948757 -0.000005 -6.175926 1.000000 -0.000000 -0.000000 0.227299 0.008401
28.948757 -0.000005 -6.175926 1.000000 -0.000000 -0.000000 0.227299 0.008401
28.948753 14.090015 -6.175927 0.822874 -0.568223 0.000000 0.227299 0.562945
27.522058 14.090015 -6.175926 0.822874 -0.568223 0.000000 0.216780 0.562945
28.948753 14.447902 -5.231159 0.820463 -0.571700 -0.000000 0.227299 0.834636
27.522058 14.447902 -5.231159 0.820463 -0.571700 0.000000 0.216780 0.834636
27.522058 14.090015 -6.175926 0.822874 -0.568223 0.000000 0.216780 0.866822
27.522058 14.090015 -6.175926 0.822874 -0.568223 0.000000 0.216780 0.866822
28.948753 14.090015 -6.175927 0.822874 -0.568223 0.000000 0.227299 0.866822
28.948753 14.447902 -5.231159 0.820463 -0.571700 -0.000000 0.227299 0.834636
27.522058 14.090015 -7.913570 0.000000 0.000000 1.000000 0.573264 0.562917
27.522058 -0.000005 -7.913570 0.000000 0.000000 1.000000 0.573238 0.008373
27.522058 -0.000005 -6.175925 0.000000 0.000000 1.000000 0.539137 0.008401
27.522058 -0.000005 -6.175925 0.000000 0.000000 1.000000 0.539137 0.008401
27.522058 14.090015 -6.175926 0.000000 0.000000 1.000000 0.539163 0.562945
27.522058 14.090015 -7.913570 0.000000 0.000000 1.000000 0.573264 0.562917
27.522058 14.447902 -5.231159 0.000000 0.000000 1.000000 0.520623 0.592776
27.522058 15.005319 -5.226441 0.000000 0.000000 1.000000 0.520533 0.639214
27.522058 15.005319 -8.860094 0.000000 0.000000 1.000000 0.591843 0.639154
27.522058 14.447902 -8.842222 0.000000 0.000000 1.000000 0.591490 0.592717
27.522058 14.090015 -7.913570 0.000000 0.000000 1.000000 0.573264 0.562917
27.522058 14.090015 -6.175926 0.000000 0.000000 1.000000 0.539163 0.562945
27.522058 15.005319 -8.860094 0.000000 0.000000 1.000000 0.591843 0.639154
27.522058 14.447902 -8.842222 0.000000 0.000000 1.000000 0.591490 0.592717
27.522058 14.090015 -6.175926 0.000000 0.000000 1.000000 0.539163 0.562945
27.522058 14.447902 -5.231159 0.000000 0.000000 1.000000 0.520623 0.592776
27.522058 15.005319 -8.860094 0.000000 0.000000 1.000000 0.591843 0.639154
27.522058 14.090015 -6.175926 0.000000 0.000000 1.000000 0.539163 0.562945
27.522058 14.447902 -8.842222 -0.815327 -0.579001 0.000000 0.216780 0.957667
28.948757 14.447902 -8.842222 -0.815327 -0.579001 0.000000 0.227299 0.957667
28.948757 14.090015 -7.913571 -0.359603 -0.933105 0.000000 0.227299 0.926025
28.948757 14.090015 -7.913571 -0.359603 -0.933105 0.000000 0.227299 0.926025
27.522058 14.090015 -7.913570 -0.359603 -0.933105 0.000000 0.216780 0.926025
27.522058 14.447902 -8.842222 -0.815327 -0.579001 0.000000 0.216780 0.957667
27.522058 14.447902 -8.842222 -0.815327 -0.579001 0.000000 0.216780 0.592717
27.522058 15.005319 -8.860094 -0.999486 -0.032045 0.000000 0.216780 0.639154
28.948757 15.005319 -8.860094 -0.999486 -0.032045 0.000000 0.227299 0.639154
28.948757 15.005319 -8.860094 -0.999486 -0.032045 0.000000 0.227299 0.639154
28.948757 14.447902 -8.842222 -0.815327 -0.579001 0.000000 0.227299 0.592717
27.522058 14.447902 -8.842222 -0.815327 -0.579001 0.000000 0.216780 0.592717
28.948753 14.447902 -5.231159 0.820463 -0.571700 -0.000000 0.227299 0.592776
28.948753 15.005319 -5.226442 0.999964 -0.008461 -0.000001 0.227299 0.639214
27.522058 15.005319 -5.226441 0.999964 -0.008462 -0.000000 0.216780 0.639214
27.522058 15.005319 -5.226441 0.999964 -0.008462 -0.000000 0.216780 0.639214
27.522058 14.447902 -5.231159 0.820463 -0.571700 0.000000 0.216780 0.592776
28.948753 14.447902 -5.231159 0.820463 -0.571700 -0.000000 0.227299 0.592776
20.954090 -0.000005 9.211919 -0.000000 -1.000000 -0.000000 0.043797 0.022704
20.954086 -0.000006 -9.344329 0.000000 -1.000000 -0.000000 0.043797 0.974727
27.412483 -0.000005 -9.344330 -0.000000 -1.000000 -0.000000 0.215972 0.974727
27.412483 -0.000005 -9.344330 -0.000000 -1.000000 -0.000000 0.215972 0.974727
27.412489 -0.000004 9.211913 -0.000000 -1.000000 -0.000000 0.215972 0.022704
20.954090 -0.000005 9.211919 -0.000000 -1.000000 -0.000000 0.043797 0.022704
19.739357 14.445563 -9.344329 0.000000 1.000000 -0.000000 0.159396 0.974774
19.739361 14.445564 9.211915 0.000000 1.000000 -0.000000 0.159396 0.022751
20.585430 14.445564 9.211915 0.000000 1.000000 -0.000000 0.165634 0.022751
20.585430 14.445564 9.211915 0.000000 1.000000 -0.000000 0.165634 0.022751
20.585426 14.445563 -9.344329 0.000000 1.000000 -0.000000 0.165634 0.974774
19.739357 14.445563 -9.344329 0.000000 1.000000 -0.000000 0.159396 0.974774
20.585430 14.445564 9.211915 -0.000000 0.427290 -0.904115 0.052968 0.592969
27.412489 -0.000004 9.211913 -0.000000 0.427290 -0.904115 0.052941 0.006944
27.412483 -0.000005 -9.344330 -0.000000 0.427290 -0.904115 0.601317 0.006489
27.412483 -0.000005 -9.344330 -0.000000 0.427290 -0.904115 0.601317 0.006489
20.585426 14.445563 -9.344329 0.000000 0.427290 -0.904115 0.601344 0.592514
20.585430 14.445564 9.211915 -0.000000 0.427290 -0.904115 0.052968 0.592969
19.739357 14.997401 -9.344329 -0.000000 -1.000000 -0.000000 0.500000 76704.500000
20.927444 14.997402 -9.344329 -0.000000 -1.000000 -0.000000 0.500000 91392.500000
20.927452 14.997403 9.211921 -0.000000 -1.000000 -0.000000 0.500000 91392.500000
20.927452 14.997403 9.211921 -0.000000 -1.000000 -0.000000 0.500000 91392.500000
19.739361 14.997402 9.211915 0.000000 -1.000000 -0.000000 0.500000 76704.500000
19.739357 14.997401 -9.344329 -0.000000 -1.000000 -0.000000 0.500000 76704.500000
20.927444 14.997402 -9.344329 0.707506 -0.001255 0.706706 0.601346 0.638487
19.739357 14.997401 -9.344329 1.000000 0.000000 0.000000 0.601346 0.633894
19.739357 14.445563 -9.344329 1.000000 -0.000000 -0.000000 0.601344 0.587921
20.585426 14.445563 -9.344329 -1.000000 0.000000 -0.000000 0.601344 0.587674
27.412483 -0.000005 -9.344330 -1.000000 0.000000 -0.000000 0.601317 -0.000342
20.954086 -0.000006 -9.344329 -0.707506 -0.001255 0.706706 0.601317 0.006489
19.739357 14.445563 -9.344329 1.000000 -0.000000 -0.000000 0.601344 0.587921
20.585426 14.445563 -9.344329 -1.000000 0.000000 -0.000000 0.601344 0.587674
20.954086 -0.000006 -9.344329 -0.707506 -0.001255 0.706706 0.601317 0.006489
20.927444 14.997402 -9.344329 0.707506 -0.001255 0.706706 0.601346 0.638487
19.739357 14.445563 -9.344329 1.000000 -0.000000 -0.000000 0.601344 0.587921
20.954086 -0.000006 -9.344329 -0.707506 -0.001255 0.706706 0.601317 0.006489
20.954086 -0.000006 -9.344329 -0.707506 -0.001255 0.706706 0.601317 0.006489
20.954090 -0.000005 9.211919 -0.000000 -0.001776 0.999998 0.052941 0.006944
20.927452 14.997403 9.211921 0.000000 -0.001776 0.999998 0.052970 0.638942
20.927444 14.997402 -9.344329 0.707506 -0.001255 0.706706 0.601346 0.638487
20.954086 -0.000006 -9.344329 -0.707506 -0.001255 0.706706 0.601317 0.006489
20.927452 14.997403 9.211921 0.000000 -0.001776 0.999998 0.052970 0.638942
19.739361 14.997402 9.211915 0.000000 -0.000000 -1.000000 0.052970 0.638942
19.739361 14.445564 9.211915 0.000000 -0.000000 -1.000000 0.052968 0.592969
19.739357 14.445563 -9.344329 0.000000 -0.000000 -1.000000 0.601344 0.592514
19.739357 14.445563 -9.344329 0.000000 -0.000000 -1.000000 0.601344 0.592514
19.739357 14.997401 -9.344329 0.000000 -0.000000 -1.000000 0.601346 0.638487
19.739361 14.997402 9.211915 0.000000 -0.000000 -1.000000 0.052970 0.638942
20.927452 14.997403 9.211921 -1.000000 0.000002 -0.000004 0.043601 0.638942
20.954090 -0.000005 9.211919 1.000000 -0.000000 -0.000001 0.043797 0.006944
27.412489 -0.000004 9.211913 1.000000 0.000000 -0.000001 0.215972 0.006944
27.412489 -0.000004 9.211913 1.000000 0.000000 -0.000001 0.215972 0.006944
20.585430 14.445564 9.211915 1.000000 -0.000000 0.000000 0.165634 0.592969
19.739361 14.445564 9.211915 -1.000000 0.000002 -0.000006 0.159396 0.592969
20.927452 14.997403 9.211921 -1.000000 0.000002 -0.000004 0.043601 0.638942
27.412489 -0.000004 9.211913 1.000000 0.000000 -0.000001 0.215972 0.006944
19.739361 14.445564 9.211915 -1.000000 0.000002 -0.000006 0.159396 0.592969
20.927452 14.997403 9.211921 -1.000000 0.000002 -0.000004 0.043601 0.638942
19.739361 14.445564 9.211915 -1.000000 0.000002 -0.000006 0.159396 0.592969
19.739361 14.997402 9.211915 -1.000000 -0.000000 -0.000004 0.159396 0.638942
101.071693 -0.000005 9.211902 0.000000 -1.000000 0.000000 0.607765 0.022704
51.080196 -0.000002 9.211909 -0.000000 -1.000000 0.000000 0.433391 0.022704
51.080193 -0.000003 -9.344332 0.000000 -1.000000 0.000000 0.433391 0.974727
51.080193 -0.000003 -9.344332 0.000000 -1.000000 0.000000 0.433391 0.974727
101.071686 -0.000006 -9.344341 0.000000 -1.000000 0.000000 0.607765 0.974727
101.071693 -0.000005 9.211902 0.000000 -1.000000 0.000000 0.607765 0.022704
58.712509 14.445563 -9.344331 0.000000 1.000000 -0.000000 0.489666 0.974773
57.907253 14.445563 -9.344335 0.000000 1.000000 -0.000000 0.483728 0.974774
57.907257 14.445564 9.211907 0.000000 1.000000 -0.000000 0.483728 0.022751
57.907257 14.445564 9.211907 0.000000 1.000000 -0.000000 0.483728 0.022751
58.712509 14.445564 9.211907 0.000000 1.000000 -0.000000 0.489666 0.022751
58.712509 14.445563 -9.344331 0.000000 1.000000 -0.000000 0.489666 0.974773
57.907257 14.445564 9.211907 0.000000 0.427290 0.904115 0.052968 0.592969
57.907253 14.445563 -9.344335 0.000000 0.427290 0.904115 0.601344 0.592514
51.080193 -0.000003 -9.344332 0.000000 0.427290 0.904115 0.601317 0.006489
51.080193 -0.000003 -9.344332 0.000000 0.427290 0.904115 0.601317 0.006489
51.080196 -0.000002 9.211909 0.000000 0.427290 0.904115 0.052941 0.006944
57.907257 14.445564 9.211907 0.000000 0.427290 0.904115 0.052968 0.592969
58.712509 14.997401 -9.344331 0.000000 1.000000 -0.000000 0.500000 32784.500000
58.712509 14.997402 9.211907 0.000000 1.000000 -0.000000 0.500000 32784.500000
101.098335 14.997403 9.211905 0.000000 1.000000 -0.000000 0.500000 15728.500000
101.098335 14.997403 9.211905 0.000000 1.000000 -0.000000 0.500000 15728.500000
101.098328 14.997402 -9.344342 0.000000 1.000000 -0.000000 0.500000 15728.500000
58.712509 14.997401 -9.344331 0.000000 1.000000 -0.000000 0.500000 32784.500000
58.712509 14.445563 -9.344331 -1.000000 0.000010 -0.000003 0.489666 0.592514
58.712509 14.997401 -9.344331 -1.000000 0.000000 0.000000 0.489666 0.638487
101.098328 14.997402 -9.344342 -0.706707 -0.001257 -0.707506 0.607961 0.638487
101.098335 14.997403 9.211905 0.000000 -0.001776 -0.999998 0.607961 0.638487
101.071693 -0.000005 9.211902 0.000000 -0.001776 -0.999998 0.607765 0.006489
101.071686 -0.000006 -9.344341 -0.707500 -0.001255 -0.706712 0.607765 0.006489
101.098328 14.997402 -9.344342 -0.706707 -0.001257 -0.707506 0.607961 0.638487
101.098335 14.997403 9.211905 0.000000 -0.001776 -0.999998 0.607961 0.638487
101.071686 -0.000006 -9.344341 -0.707500 -0.001255 -0.706712 0.607765 0.006489
58.712509 14.445563 -9.344331 -1.000000 0.000010 -0.000003 0.489666 0.592514
101.098328 14.997402 -9.344342 -0.706707 -0.001257 -0.707506 0.607961 0.638487
101.071686 -0.000006 -9.344341 -0.707500 -0.001255 -0.706712 0.607765 0.006489
101.071686 -0.000006 -9.344341 -0.707500 -0.001255 -0.706712 0.607765 0.006489
51.080193 -0.000003 -9.344332 -1.000000 -0.000000 0.000000 0.433391 0.006489
57.907253 14.445563 -9.344335 -1.000000 0.000003 -0.000001 0.483728 0.592514
58.712509 14.445563 -9.344331 -1.000000 0.000010 -0.000003 0.489666 0.592514
101.071686 -0.000006 -9.344341 -0.707500 -0.001255 -0.706712 0.607765 0.006489
57.907253 14.445563 -9.344335 -1.000000 0.000003 -0.000001 0.483728 0.592514
58.712509 14.997402 9.211907 0.000000 0.000000 1.000000 0.052970 0.638942
58.712509 14.997401 -9.344331 0.000000 0.000000 1.000000 0.601346 0.638487
58.712509 14.445563 -9.344331 0.000000 0.000000 1.000000 0.601344 0.592514
58.712509 14.445563 -9.344331 0.000000 0.000000 1.000000 0.601344 0.592514
58.712509 14.445564 9.211907 0.000000 0.000000 1.000000 0.052968 0.592969
58.712509 14.997402 9.211907 0.000000 0.000000 1.000000 0.052970 0.638942
51.080196 -0.000002 9.211909 1.000000 0.000000 0.000000 0.433391 0.006944
101.071693 -0.000005 9.211902 1.000000 -0.000000 0.000000 0.607765 0.006944
101.098335 14.997403 9.211905 1.000000 -0.000000 0.000000 0.607961 0.638942
101.098335 14.997403 9.211905 1.000000 -0.000000 0.000000 0.607961 0.638942
58.712509 14.997402 9.211907 1.000000 0.000000 0.000000 0.489666 0.638942
58.712509 14.445564 9.211907 1.000000 0.000000 0.000000 0.489666 0.592969
51.080196 -0.000002 9.211909 1.000000 0.000000 0.000000 0.433391 0.006944
101.098335 14.997403 9.211905 1.000000 -0.000000 0.000000 0.607961 0.638942
58.712509 14.445564 9.211907 1.000000 0.000000 0.000000 0.489666 0.592969
51.080196 -0.000002 9.211909 1.000000 0.000000 0.000000 0.433391 0.006944
58.712509 14.445564 9.211907 1.000000 0.000000 0.000000 0.489666 0.592969
57.907257 14.445564 9.211907 1.000000 0.000000 0.000000 0.483728 0.592969
21.004704 19.136021 -8.725891 -0.300001 0.953939 -0.000000 0.048196 0.983281
100.997055 19.136023 -8.725875 -0.300030 0.953930 -0.000000 0.607214 0.983282
100.997055 19.101072 -8.744099 -0.951576 -0.307413 -0.000000 0.607214 0.980370
100.997055 19.101072 -8.744099 -0.951576 -0.307413 -0.000000 0.607214 0.980370
21.004704 19.101070 -8.744117 -0.951585 -0.307384 -0.000000 0.048196 0.980370
21.004704 19.136021 -8.725891 -0.300001 0.953939 -0.000000 0.048196 0.983281
21.004704 18.935743 -8.414757 -0.852407 -0.522878 -0.000000 0.048196 0.966602
100.997055 18.935745 -8.414739 -0.852410 -0.522875 -0.000000 0.607214 0.966602
100.997055 18.743626 -8.415726 -0.878454 0.477826 -0.000000 0.607214 0.950596
100.997055 18.743626 -8.415726 -0.878454 0.477826 -0.000000 0.607214 0.950596
21.004704 18.743622 -8.415743 -0.878455 0.477825 -0.000000 0.048196 0.950596
21.004704 18.935743 -8.414757 -0.852407 -0.522878 -0.000000 0.048196 0.966602
21.004704 18.743622 -8.415743 -0.878455 0.477825 -0.000000 0.048196 0.943165
100.997055 18.743626 -8.415726 -0.878454 0.477826 -0.000000 0.607214 0.943164
100.997055 18.577225 -8.669941 -0.867625 0.497219 -0.000000 0.607214 0.951824
100.997055 18.577225 -8.669941 -0.867625 0.497219 -0.000000 0.607214 0.951824
21.004704 18.577221 -8.669959 -0.867625 0.497218 -0.000000 0.048196 0.951825
21.004704 18.743622 -8.415743 -0.878455 0.477825 -0.000000 0.048196 0.943165
21.004704 18.577221 -8.669959 -0.867625 0.497218 -0.000000 0.048196 0.936729
100.997055 18.577225 -8.669941 -0.867625 0.497219 -0.000000 0.607214 0.936730
100.997055 18.308197 -8.683286 -0.877416 -0.479730 -0.000000 0.607214 0.914317
100.997055 18.308197 -8.683286 -0.877416 -0.479730 -0.000000 0.607214 0.914317
21.004704 18.308195 -8.683303 -0.877415 -0.479732 -0.000000 0.048196 0.914317
21.004704 18.577221 -8.669959 -0.867625 0.497218 -0.000000 0.048196 0.936729
21.004704 18.308195 -8.683303 -0.877415 -0.479732 -0.000000 0.048196 0.952278
100.997055 18.308197 -8.683286 -0.877416 -0.479730 -0.000000 0.607214 0.952277
100.997055 18.154467 -8.415122 -0.864777 -0.502156 -0.000000 0.607214 0.943139
100.997055 18.154467 -8.415122 -0.864777 -0.502156 -0.000000 0.607214 0.943139
21.004704 18.154465 -8.415140 -0.864775 -0.502160 -0.000000 0.048196 0.943140
21.004704 18.308195 -8.683303 -0.877415 -0.479732 -0.000000 0.048196 0.952278
21.004704 18.154465 -8.415140 -0.864775 -0.502160 -0.000000 0.048196 0.901514
100.997055 18.154467 -8.415122 -0.864777 -0.502156 -0.000000 0.607214 0.901514
100.997055 17.953571 -8.414736 -0.851682 0.524059 -0.000000 0.607214 0.884778
100.997055 17.953571 -8.414736 -0.851682 0.524059 -0.000000 0.607214 0.884778
21.004704 17.953569 -8.414753 -0.851684 0.524056 -0.000000 0.048196 0.884778
21.004704 18.154465 -8.415140 -0.864775 -0.502160 -0.000000 0.048196 0.901514
21.004704 17.953569 -8.414753 -0.851684 0.524056 -0.000000 0.048196 0.943126
100.997055 17.953571 -8.414736 -0.851682 0.524059 -0.000000 0.607214 0.943125
100.997055 17.776505 -8.767101 -0.951563 0.307453 -0.000000 0.607214 0.955129
100.997055 17.776505 -8.767101 -0.951563 0.307453 -0.000000 0.607214 0.955129
21.004704 17.776501 -8.767122 -0.951576 0.307414 -0.000000 0.048196 0.955130
21.004704 17.953569 -8.414753 -0.851684 0.524056 -0.000000 0.048196 0.943126
100.997055 19.136023 -8.725875 -0.300030 0.953930 -0.000000 0.607214 0.953733
21.004704 19.136021 -8.725891 -0.300001 0.953939 -0.000000 0.048196 0.953734
21.004704 18.956179 -8.381051 0.855106 0.518453 0.000000 0.048196 0.941984
21.004704 18.956179 -8.381051 0.855106 0.518453 0.000000 0.048196 0.941984
100.997055 18.956182 -8.381033 0.855106 0.518454 0.000000 0.607214 0.941983
100.997055 19.136023 -8.725875 -0.300030 0.953930 -0.000000 0.607214 0.953733
100.997055 18.956182 -8.381033 0.855106 0.518454 0.000000 0.607214 0.968305
21.004704 18.956179 -8.381051 0.855106 0.518453 0.000000 0.048196 0.968305
21.004704 18.724907 -8.381051 0.880076 -0.474833 0.000000 0.048196 0.949038
21.004704 18.724907 -8.381051 0.880076 -0.474833 0.000000 0.048196 0.949038
100.997055 18.724909 -8.381033 0.880076 -0.474834 0.000000 0.607214 0.949038
100.997055 18.956182 -8.381033 0.855106 0.518454 0.000000 0.607214 0.968305
100.997055 18.724909 -8.381033 0.880076 -0.474834 0.000000 0.607214 0.941982
21.004704 18.724907 -8.381051 0.880076 -0.474833 0.000000 0.048196 0.941983
21.004704 18.557545 -8.635805 0.866492 -0.499191 0.000000 0.048196 0.950661
21.004704 18.557545 -8.635805 0.866492 -0.499191 0.000000 0.048196 0.950661
100.997055 18.557547 -8.635788 0.866493 -0.499189 0.000000 0.607214 0.950660
100.997055 18.724909 -8.381033 0.880076 -0.474834 0.000000 0.607214 0.941982
100.997055 18.557547 -8.635788 0.866493 -0.499189 0.000000 0.607214 0.935091
21.004704 18.557545 -8.635805 0.866492 -0.499191 0.000000 0.048196 0.935091
21.004704 18.327028 -8.648676 0.878466 0.477804 0.000000 0.048196 0.915886
21.004704 18.327028 -8.648676 0.878466 0.477804 0.000000 0.048196 0.915886
100.997055 18.327032 -8.648659 0.878465 0.477808 0.000000 0.607214 0.915887
100.997055 18.557547 -8.635788 0.866493 -0.499189 0.000000 0.607214 0.935091
100.997055 18.327032 -8.648659 0.878465 0.477808 0.000000 0.607214 0.951097
21.004704 18.327028 -8.648676 0.878466 0.477804 0.000000 0.048196 0.951098
21.004704 18.174255 -8.381051 0.864800 0.502116 0.000000 0.048196 0.941979
21.004704 18.174255 -8.381051 0.864800 0.502116 0.000000 0.048196 0.941979
100.997055 18.174257 -8.381033 0.864800 0.502116 0.000000 0.607214 0.941978
100.997055 18.327032 -8.648659 0.878465 0.477808 0.000000 0.607214 0.951097
100.997055 18.174257 -8.381033 0.864800 0.502116 0.000000 0.607214 0.903163
21.004704 18.174255 -8.381051 0.864800 0.502116 0.000000 0.048196 0.903163
21.004704 17.933125 -8.381051 0.854960 -0.518694 0.000000 0.048196 0.883075
21.004704 17.933125 -8.381051 0.854960 -0.518694 0.000000 0.048196 0.883075
100.997055 17.933126 -8.381033 0.854960 -0.518694 0.000000 0.607214 0.883075
100.997055 18.174257 -8.381033 0.864800 0.502116 0.000000 0.607214 0.903163
100.997055 17.933126 -8.381033 0.854960 -0.518694 0.000000 0.607214 0.941976
21.004704 17.933125 -8.381051 0.854960 -0.518694 0.000000 0.048196 0.941978
21.004704 17.741541 -8.748913 -0.300508 -0.953779 -0.000000 0.048196 0.954509
21.004704 17.741541 -8.748913 -0.300508 -0.953779 -0.000000 0.048196 0.954509
100.997055 17.741543 -8.748896 -0.300548 -0.953767 -0.000000 0.607214 0.954508
100.997055 17.933126 -8.381033 0.854960 -0.518694 0.000000 0.607214 0.941976
100.997055 18.935745 -8.414739 0.000000 -0.000000 -1.000000 0.583118 0.966602
100.997055 19.101072 -8.744099 0.000000 -0.000000 -1.000000 0.589582 0.980370
100.997055 19.136023 -8.725875 0.000000 -0.000000 -1.000000 0.589224 0.983282
100.997055 19.136023 -8.725875 0.000000 -0.000000 -1.000000 0.589224 0.983282
100.997055 18.956182 -8.381033 0.000000 -0.000000 -1.000000 0.582456 0.968305
100.997055 18.935745 -8.414739 0.000000 -0.000000 -1.000000 0.583118 0.966602
100.997055 18.743626 -8.415726 0.000000 -0.000000 -1.000000 0.583136 0.950596
100.997055 18.935745 -8.414739 0.000000 -0.000000 -1.000000 0.583118 0.966602
100.997055 18.956182 -8.381033 0.000000 -0.000000 -1.000000 0.582456 0.968305
100.997055 18.956182 -8.381033 0.000000 -0.000000 -1.000000 0.582456 0.968305
100.997055 18.724909 -8.381033 0.000000 -0.000000 -1.000000 0.582455 0.949038
100.997055 18.743626 -8.415726 0.000000 -0.000000 -1.000000 0.583136 0.950596
100.997055 18.577225 -8.669941 0.000000 -0.000000 -1.000000 0.588125 0.936730
100.997055 18.743626 -8.415726 0.000000 -0.000000 -1.000000 0.583136 0.950596
100.997055 18.724909 -8.381033 0.000000 -0.000000 -1.000000 0.582455 0.949038
100.997055 18.724909 -8.381033 0.000000 -0.000000 -1.000000 0.582455 0.949038
100.997055 18.557547 -8.635788 0.000000 -0.000000 -1.000000 0.587454 0.935091
100.997055 18.577225 -8.669941 0.000000 -0.000000 -1.000000 0.588125 0.936730
100.997055 18.308197 -8.683286 0.000000 -0.000000 -1.000000 0.588386 0.914317
100.997055 18.577225 -8.669941 0.000000 -0.000000 -1.000000 0.588125 0.936730
100.997055 18.557547 -8.635788 0.000000 -0.000000 -1.000000 0.587454 0.935091
100.997055 18.557547 -8.635788 0.000000 -0.000000 -1.000000 0.587454 0.935091
100.997055 18.327032 -8.648659 0.000000 -0.000000 -1.000000 0.587706 0.915887
100.997055 18.308197 -8.683286 0.000000 -0.000000 -1.000000 0.588386 0.914317
100.997055 18.154467 -8.415122 0.000000 -0.000000 -1.000000 0.583122 0.901514
100.997055 18.308197 -8.683286 0.000000 -0.000000 -1.000000 0.588386 0.914317
100.997055 18.327032 -8.648659 0.000000 -0.000000 -1.000000 0.587706 0.915887
100.997055 18.327032 -8.648659 0.000000 -0.000000 -1.000000 0.587706 0.915887
100.997055 18.174257 -8.381033 0.000000 -0.000000 -1.000000 0.582453 0.903163
100.997055 18.154467 -8.415122 0.000000 -0.000000 -1.000000 0.583122 0.901514
100.997055 17.953571 -8.414736 0.000000 -0.000000 -1.000000 0.583114 0.884778
100.997055 18.154467 -8.415122 0.000000 -0.000000 -1.000000 0.583122 0.901514
100.997055 18.174257 -8.381033 0.000000 -0.000000 -1.000000 0.582453 0.903163
100.997055 18.174257 -8.381033 0.000000 -0.000000 -1.000000 0.582453 0.903163
100.997055 17.933126 -8.381033 0.000000 -0.000000 -1.000000 0.582452 0.883075
100.997055 17.953571 -8.414736 0.000000 -0.000000 -1.000000 0.583114 0.884778
100.997055 17.776505 -8.767101 0.000000 -0.000000 -1.000000 0.590028 0.870021
100.997055 17.953571 -8.414736 0.000000 -0.000000 -1.000000 0.583114 0.884778
100.997055 17.933126 -8.381033 0.000000 -0.000000 -1.000000 0.582452 0.883075
100.997055 17.933126 -8.381033 0.000000 -0.000000 -1.000000 0.582452 0.883075
100.997055 17.741543 -8.748896 0.000000 -0.000000 -1.000000 0.589671 0.867108
100.997055 17.776505 -8.767101 0.000000 -0.000000 -1.000000 0.590028 0.870021
21.004704 19.101070 -8.744117 -0.951585 -0.307384 -0.000000 0.048196 0.954355
100.997055 19.101072 -8.744099 -0.951576 -0.307413 -0.000000 0.607214 0.954354
100.997055 18.935745 -8.414739 -0.852410 -0.522875 -0.000000 0.607214 0.943131
100.997055 18.935745 -8.414739 -0.852410 -0.522875 -0.000000 0.607214 0.943131
21.004704 18.935743 -8.414757 -0.852407 -0.522878 -0.000000 0.048196 0.943133
21.004704 19.101070 -8.744117 -0.951585 -0.307384 -0.000000 0.048196 0.954355
21.004704 17.776501 -8.767122 -0.951576 0.307414 -0.000000 0.048196 0.870021
100.997055 17.776505 -8.767101 -0.951563 0.307453 -0.000000 0.607214 0.870021
100.997055 17.741543 -8.748896 -0.300548 -0.953767 -0.000000 0.607214 0.867108
100.997055 17.741543 -8.748896 -0.300548 -0.953767 -0.000000 0.607214 0.867108
21.004704 17.741541 -8.748913 -0.300508 -0.953779 -0.000000 0.048196 0.867108
21.004704 17.776501 -8.767122 -0.951576 0.307414 -0.000000 0.048196 0.870021
21.004707 19.136021 8.800817 0.300013 0.953935 -0.000000 0.048196 0.983720
21.004707 19.101070 8.819043 0.951582 -0.307395 0.000000 0.048196 0.980808
100.997070 19.101072 8.819030 0.951585 -0.307387 -0.000000 0.607214 0.980808
100.997070 19.101072 8.819030 0.951585 -0.307387 -0.000000 0.607214 0.980808
100.997070 19.136023 8.800803 0.300005 0.953938 -0.000000 0.607214 0.983720
21.004707 19.136021 8.800817 0.300013 0.953935 -0.000000 0.048196 0.983720
21.004707 18.935745 8.489684 0.852402 -0.522887 0.000000 0.048196 0.967030
21.004707 18.743626 8.490666 0.878461 0.477814 0.000000 0.048196 0.951024
100.997070 18.743626 8.490655 0.878456 0.477823 -0.000000 0.607214 0.951024
100.997070 18.743626 8.490655 0.878456 0.477823 -0.000000 0.607214 0.951024
100.997070 18.935745 8.489670 0.852407 -0.522879 0.000000 0.607214 0.967030
21.004707 18.935745 8.489684 0.852402 -0.522887 0.000000 0.048196 0.967030
21.004707 18.743626 8.490666 0.878461 0.477814 0.000000 0.048196 0.047353
21.004707 18.577223 8.744882 0.867621 0.497226 -0.000000 0.048196 0.038691
100.997070 18.577225 8.744872 0.867625 0.497220 0.000000 0.607214 0.038691
100.997070 18.577225 8.744872 0.867625 0.497220 0.000000 0.607214 0.038691
100.997070 18.743626 8.490655 0.878456 0.477823 -0.000000 0.607214 0.047353
21.004707 18.743626 8.490666 0.878461 0.477814 0.000000 0.048196 0.047353
21.004707 18.577223 8.744882 0.867621 0.497226 -0.000000 0.048196 0.937166
21.004707 18.308197 8.758231 0.877419 -0.479725 0.000000 0.048196 0.914754
100.997070 18.308199 8.758216 0.877416 -0.479731 0.000000 0.607214 0.914754
100.997070 18.308199 8.758216 0.877416 -0.479731 0.000000 0.607214 0.914754
100.997070 18.577225 8.744872 0.867625 0.497220 0.000000 0.607214 0.937166
21.004707 18.577223 8.744882 0.867621 0.497226 -0.000000 0.048196 0.937166
21.004707 18.308197 8.758231 0.877419 -0.479725 0.000000 0.048196 0.038234
21.004707 18.154465 8.490066 0.864772 -0.502165 0.000000 0.048196 0.047369
100.997070 18.154467 8.490051 0.864776 -0.502157 0.000000 0.607214 0.047370
100.997070 18.154467 8.490051 0.864776 -0.502157 0.000000 0.607214 0.047370
100.997070 18.308199 8.758216 0.877416 -0.479731 0.000000 0.607214 0.038234
21.004707 18.308197 8.758231 0.877419 -0.479725 0.000000 0.048196 0.038234
21.004707 18.154465 8.490066 0.864772 -0.502165 0.000000 0.048196 0.901942
21.004707 17.953571 8.489676 0.851686 0.524053 0.000000 0.048196 0.885206
100.997070 17.953571 8.489665 0.851682 0.524059 -0.000000 0.607214 0.885206
100.997070 17.953571 8.489665 0.851682 0.524059 -0.000000 0.607214 0.885206
100.997070 18.154467 8.490051 0.864776 -0.502157 0.000000 0.607214 0.901942
21.004707 18.154465 8.490066 0.864772 -0.502165 0.000000 0.048196 0.901942
21.004707 17.953571 8.489676 0.851686 0.524053 0.000000 0.048196 0.047381
21.004707 17.776503 8.842046 0.951568 0.307439 0.000000 0.048196 0.035375
100.997070 17.776505 8.842034 0.951568 0.307438 0.000000 0.607214 0.035375
100.997070 17.776505 8.842034 0.951568 0.307438 0.000000 0.607214 0.035375
100.997070 17.953571 8.489665 0.851682 0.524059 -0.000000 0.607214 0.047381
21.004707 17.953571 8.489676 0.851686 0.524053 0.000000 0.048196 0.047381
100.997070 19.136023 8.800803 0.300005 0.953938 -0.000000 0.607214 0.036789
100.997070 18.956182 8.455964 -0.855106 0.518454 -0.000000 0.607214 0.048536
21.004707 18.956181 8.455976 -0.855105 0.518455 -0.000000 0.048196 0.048536
21.004707 18.956181 8.455976 -0.855105 0.518455 -0.000000 0.048196 0.048536
21.004707 19.136021 8.800817 0.300013 0.953935 -0.000000 0.048196 0.036789
100.997070 19.136023 8.800803 0.300005 0.953938 -0.000000 0.607214 0.036789
100.997070 18.956182 8.455964 -0.855106 0.518454 -0.000000 0.607214 0.968732
100.997070 18.724909 8.455964 -0.880076 -0.474833 -0.000000 0.607214 0.949464
21.004707 18.724907 8.455976 -0.880076 -0.474832 -0.000000 0.048196 0.949464
21.004707 18.724907 8.455976 -0.880076 -0.474832 -0.000000 0.048196 0.949464
21.004707 18.956181 8.455976 -0.855105 0.518455 -0.000000 0.048196 0.968732
100.997070 18.956182 8.455964 -0.855106 0.518454 -0.000000 0.607214 0.968732
100.997070 18.724909 8.455964 -0.880076 -0.474833 -0.000000 0.607214 0.048535
100.997070 18.557549 8.710717 -0.866491 -0.499192 -0.000000 0.607214 0.039854
21.004707 18.557547 8.710729 -0.866492 -0.499192 -0.000000 0.048196 0.039854
21.004707 18.557547 8.710729 -0.866492 -0.499192 -0.000000 0.048196 0.039854
21.004707 18.724907 8.455976 -0.880076 -0.474832 -0.000000 0.048196 0.048535
100.997070 18.724909 8.455964 -0.880076 -0.474833 -0.000000 0.607214 0.048535
100.997070 18.557549 8.710717 -0.866491 -0.499192 -0.000000 0.607214 0.935526
100.997070 18.327032 8.723590 -0.878467 0.477804 -0.000000 0.607214 0.916322
21.004707 18.327030 8.723601 -0.878468 0.477802 -0.000000 0.048196 0.916322
21.004707 18.327030 8.723601 -0.878468 0.477802 -0.000000 0.048196 0.916322
21.004707 18.557547 8.710729 -0.866492 -0.499192 -0.000000 0.048196 0.935526
100.997070 18.557549 8.710717 -0.866491 -0.499192 -0.000000 0.607214 0.935526
100.997070 18.327032 8.723590 -0.878467 0.477804 -0.000000 0.607214 0.039414
100.997070 18.174259 8.455964 -0.864800 0.502117 -0.000000 0.607214 0.048531
21.004707 18.174255 8.455976 -0.864801 0.502115 -0.000000 0.048196 0.048531
21.004707 18.174255 8.455976 -0.864801 0.502115 -0.000000 0.048196 0.048531
21.004707 18.327030 8.723601 -0.878468 0.477802 -0.000000 0.048196 0.039414
100.997070 18.327032 8.723590 -0.878467 0.477804 -0.000000 0.607214 0.039414
100.997070 18.174259 8.455964 -0.864800 0.502117 -0.000000 0.607214 0.903590
100.997070 17.933128 8.455964 -0.854960 -0.518694 -0.000000 0.607214 0.883502
21.004707 17.933125 8.455976 -0.854960 -0.518695 -0.000000 0.048196 0.883502
21.004707 17.933125 8.455976 -0.854960 -0.518695 -0.000000 0.048196 0.883502
21.004707 18.174255 8.455976 -0.864801 0.502115 -0.000000 0.048196 0.903590
100.997070 18.174259 8.455964 -0.864800 0.502117 -0.000000 0.607214 0.903590
100.997070 17.933128 8.455964 -0.854960 -0.518694 -0.000000 0.607214 0.048530
100.997070 17.741543 8.823827 0.300532 -0.953772 0.000000 0.607214 0.035995
21.004707 17.741543 8.823838 0.300533 -0.953772 0.000000 0.048196 0.035995
21.004707 17.741543 8.823838 0.300533 -0.953772 0.000000 0.048196 0.035995
21.004707 17.933125 8.455976 -0.854960 -0.518695 -0.000000 0.048196 0.048529
100.997070 17.933128 8.455964 -0.854960 -0.518694 -0.000000 0.607214 0.048530
100.997070 18.935745 8.489670 0.000000 -0.000000 -1.000000 0.067159 0.967030
100.997070 18.956182 8.455964 0.000000 -0.000000 -1.000000 0.067821 0.968732
100.997070 19.136023 8.800803 0.000000 -0.000000 -1.000000 0.061054 0.983720
100.997070 19.136023 8.800803 0.000000 -0.000000 -1.000000 0.061054 0.983720
100.997070 19.101072 8.819030 0.000000 -0.000000 -1.000000 0.060696 0.980808
100.997070 18.935745 8.489670 0.000000 -0.000000 -1.000000 0.067159 0.967030
100.997070 18.743626 8.490655 0.000000 -0.000000 -1.000000 0.067139 0.951024
100.997070 18.724909 8.455964 0.000000 -0.000000 -1.000000 0.067820 0.949464
100.997070 18.956182 8.455964 0.000000 -0.000000 -1.000000 0.067821 0.968732
100.997070 18.956182 8.455964 0.000000 -0.000000 -1.000000 0.067821 0.968732
100.997070 18.935745 8.489670 0.000000 -0.000000 -1.000000 0.067159 0.967030
100.997070 18.743626 8.490655 0.000000 -0.000000 -1.000000 0.067139 0.951024
100.997070 18.577225 8.744872 0.000000 -0.000000 -1.000000 0.062150 0.937166
100.997070 18.557549 8.710717 0.000000 -0.000000 -1.000000 0.062820 0.935526
100.997070 18.724909 8.455964 0.000000 -0.000000 -1.000000 0.067820 0.949464
100.997070 18.724909 8.455964 0.000000 -0.000000 -1.000000 0.067820 0.949464
100.997070 18.743626 8.490655 0.000000 -0.000000 -1.000000 0.067139 0.951024
100.997070 18.577225 8.744872 0.000000 -0.000000 -1.000000 0.062150 0.937166
100.997070 18.308199 8.758216 0.000000 -0.000000 -1.000000 0.061887 0.914754
100.997070 18.327032 8.723590 0.000000 -0.000000 -1.000000 0.062566 0.916322
100.997070 18.557549 8.710717 0.000000 -0.000000 -1.000000 0.062820 0.935526
100.997070 18.557549 8.710717 0.000000 -0.000000 -1.000000 0.062820 0.935526
100.997070 18.577225 8.744872 0.000000 -0.000000 -1.000000 0.062150 0.937166
100.997070 18.308199 8.758216 0.000000 -0.000000 -1.000000 0.061887 0.914754
100.997070 18.154467 8.490051 0.000000 -0.000000 -1.000000 0.067149 0.901942
100.997070 18.174259 8.455964 0.000000 -0.000000 -1.000000 0.067818 0.903590
100.997070 18.327032 8.723590 0.000000 -0.000000 -1.000000 0.062566 0.916322
100.997070 18.327032 8.723590 0.000000 -0.000000 -1.000000 0.062566 0.916322
100.997070 18.308199 8.758216 0.000000 -0.000000 -1.000000 0.061887 0.914754
100.997070 18.154467 8.490051 0.000000 -0.000000 -1.000000 0.067149 0.901942
100.997070 17.953571 8.489665 0.000000 -0.000000 -1.000000 0.067155 0.885206
100.997070 17.933128 8.455964 0.000000 -0.000000 -1.000000 0.067817 0.883502
100.997070 18.174259 8.455964 0.000000 -0.000000 -1.000000 0.067818 0.903590
100.997070 18.174259 8.455964 0.000000 -0.000000 -1.000000 0.067818 0.903590
100.997070 18.154467 8.490051 0.000000 -0.000000 -1.000000 0.067149 0.901942
100.997070 17.953571 8.489665 0.000000 -0.000000 -1.000000 0.067155 0.885206
100.997070 17.776505 8.842034 0.000000 -0.000000 -1.000000 0.060240 0.870460
100.997070 17.741543 8.823827 0.000000 -0.000000 -1.000000 0.060597 0.867547
100.997070 17.933128 8.455964 0.000000 -0.000000 -1.000000 0.067817 0.883502
100.997070 17.933128 8.455964 0.000000 -0.000000 -1.000000 0.067817 0.883502
100.997070 17.953571 8.489665 0.000000 -0.000000 -1.000000 0.067155 0.885206
100.997070 17.776505 8.842034 0.000000 -0.000000 -1.000000 0.060240 0.870460
21.004707 19.101070 8.819043 0.951582 -0.307395 0.000000 0.048196 0.036167
21.004707 18.935745 8.489684 0.852402 -0.522887 0.000000 0.048196 0.047388
100.997070 18.935745 8.489670 0.852407 -0.522879 0.000000 0.607214 0.047388
100.997070 18.935745 8.489670 0.852407 -0.522879 0.000000 0.607214 0.047388
100.997070 19.101072 8.819030 0.951585 -0.307387 -0.000000 0.607214 0.036167
21.004707 19.101070 8.819043 0.951582 -0.307395 0.000000 0.048196 0.036167
21.004707 17.776503 8.842046 0.951568 0.307439 0.000000 0.048196 0.870460
21.004707 17.741543 8.823838 0.300533 -0.953772 0.000000 0.048196 0.867547
100.997070 17.741543 8.823827 0.300532 -0.953772 0.000000 0.607214 0.867547
100.997070 17.741543 8.823827 0.300532 -0.953772 0.000000 0.607214 0.867547
100.997070 17.776505 8.842034 0.951568 0.307438 0.000000 0.607214 0.870460
21.004707 17.776503 8.842046 0.951568 0.307439 0.000000 0.048196 0.870460
27.132147 17.166641 8.843326 0.000000 -1.000000 -0.000000 0.051269 0.035327
27.799520 17.166641 8.843326 0.000000 -1.000000 -0.000000 0.056189 0.035327
27.799520 17.166641 9.409276 0.000000 -1.000000 -0.000000 0.056189 0.016045
27.799520 17.166641 9.409276 0.000000 -1.000000 -0.000000 0.056189 0.016045
27.132147 17.166641 9.409276 0.000000 -1.000000 -0.000000 0.051269 0.016045
27.132147 17.166641 8.843326 0.000000 -1.000000 -0.000000 0.051269 0.035327
27.132147 19.169807 8.843326 0.000000 1.000000 0.000001 0.051269 0.035340
27.132147 19.169807 9.409276 0.000000 1.000000 0.000001 0.051269 0.016058
27.799520 19.169807 9.409276 0.000000 1.000000 0.000001 0.056189 0.016058
27.799520 19.169807 9.409276 0.000000 1.000000 0.000001 0.056189 0.016058
27.799520 19.169807 8.843326 0.000000 1.000000 0.000001 0.056189 0.035340
27.132147 19.169807 8.843326 0.000000 1.000000 0.000001 0.051269 0.035340
27.132147 17.166641 8.843326 0.000000 0.000000 1.000000 0.060212 0.819653
27.132147 17.166641 9.409276 0.000000 0.000000 1.000000 0.049105 0.819662
27.132147 19.169807 9.409276 0.000000 0.000000 1.000000 0.049113 0.986544
27.132147 19.169807 9.409276 0.000000 0.000000 1.000000 0.049113 0.986544
27.132147 19.169807 8.843326 0.000000 0.000000 1.000000 0.060220 0.986535
27.132147 17.166641 8.843326 0.000000 0.000000 1.000000 0.060212 0.819653
27.132147 17.166641 9.409276 1.000000 0.000000 0.000000 0.051269 0.819662
27.799520 17.166641 9.409276 1.000000 0.000000 0.000000 0.056189 0.819662
27.799520 19.169807 9.409276 1.000000 0.000000 0.000000 0.056189 0.986544
27.799520 19.169807 9.409276 1.000000 0.000000 0.000000 0.056189 0.986544
27.132147 19.169807 9.409276 1.000000 0.000000 0.000000 0.051269 0.986544
27.132147 17.166641 9.409276 1.000000 0.000000 0.000000 0.051269 0.819662
27.799520 17.166641 9.409276 0.000000 -0.000000 -1.000000 0.049105 0.819662
27.799520 17.166641 8.843326 0.000000 -0.000000 -1.000000 0.060212 0.819653
27.799520 19.169807 8.843326 0.000000 -0.000000 -1.000000 0.060220 0.986535
27.799520 19.169807 8.843326 0.000000 -0.000000 -1.000000 0.060220 0.986535
27.799520 19.169807 9.409276 0.000000 -0.000000 -1.000000 0.049113 0.986544
27.799520 17.166641 9.409276 0.000000 -0.000000 -1.000000 0.049105 0.819662
27.799520 17.166641 8.843326 -1.000000 0.000000 -0.000000 0.056189 0.819653
27.132147 17.166641 8.843326 -1.000000 0.000000 -0.000000 0.051269 0.819653
27.132147 19.169807 8.843326 -1.000000 0.000000 -0.000000 0.051269 0.986535
27.132147 19.169807 8.843326 -1.000000 0.000000 -0.000000 0.051269 0.986535
27.799520 19.169807 8.843326 -1.000000 -0.000000 0.000000 0.056189 0.986535
27.799520 17.166641 8.843326 -1.000000 0.000000 -0.000000 0.056189 0.819653
49.988422 17.166641 8.843318 0.000000 -1.000000 0.000000 0.205795 0.035327
50.655804 17.166641 8.843318 0.000000 -1.000000 0.000000 0.210715 0.035327
50.655804 17.166641 9.409272 0.000000 -1.000000 0.000000 0.210715 0.016045
50.655804 17.166641 9.409272 0.000000 -1.000000 0.000000 0.210715 0.016045
49.988422 17.166641 9.409272 0.000000 -1.000000 0.000000 0.205795 0.016045
49.988422 17.166641 8.843318 0.000000 -1.000000 0.000000 0.205795 0.035327
49.988422 19.169807 8.843318 0.000000 1.000000 -0.000000 0.205795 0.035340
49.988422 19.169807 9.409272 0.000000 1.000000 -0.000000 0.205795 0.016058
50.655804 19.169807 9.409272 0.000000 1.000000 -0.000000 0.210715 0.016058
50.655804 19.169807 9.409272 0.000000 1.000000 -0.000000 0.210715 0.016058
50.655804 19.169807 8.843318 0.000000 1.000000 -0.000000 0.210715 0.035340
49.988422 19.169807 8.843318 0.000000 1.000000 -0.000000 0.205795 0.035340
49.988422 17.166641 8.843318 0.000000 0.000000 1.000000 0.060212 0.819653
49.988422 17.166641 9.409272 0.000000 0.000000 1.000000 0.049105 0.819662
49.988422 19.169807 9.409272 0.000000 0.000000 1.000000 0.049113 0.986544
49.988422 19.169807 9.409272 0.000000 0.000000 1.000000 0.049113 0.986544
49.988422 19.169807 8.843318 0.000000 0.000000 1.000000 0.060220 0.986535
49.988422 17.166641 8.843318 0.000000 0.000000 1.000000 0.060212 0.819653
49.988422 17.166641 9.409272 1.000000 0.000000 0.000000 0.205795 0.819662
50.655804 17.166641 9.409272 1.000000 0.000000 0.000000 0.210715 0.819662
50.655804 19.169807 9.409272 1.000000 0.000000 0.000000 0.210715 0.986544
50.655804 19.169807 9.409272 1.000000 0.000000 0.000000 0.210715 0.986544
49.988422 19.169807 9.409272 1.000000 0.000000 0.000000 0.205795 0.986544
49.988422 17.166641 9.409272 1.000000 0.000000 0.000000 0.205795 0.819662
50.655804 17.166641 9.409272 0.000000 -0.000000 -1.000000 0.049105 0.819662
50.655804 17.166641 8.843318 0.000000 -0.000000 -1.000000 0.060212 0.819653
50.655804 19.169807 8.843318 0.000000 -0.000000 -1.000000 0.060220 0.986535
50.655804 19.169807 8.843318 0.000000 -0.000000 -1.000000 0.060220 0.986535
50.655804 19.169807 9.409272 0.000000 -0.000000 -1.000000 0.049113 0.986544
50.655804 17.166641 9.409272 0.000000 -0.000000 -1.000000 0.049105 0.819662
50.655804 17.166641 8.843318 -1.000000 0.000000 -0.000000 0.210715 0.819653
49.988422 17.166641 8.843318 -1.000000 0.000000 -0.000000 0.205795 0.819653
49.988422 19.169807 8.843318 -1.000000 0.000000 -0.000000 0.205795 0.986535
49.988422 19.169807 8.843318 -1.000000 0.000000 -0.000000 0.205795 0.986535
50.655804 19.169807 8.843318 -1.000000 0.000000 0.000000 0.210715 0.986535
50.655804 17.166641 8.843318 -1.000000 0.000000 -0.000000 0.210715 0.819653
70.034401 17.166641 8.843316 0.000000 -1.000000 0.000000 0.367851 0.035327
70.701775 17.166641 8.843316 0.000000 -1.000000 0.000000 0.372772 0.035327
70.701775 17.166641 9.409268 0.000000 -1.000000 0.000000 0.372772 0.016045
70.701775 17.166641 9.409268 0.000000 -1.000000 0.000000 0.372772 0.016045
70.034401 17.166641 9.409268 0.000000 -1.000000 0.000000 0.367851 0.016045
70.034401 17.166641 8.843316 0.000000 -1.000000 0.000000 0.367851 0.035327
70.034401 19.169807 8.843316 0.000000 1.000000 -0.000000 0.367851 0.035340
70.034401 19.169807 9.409268 0.000000 1.000000 -0.000000 0.367851 0.016058
70.701775 19.169807 9.409268 0.000000 1.000000 -0.000000 0.372772 0.016058
70.701775 19.169807 9.409268 0.000000 1.000000 -0.000000 0.372772 0.016058
70.701775 19.169807 8.843316 0.000000 1.000000 -0.000000 0.372772 0.035340
70.034401 19.169807 8.843316 0.000000 1.000000 -0.000000 0.367851 0.035340
70.034401 17.166641 8.843316 0.000000 0.000000 1.000000 0.060212 0.819653
70.034401 17.166641 9.409268 0.000000 0.000000 1.000000 0.049105 0.819662
70.034401 19.169807 9.409268 0.000000 0.000000 1.000000 0.049113 0.986544
70.034401 19.169807 9.409268 0.000000 0.000000 1.000000 0.049113 0.986544
70.034401 19.169807 8.843316 0.000000 0.000000 1.000000 0.060220 0.986535
70.034401 17.166641 8.843316 0.000000 0.000000 1.000000 0.060212 0.819653
70.034401 17.166641 9.409268 1.000000 0.000000 0.000000 0.367851 0.819662
70.701775 17.166641 9.409268 1.000000 0.000000 0.000000 0.372772 0.819662
70.701775 19.169807 9.409268 1.000000 0.000000 0.000000 0.372772 0.986544
70.701775 19.169807 9.409268 1.000000 0.000000 0.000000 0.372772 0.986544
70.034401 19.169807 9.409268 1.000000 0.000000 0.000000 0.367851 0.986544
70.034401 17.166641 9.409268 1.000000 0.000000 0.000000 0.367851 0.819662
70.701775 17.166641 9.409268 0.000000 -0.000000 -1.000000 0.049105 0.819662
70.701775 17.166641 8.843316 0.000000 -0.000000 -1.000000 0.060212 0.819653
70.701775 19.169807 8.843316 0.000000 -0.000000 -1.000000 0.060220 0.986535
70.701775 19.169807 8.843316 0.000000 -0.000000 -1.000000 0.060220 0.986535
70.701775 19.169807 9.409268 0.000000 -0.000000 -1.000000 0.049113 0.986544
70.701775 17.166641 9.409268 0.000000 -0.000000 -1.000000 0.049105 0.819662
70.701775 17.166641 8.843316 -1.000000 0.000000 -0.000000 0.372772 0.819653
70.034401 17.166641 8.843316 -1.000000 0.000000 -0.000000 0.367851 0.819653
70.034401 19.169807 8.843316 -1.000000 0.000000 -0.000000 0.367851 0.986535
70.034401 19.169807 8.843316 -1.000000 0.000000 -0.000000 0.367851 0.986535
70.701775 19.169807 8.843316 -1.000000 0.000000 0.000000 0.372772 0.986535
70.701775 17.166641 8.843316 -1.000000 0.000000 -0.000000 0.372772 0.819653
87.959709 17.166643 8.843312 0.000000 -1.000000 -0.000000 0.503796 0.035327
88.627090 17.166643 8.843312 0.000000 -1.000000 -0.000000 0.508716 0.035327
88.627090 17.166643 9.409265 0.000000 -1.000000 -0.000000 0.508716 0.016045
88.627090 17.166643 9.409265 0.000000 -1.000000 -0.000000 0.508716 0.016045
87.959709 17.166643 9.409265 0.000000 -1.000000 -0.000000 0.503796 0.016045
87.959709 17.166643 8.843312 0.000000 -1.000000 -0.000000 0.503796 0.035327
87.959709 19.169809 8.843312 0.000000 1.000000 -0.000000 0.503796 0.035340
87.959709 19.169811 9.409265 0.000000 1.000000 -0.000000 0.503796 0.016058
88.627090 19.169811 9.409265 0.000000 1.000000 -0.000000 0.508716 0.016058
88.627090 19.169811 9.409265 0.000000 1.000000 -0.000000 0.508716 0.016058
88.627090 19.169809 8.843312 0.000000 1.000000 -0.000000 0.508716 0.035340
87.959709 19.169809 8.843312 0.000000 1.000000 -0.000000 0.503796 0.035340
87.959709 17.166643 8.843312 0.000000 0.000000 1.000000 0.060212 0.819653
87.959709 17.166643 9.409265 0.000000 0.000000 1.000000 0.049105 0.819662
87.959709 19.169811 9.409265 0.000000 0.000000 1.000000 0.049113 0.986544
87.959709 19.169811 9.409265 0.000000 0.000000 1.000000 0.049113 0.986544
87.959709 19.169809 8.843312 0.000000 0.000000 1.000000 0.060220 0.986535
87.959709 17.166643 8.843312 0.000000 0.000000 1.000000 0.060212 0.819653
87.959709 17.166643 9.409265 1.000000 0.000000 0.000000 0.503796 0.819662
88.627090 17.166643 9.409265 1.000000 0.000000 0.000000 0.508716 0.819662
88.627090 19.169811 9.409265 1.000000 0.000000 0.000000 0.508716 0.986544
88.627090 19.169811 9.409265 1.000000 0.000000 0.000000 0.508716 0.986544
87.959709 19.169811 9.409265 1.000000 0.000000 0.000000 0.503796 0.986544
87.959709 17.166643 9.409265 1.000000 0.000000 0.000000 0.503796 0.819662
88.627090 17.166643 9.409265 0.000000 -0.000000 -1.000000 0.049105 0.819662
88.627090 17.166643 8.843312 0.000000 -0.000000 -1.000000 0.060212 0.819653
88.627090 19.169809 8.843312 0.000000 -0.000000 -1.000000 0.060220 0.986535
88.627090 19.169809 8.843312 0.000000 -0.000000 -1.000000 0.060220 0.986535
88.627090 19.169811 9.409265 0.000000 -0.000000 -1.000000 0.049113 0.986544
88.627090 17.166643 9.409265 0.000000 -0.000000 -1.000000 0.049105 0.819662
88.627090 17.166643 8.843312 -1.000000 0.000000 -0.000000 0.508716 0.819653
87.959709 17.166643 8.843312 -1.000000 0.000000 -0.000000 0.503796 0.819653
87.959709 19.169809 8.843312 -1.000000 0.000000 -0.000000 0.503796 0.986535
87.959709 19.169809 8.843312 -1.000000 0.000000 -0.000000 0.503796 0.986535
88.627090 19.169809 8.843312 -1.000000 0.000000 0.000000 0.508716 0.986535
88.627090 17.166643 8.843312 -1.000000 0.000000 -0.000000 0.508716 0.819653
87.959702 17.166641 -9.338219 0.000000 -1.000000 -0.000000 0.503796 0.974583
88.627083 17.166643 -9.338219 0.000000 -1.000000 -0.000000 0.508716 0.974583
88.627083 17.166643 -8.772264 0.000000 -1.000000 -0.000000 0.508716 0.955301
88.627083 17.166643 -8.772264 0.000000 -1.000000 -0.000000 0.508716 0.955301
87.959702 17.166641 -8.772263 0.000000 -1.000000 -0.000000 0.503796 0.955301
87.959702 17.166641 -9.338219 0.000000 -1.000000 -0.000000 0.503796 0.974583
87.959702 19.169809 -9.338219 0.000000 1.000000 -0.000000 0.503796 0.974596
87.959702 19.169809 -8.772264 0.000000 1.000000 -0.000000 0.503796 0.955314
88.627083 19.169809 -8.772264 0.000000 1.000000 -0.000000 0.508716 0.955314
88.627083 19.169809 -8.772264 0.000000 1.000000 -0.000000 0.508716 0.955314
88.627083 19.169809 -9.338219 0.000000 1.000000 -0.000000 0.508716 0.974596
87.959702 19.169809 -9.338219 0.000000 1.000000 -0.000000 0.503796 0.974596
87.959702 17.166641 -9.338219 0.000000 0.000000 1.000000 0.601234 0.819204
87.959702 17.166641 -8.772263 0.000000 0.000000 1.000000 0.590127 0.819214
87.959702 19.169809 -8.772264 0.000000 0.000000 1.000000 0.590135 0.986096
87.959702 19.169809 -8.772264 0.000000 0.000000 1.000000 0.590135 0.986096
87.959702 19.169809 -9.338219 0.000000 0.000000 1.000000 0.601242 0.986086
87.959702 17.166641 -9.338219 0.000000 0.000000 1.000000 0.601234 0.819204
87.959702 17.166641 -8.772263 1.000000 0.000000 0.000000 0.503796 0.819214
88.627083 17.166643 -8.772264 1.000000 0.000000 0.000000 0.508716 0.819214
88.627083 19.169809 -8.772264 1.000000 0.000000 0.000000 0.508716 0.986096
88.627083 19.169809 -8.772264 1.000000 0.000000 0.000000 0.508716 0.986096
87.959702 19.169809 -8.772264 1.000000 0.000000 0.000000 0.503796 0.986096
87.959702 17.166641 -8.772263 1.000000 0.000000 0.000000 0.503796 0.819214
88.627083 17.166643 -8.772264 0.000000 -0.000000 -1.000000 0.590127 0.819214
88.627083 17.166643 -9.338219 0.000000 -0.000000 -1.000000 0.601234 0.819204
88.627083 19.169809 -9.338219 0.000000 -0.000000 -1.000000 0.601242 0.986086
88.627083 19.169809 -9.338219 0.000000 -0.000000 -1.000000 0.601242 0.986086
88.627083 19.169809 -8.772264 0.000000 -0.000000 -1.000000 0.590135 0.986096
88.627083 17.166643 -8.772264 0.000000 -0.000000 -1.000000 0.590127 0.819214
88.627083 17.166643 -9.338219 -1.000000 0.000000 -0.000000 0.508716 0.819204
87.959702 17.166641 -9.338219 -1.000000 0.000000 -0.000000 0.503796 0.819204
87.959702 19.169809 -9.338219 -1.000000 0.000000 -0.000000 0.503796 0.986086
87.959702 19.169809 -9.338219 -1.000000 0.000000 -0.000000 0.503796 0.986086
88.627083 19.169809 -9.338219 -1.000000 0.000000 0.000000 0.508716 0.986086
88.627083 17.166643 -9.338219 -1.000000 0.000000 -0.000000 0.508716 0.819204
70.034393 17.166641 -9.338214 0.000000 -1.000000 0.000000 0.367851 0.974583
70.701775 17.166641 -9.338214 0.000000 -1.000000 0.000000 0.372772 0.974583
70.701775 17.166641 -8.772260 0.000000 -1.000000 0.000000 0.372772 0.955301
70.701775 17.166641 -8.772260 0.000000 -1.000000 0.000000 0.372772 0.955301
70.034393 17.166641 -8.772260 0.000000 -1.000000 0.000000 0.367851 0.955301
70.034393 17.166641 -9.338214 0.000000 -1.000000 0.000000 0.367851 0.974583
70.034393 19.169807 -9.338214 0.000000 1.000000 -0.000000 0.367851 0.974596
70.034393 19.169807 -8.772260 0.000000 1.000000 -0.000000 0.367851 0.955314
70.701775 19.169807 -8.772260 0.000000 1.000000 -0.000000 0.372772 0.955314
70.701775 19.169807 -8.772260 0.000000 1.000000 -0.000000 0.372772 0.955314
70.701775 19.169807 -9.338215 0.000000 1.000000 -0.000000 0.372772 0.974596
70.034393 19.169807 -9.338214 0.000000 1.000000 -0.000000 0.367851 0.974596
70.034393 17.166641 -9.338214 0.000000 0.000000 1.000000 0.601234 0.819204
70.034393 17.166641 -8.772260 0.000000 0.000000 1.000000 0.590127 0.819214
70.034393 19.169807 -8.772260 0.000000 0.000000 1.000000 0.590135 0.986096
70.034393 19.169807 -8.772260 0.000000 0.000000 1.000000 0.590135 0.986096
70.034393 19.169807 -9.338214 0.000000 0.000000 1.000000 0.601242 0.986086
70.034393 17.166641 -9.338214 0.000000 0.000000 1.000000 0.601234 0.819204
70.034393 17.166641 -8.772260 1.000000 0.000000 0.000000 0.367851 0.819214
70.701775 17.166641 -8.772260 1.000000 0.000000 0.000000 0.372772 0.819214
70.701775 19.169807 -8.772260 1.000000 0.000000 0.000000 0.372772 0.986096
70.701775 19.169807 -8.772260 1.000000 0.000000 0.000000 0.372772 0.986096
70.034393 19.169807 -8.772260 1.000000 0.000000 0.000000 0.367851 0.986096
70.034393 17.166641 -8.772260 1.000000 0.000000 0.000000 0.367851 0.819214
70.701775 17.166641 -8.772260 0.000000 -0.000000 -1.000000 0.590127 0.819214
70.701775 17.166641 -9.338214 0.000000 -0.000000 -1.000000 0.601234 0.819204
70.701775 19.169807 -9.338215 0.000000 -0.000000 -1.000000 0.601242 0.986086
70.701775 19.169807 -9.338215 0.000000 -0.000000 -1.000000 0.601242 0.986086
70.701775 19.169807 -8.772260 0.000000 -0.000000 -1.000000 0.590135 0.986096
70.701775 17.166641 -8.772260 0.000000 -0.000000 -1.000000 0.590127 0.819214
70.701775 17.166641 -9.338214 -1.000000 0.000000 -0.000000 0.372772 0.819204
70.034393 17.166641 -9.338214 -1.000000 0.000000 -0.000000 0.367851 0.819204
70.034393 19.169807 -9.338214 -1.000000 0.000000 -0.000000 0.367851 0.986086
70.034393 19.169807 -9.338214 -1.000000 0.000000 -0.000000 0.367851 0.986086
70.701775 19.169807 -9.338215 -1.000000 0.000000 0.000000 0.372772 0.986086
70.701775 17.166641 -9.338214 -1.000000 0.000000 -0.000000 0.372772 0.819204
49.988419 17.166639 -9.338211 0.000000 -1.000000 0.000000 0.205795 0.974583
50.655800 17.166639 -9.338211 0.000000 -1.000000 0.000000 0.210715 0.974583
50.655800 17.166639 -8.772261 0.000000 -1.000000 0.000000 0.210715 0.955301
50.655800 17.166639 -8.772261 0.000000 -1.000000 0.000000 0.210715 0.955301
49.988419 17.166639 -8.772261 0.000000 -1.000000 0.000000 0.205795 0.955301
49.988419 17.166639 -9.338211 0.000000 -1.000000 0.000000 0.205795 0.974583
49.988419 19.169807 -9.338211 0.000000 1.000000 -0.000000 0.205795 0.974596
49.988419 19.169807 -8.772261 0.000000 1.000000 -0.000000 0.205795 0.955314
50.655800 19.169807 -8.772261 0.000000 1.000000 -0.000000 0.210715 0.955314
50.655800 19.169807 -8.772261 0.000000 1.000000 -0.000000 0.210715 0.955314
50.655800 19.169807 -9.338212 0.000000 1.000000 -0.000000 0.210715 0.974596
49.988419 19.169807 -9.338211 0.000000 1.000000 -0.000000 0.205795 0.974596
49.988419 17.166639 -9.338211 0.000000 0.000000 1.000000 0.601234 0.819204
49.988419 17.166639 -8.772261 0.000000 0.000000 1.000000 0.590127 0.819213
49.988419 19.169807 -8.772261 0.000000 0.000000 1.000000 0.590135 0.986096
49.988419 19.169807 -8.772261 0.000000 0.000000 1.000000 0.590135 0.986096
49.988419 19.169807 -9.338211 0.000000 0.000000 1.000000 0.601242 0.986086
49.988419 17.166639 -9.338211 0.000000 0.000000 1.000000 0.601234 0.819204
49.988419 17.166639 -8.772261 1.000000 0.000000 0.000000 0.205795 0.819213
50.655800 17.166639 -8.772261 1.000000 0.000000 0.000000 0.210715 0.819213
50.655800 19.169807 -8.772261 1.000000 0.000000 0.000000 0.210715 0.986096
50.655800 19.169807 -8.772261 1.000000 0.000000 0.000000 0.210715 0.986096
49.988419 19.169807 -8.772261 1.000000 0.000000 0.000000 0.205795 0.986096
49.988419 17.166639 -8.772261 1.000000 0.000000 0.000000 0.205795 0.819213
50.655800 17.166639 -8.772261 0.000000 -0.000000 -1.000000 0.590127 0.819213
50.655800 17.166639 -9.338211 0.000000 -0.000000 -1.000000 0.601234 0.819204
50.655800 19.169807 -9.338212 0.000000 -0.000000 -1.000000 0.601242 0.986086
50.655800 19.169807 -9.338212 0.000000 -0.000000 -1.000000 0.601242 0.986086
50.655800 19.169807 -8.772261 0.000000 -0.000000 -1.000000 0.590135 0.986096
50.655800 17.166639 -8.772261 0.000000 -0.000000 -1.000000 0.590127 0.819213
50.655800 17.166639 -9.338211 -1.000000 0.000000 -0.000000 0.210715 0.819204
49.988419 17.166639 -9.338211 -1.000000 0.000000 -0.000000 0.205795 0.819204
49.988419 19.169807 -9.338211 -1.000000 0.000000 -0.000000 0.205795 0.986086
49.988419 19.169807 -9.338211 -1.000000 0.000000 -0.000000 0.205795 0.986086
50.655800 19.169807 -9.338212 -1.000000 0.000000 0.000000 0.210715 0.986086
50.655800 17.166639 -9.338211 -1.000000 0.000000 -0.000000 0.210715 0.819204
27.132143 17.166639 -9.338209 0.000000 -1.000000 -0.000000 0.051269 0.974583
27.799526 17.166639 -9.338209 0.000000 -1.000000 -0.000000 0.056189 0.974583
27.799526 17.166639 -8.772258 0.000000 -1.000000 -0.000000 0.056189 0.955301
27.799526 17.166639 -8.772258 0.000000 -1.000000 -0.000000 0.056189 0.955301
27.132143 17.166639 -8.772258 0.000000 -1.000000 -0.000000 0.051269 0.955301
27.132143 17.166639 -9.338209 0.000000 -1.000000 -0.000000 0.051269 0.974583
27.132143 19.169807 -9.338209 0.000000 1.000000 0.000001 0.051269 0.974596
27.132143 19.169807 -8.772258 0.000000 1.000000 0.000001 0.051269 0.955314
27.799526 19.169807 -8.772258 0.000000 1.000000 0.000001 0.056189 0.955314
27.799526 19.169807 -8.772258 0.000000 1.000000 0.000001 0.056189 0.955314
27.799526 19.169807 -9.338209 0.000000 1.000000 0.000001 0.056189 0.974596
27.132143 19.169807 -9.338209 0.000000 1.000000 0.000001 0.051269 0.974596
27.132143 17.166639 -9.338209 0.000000 0.000000 1.000000 0.601234 0.819204
27.132143 17.166639 -8.772258 0.000000 0.000000 1.000000 0.590127 0.819213
27.132143 19.169807 -8.772258 0.000000 0.000000 1.000000 0.590135 0.986095
27.132143 19.169807 -8.772258 0.000000 0.000000 1.000000 0.590135 0.986095
27.132143 19.169807 -9.338209 0.000000 0.000000 1.000000 0.601242 0.986086
27.132143 17.166639 -9.338209 0.000000 0.000000 1.000000 0.601234 0.819204
27.132143 17.166639 -8.772258 1.000000 0.000000 0.000000 0.051269 0.819213
27.799526 17.166639 -8.772258 1.000000 0.000000 0.000000 0.056189 0.819213
27.799526 19.169807 -8.772258 1.000000 0.000000 0.000000 0.056189 0.986095
27.799526 19.169807 -8.772258 1.000000 0.000000 0.000000 0.056189 0.986095
27.132143 19.169807 -8.772258 1.000000 0.000000 0.000000 0.051269 0.986095
27.132143 17.166639 -8.772258 1.000000 0.000000 0.000000 0.051269 0.819213
27.799526 17.166639 -8.772258 0.000000 -0.000000 -1.000000 0.590127 0.819213
27.799526 17.166639 -9.338209 0.000000 -0.000000 -1.000000 0.601234 0.819204
27.799526 19.169807 -9.338209 0.000000 -0.000000 -1.000000 0.601242 0.986086
27.799526 19.169807 -9.338209 0.000000 -0.000000 -1.000000 0.601242 0.986086
27.799526 19.169807 -8.772258 0.000000 -0.000000 -1.000000 0.590135 0.986095
27.799526 17.166639 -8.772258 0.000000 -0.000000 -1.000000 0.590127 0.819213
27.799526 17.166639 -9.338209 -1.000000 0.000000 -0.000000 0.056189 0.819204
27.132143 17.166639 -9.338209 -1.000000 0.000000 -0.000000 0.051269 0.819204
27.132143 19.169807 -9.338209 -1.000000 0.000000 -0.000000 0.051269 0.986086
27.132143 19.169807 -9.338209 -1.000000 0.000000 -0.000000 0.051269 0.986086
27.799526 19.169807 -9.338209 -1.000000 -0.000000 0.000000 0.056189 0.986086
27.799526 17.166639 -9.338209 -1.000000 0.000000 -0.000000 0.056189 0.819204
Box
8
51.051338 -9.426602
101.051338 9.273398
20.273560 -9.426602
27.273560 9.273398
27.013826 -7.995770
29.013826 7.704231
49.543655 -7.995770
51.543655 7.704231
End