object_road_3
84
5.353749 0.000000 1.223322 0.000000 -1.000000 0.000000 1.000167 0.000789
-5.353749 0.000000 1.223321 0.000000 -1.000000 0.000000 -0.000765 0.000788
-5.353749 0.000000 -1.223322 0.000000 -1.000000 0.000000 -0.000765 0.223960
-5.353749 0.000000 -1.223322 0.000000 -1.000000 0.000000 -0.000765 0.223960
5.353749 0.000000 -1.223320 0.000000 -1.000000 0.000000 1.000167 0.223960
5.353749 0.000000 1.223322 0.000000 -1.000000 0.000000 1.000167 0.000789
5.353749 4.352598 0.274749 0.000000 1.000000 0.000000 0.001874 0.105598
5.353749 4.352598 -0.274748 0.000000 1.000000 0.000000 0.001874 0.004938
-5.353749 4.352599 -0.274749 0.000000 1.000000 0.000000 0.996383 0.004938
-5.353749 4.352599 -0.274749 0.000000 1.000000 0.000000 0.996383 0.004938
-5.353749 4.352599 0.274748 0.000000 1.000000 0.000000 0.996383 0.105598
5.353749 4.352598 0.274749 0.000000 1.000000 0.000000 0.001874 0.105598
5.353749 0.000000 1.223322 0.000000 0.000000 1.000000 0.991870 0.236713
5.353749 0.000000 -1.223320 0.000000 0.000000 1.000000 0.991870 0.483877
5.353749 0.406885 -1.223320 0.000000 0.000000 1.000000 0.950765 0.483877
5.353749 0.406885 -1.223320 0.000000 0.000000 1.000000 0.950765 0.483877
5.353749 0.406885 1.223322 0.000000 0.000000 1.000000 0.950765 0.236713
5.353749 0.000000 1.223322 0.000000 0.000000 1.000000 0.991870 0.236713
5.353749 0.406885 1.223322 0.000000 0.000000 1.000000 0.950765 0.236713
5.353749 0.406885 -1.223320 0.000000 0.000000 1.000000 0.950765 0.483877
5.353749 1.766738 -0.434640 0.000000 0.000000 1.000000 0.813391 0.404204
5.353749 1.766738 -0.434640 0.000000 0.000000 1.000000 0.813391 0.404204
5.353749 1.766738 0.434642 0.000000 0.000000 1.000000 0.813391 0.316387
5.353749 0.406885 1.223322 0.000000 0.000000 1.000000 0.950765 0.236713
5.353749 1.766738 0.434642 0.000000 0.000000 1.000000 0.813391 0.316387
5.353749 1.766738 -0.434640 0.000000 0.000000 1.000000 0.813391 0.404204
5.353749 4.352598 -0.274748 0.000000 0.000000 1.000000 0.537689 0.388051
5.353749 4.352598 -0.274748 0.000000 0.000000 1.000000 0.537689 0.388051
5.353749 4.352598 0.274749 0.000000 0.000000 1.000000 0.537689 0.332540
5.353749 1.766738 0.434642 0.000000 0.000000 1.000000 0.813391 0.316387
5.353749 0.000000 -1.223320 1.000000 0.000000 0.000000 0.999500 0.500787
-5.353749 0.000000 -1.223322 1.000000 0.000000 0.000000 0.000500 0.500787
-5.353749 0.406885 -1.223322 0.965671 0.259768 0.000000 0.000500 0.547060
-5.353749 0.406885 -1.223322 0.965671 0.259768 0.000000 0.000500 0.547060
5.353749 0.406885 -1.223320 1.000000 0.000000 0.000000 0.999500 0.547060
5.353749 0.000000 -1.223320 1.000000 0.000000 0.000000 0.999500 0.500787
5.353749 0.406885 -1.223320 0.865041 0.501702 0.000000 0.999500 0.547060
-5.353749 0.406885 -1.223322 0.965671 0.259768 0.000000 0.000500 0.547060
-5.353749 1.766738 -0.434642 0.957191 0.289457 0.000000 0.000500 0.701710
-5.353749 1.766738 -0.434642 0.957191 0.289457 0.000000 0.000500 0.701710
5.353749 1.766738 -0.434640 0.865041 0.501702 0.000000 0.999500 0.701709
5.353749 0.406885 -1.223320 0.865041 0.501702 0.000000 0.999500 0.547060
5.353749 1.766738 -0.434640 0.998094 0.061716 0.000000 0.999500 0.701709
-5.353749 1.766738 -0.434642 0.957191 0.289457 0.000000 0.000500 0.701710
-5.353749 4.352599 -0.274749 0.998094 0.061716 0.000000 0.000500 0.995787
-5.353749 4.352599 -0.274749 0.998094 0.061716 0.000000 0.000500 0.995787
5.353749 4.352598 -0.274748 0.998094 0.061716 0.000000 0.999501 0.995787
5.353749 1.766738 -0.434640 0.998094 0.061716 0.000000 0.999500 0.701709
-5.353749 0.000000 -1.223322 0.000000 0.000000 -1.000000 0.991870 0.483877
-5.353749 0.000000 1.223321 0.000000 0.000000 -1.000000 0.991870 0.236713
-5.353749 0.406885 1.223321 0.000000 0.000000 -1.000000 0.950765 0.236713
-5.353749 0.406885 1.223321 0.000000 0.000000 -1.000000 0.950765 0.236713
-5.353749 0.406885 -1.223322 0.000000 0.000000 -1.000000 0.950766 0.483877
-5.353749 0.000000 -1.223322 0.000000 0.000000 -1.000000 0.991870 0.483877
-5.353749 0.406885 -1.223322 0.000000 0.000000 -1.000000 0.950766 0.483877
-5.353749 0.406885 1.223321 0.000000 0.000000 -1.000000 0.950765 0.236713
-5.353749 1.766738 0.434640 0.000000 0.000000 -1.000000 0.813391 0.316387
-5.353749 1.766738 0.434640 0.000000 0.000000 -1.000000 0.813391 0.316387
-5.353749 1.766738 -0.434642 0.000000 0.000000 -1.000000 0.813391 0.404203
-5.353749 0.406885 -1.223322 0.000000 0.000000 -1.000000 0.950766 0.483877
-5.353749 1.766738 -0.434642 0.000000 0.000000 -1.000000 0.813391 0.404203
-5.353749 1.766738 0.434640 0.000000 0.000000 -1.000000 0.813391 0.316387
-5.353749 4.352599 0.274748 0.000000 0.000000 -1.000000 0.537689 0.332540
-5.353749 4.352599 0.274748 0.000000 0.000000 -1.000000 0.537689 0.332540
-5.353749 4.352599 -0.274749 0.000000 0.000000 -1.000000 0.537689 0.388051
-5.353749 1.766738 -0.434642 0.000000 0.000000 -1.000000 0.813391 0.404203
-5.353749 0.000000 1.223321 -1.000000 0.000000 0.000000 0.000500 0.500787
5.353749 0.000000 1.223322 -1.000000 0.000000 0.000000 0.999500 0.500787
5.353749 0.406885 1.223322 -1.000000 0.000000 0.000000 0.999500 0.547060
5.353749 0.406885 1.223322 -1.000000 -0.000000 0.000000 0.999500 0.547060
-5.353749 0.406885 1.223321 -1.000000 -0.000000 0.000000 0.000500 0.547060
-5.353749 0.000000 1.223321 -1.000000 -0.000000 0.000000 0.000500 0.500787
-5.353749 0.406885 1.223321 -0.865041 0.501702 0.000000 0.000500 0.547060
5.353749 0.406885 1.223322 -0.865041 0.501702 0.000000 0.999500 0.547060
5.353749 1.766738 0.434642 -0.865041 0.501702 0.000000 0.999500 0.701709
5.353749 1.766738 0.434642 -0.865041 0.501702 0.000000 0.999500 0.701709
-5.353749 1.766738 0.434640 -0.865041 0.501702 0.000000 0.000500 0.701710
-5.353749 0.406885 1.223321 -0.865041 0.501702 0.000000 0.000500 0.547060
-5.353749 1.766738 0.434640 -0.998094 0.061716 0.000000 0.000500 0.701710
5.353749 1.766738 0.434642 -0.998094 0.061716 0.000000 0.999500 0.701709
5.353749 4.352598 0.274749 -0.998094 0.061716 0.000000 0.999501 0.995787
5.353749 4.352598 0.274749 -0.998094 0.061716 0.000000 0.999501 0.995787
-5.353749 4.352599 0.274748 -0.998094 0.061716 0.000000 0.000500 0.995787
-5.353749 1.766738 0.434640 -0.998094 0.061716 0.000000 0.000500 0.701710
Box
2
-5.353749 -1.223322
5.353749 1.223322
End