object_car_5
822
1.515353 3.406027 -8.920942 -0.000000 -1.000000 0.000000 0.831855 0.651979
3.939908 3.406028 -8.457333 -0.000000 -1.000000 0.000000 0.775692 0.651980
3.939909 3.406028 -7.856183 -0.000000 -1.000000 0.000000 0.775692 0.638412
-1.515335 3.406027 -8.920941 -0.000000 -1.000000 -0.000000 0.902059 0.651979
1.515353 3.406027 -8.920942 -0.000000 -1.000000 0.000000 0.831855 0.651979
3.939909 3.406028 -7.856183 -0.000000 -1.000000 0.000000 0.775692 0.638412
-3.939879 3.406026 -8.457332 -0.000000 -1.000000 -0.000001 0.958222 0.651978
-1.515335 3.406027 -8.920941 -0.000000 -1.000000 -0.000000 0.902059 0.651979
3.939909 3.406028 -7.856183 -0.000000 -1.000000 0.000000 0.775692 0.638412
-3.939879 3.406026 -8.457332 -0.000000 -1.000000 -0.000001 0.958222 0.651978
3.939909 3.406028 -7.856183 -0.000000 -1.000000 0.000000 0.775692 0.638412
-3.939879 3.406027 -7.856181 -0.000000 -1.000000 -0.000001 0.958222 0.638410
3.939908 4.021145 -7.545995 -0.000000 -0.450264 -0.892895 0.775692 0.631811
-3.939879 4.021143 -7.545993 -0.000000 -0.450265 -0.892895 0.958222 0.631809
-3.939879 3.406027 -7.856181 -0.000000 -0.450265 -0.892895 0.958222 0.638410
-3.939879 3.406027 -7.856181 -0.000000 -0.450265 -0.892895 0.958222 0.638410
3.939909 3.406028 -7.856183 -0.000000 -0.450264 -0.892895 0.775692 0.638412
3.939908 4.021145 -7.545995 -0.000000 -0.450264 -0.892895 0.775692 0.631811
3.939909 4.021144 -5.135839 -0.000000 -1.000000 0.000000 0.775692 0.584198
-3.939879 4.021143 -5.135837 -0.000000 -1.000000 0.000000 0.958222 0.584197
-3.939879 4.021143 -7.545993 -0.000000 -1.000000 0.000000 0.958222 0.631809
-3.939879 4.021143 -7.545993 -0.000000 -1.000000 0.000000 0.958222 0.631809
3.939908 4.021145 -7.545995 -0.000000 -1.000000 0.000000 0.775692 0.631811
3.939909 4.021144 -5.135839 -0.000000 -1.000000 0.000000 0.775692 0.584198
3.939909 1.460059 -3.776645 0.000000 -0.468783 0.883313 0.775692 0.564645
-3.939878 1.460058 -3.776644 0.000000 -0.468783 0.883313 0.958222 0.564644
-3.939879 4.021143 -5.135837 0.000000 -0.468783 0.883313 0.958222 0.584197
-3.939879 4.021143 -5.135837 0.000000 -0.468783 0.883313 0.958222 0.584197
3.939909 4.021144 -5.135839 0.000000 -0.468783 0.883313 0.775692 0.584198
3.939909 1.460059 -3.776645 0.000000 -0.468783 0.883313 0.775692 0.564645
3.939911 2.547009 3.864536 -0.000000 -0.838150 -0.545440 0.775692 0.381685
-3.939877 2.547008 3.864538 -0.000000 -0.838150 -0.545440 0.958222 0.381684
-3.939877 1.460059 2.194280 -0.000000 -0.838150 -0.545440 0.958222 0.401236
-3.939877 1.460059 2.194280 -0.000000 -0.838150 -0.545440 0.958222 0.401236
3.939910 1.460060 2.194278 -0.000000 -0.838150 -0.545440 0.775692 0.401238
3.939911 2.547009 3.864536 -0.000000 -0.838150 -0.545440 0.775692 0.381685
3.939911 4.039865 4.704993 -0.000000 -0.490583 -0.871395 0.775692 0.364799
-3.939877 4.039864 4.704995 -0.000000 -0.490583 -0.871394 0.958222 0.364797
-3.939877 2.547008 3.864538 -0.000000 -0.490583 -0.871394 0.958222 0.381684
-3.939877 2.547008 3.864538 -0.000000 -0.490583 -0.871394 0.958222 0.381684
3.939911 2.547009 3.864536 -0.000000 -0.490583 -0.871395 0.775692 0.381685
3.939911 4.039865 4.704993 -0.000000 -0.490583 -0.871395 0.775692 0.364799
3.939911 4.039865 6.996784 -0.000000 -1.000000 0.000000 0.775692 0.316806
-3.939876 4.039864 6.996786 -0.000000 -1.000000 0.000000 0.958222 0.316805
-3.939877 4.039864 4.704995 -0.000000 -1.000000 0.000000 0.958222 0.364797
-3.939877 4.039864 4.704995 -0.000000 -1.000000 0.000000 0.958222 0.364797
3.939911 4.039865 4.704993 -0.000000 -1.000000 0.000000 0.775692 0.364799
3.939911 4.039865 6.996784 -0.000000 -1.000000 0.000000 0.775692 0.316806
3.939911 2.375752 7.780746 0.000000 -0.426175 0.904641 0.775692 0.306353
-3.939876 2.375750 7.780747 0.000000 -0.426175 0.904641 0.958222 0.306351
-3.939876 4.039864 6.996786 0.000000 -0.426175 0.904641 0.958222 0.316805
-3.939876 4.039864 6.996786 0.000000 -0.426175 0.904641 0.958222 0.316805
3.939911 4.039865 6.996784 0.000000 -0.426175 0.904641 0.775692 0.316806
3.939911 2.375752 7.780746 0.000000 -0.426175 0.904641 0.775692 0.306353
2.671480 2.243168 8.920939 -0.000000 -0.981382 -0.192065 0.775692 0.283875
-2.671444 2.243166 8.920941 -0.000000 -0.981382 -0.192065 0.958222 0.283873
-2.671444 2.035017 7.857378 -0.000000 -0.981382 -0.192065 0.958222 0.306351
-2.671444 2.035017 7.857378 -0.000000 -0.981382 -0.192065 0.958222 0.306351
2.671479 2.035019 7.857376 -0.000000 -0.981382 -0.192065 0.775692 0.306353
2.671480 2.243168 8.920939 -0.000000 -0.981382 -0.192065 0.775692 0.283875
3.939911 5.304670 8.285192 -0.000000 0.071585 -0.997434 0.014781 0.158472
-3.939876 5.304669 8.285192 -0.000000 0.071585 -0.997434 0.387237 0.158472
-3.939876 3.368465 8.424152 -0.000000 0.071585 -0.997434 0.387237 0.073686
-3.939876 3.368465 8.424152 -0.000000 0.071585 -0.997434 0.387237 0.073686
3.939911 3.368465 8.424151 -0.000000 0.071585 -0.997434 0.014781 0.073686
3.939911 5.304670 8.285192 -0.000000 0.071585 -0.997434 0.014781 0.158472
3.611774 7.052150 8.090256 -0.000000 0.110864 -0.993836 0.029662 0.248642
-3.611740 7.052149 8.090258 -0.000000 0.110864 -0.993836 0.372357 0.248642
-3.939876 5.304669 8.285192 -0.000000 0.110864 -0.993836 0.387237 0.158472
-3.939876 5.304669 8.285192 -0.000000 0.110864 -0.993836 0.387237 0.158472
3.939911 5.304670 8.285192 -0.000000 0.110865 -0.993836 0.014781 0.158472
3.611774 7.052150 8.090256 -0.000000 0.110864 -0.993836 0.029662 0.248642
1.515352 7.139640 -3.251281 -0.001295 0.999887 0.014965 0.988243 0.472872
3.563982 7.302339 7.806386 -0.000404 0.999891 0.014791 0.425012 0.381029
3.592905 7.139640 -2.787672 -0.003249 0.999877 0.015346 0.972285 0.381038
-3.563949 7.302338 7.806388 0.000404 0.999891 0.014791 0.424998 0.698663
3.563982 7.302339 7.806386 -0.000404 0.999891 0.014791 0.425012 0.381029
1.515352 7.139640 -3.251281 -0.001295 0.999887 0.014965 0.988243 0.472872
-3.563949 7.302338 7.806388 0.000404 0.999891 0.014791 0.424998 0.698663
1.515352 7.139640 -3.251281 -0.001295 0.999887 0.014965 0.988243 0.472872
-1.515335 7.139639 -3.251280 0.001295 0.999887 0.014965 0.988237 0.606837
-3.563949 7.302338 7.806388 0.000404 0.999891 0.014791 0.424998 0.698663
-1.515335 7.139639 -3.251280 0.001295 0.999887 0.014965 0.988237 0.606837
-3.592875 7.139639 -2.787670 0.003249 0.999877 0.015346 0.972271 0.698671
-3.592875 7.139639 -2.787670 0.170134 0.451940 0.875674 0.360303 0.701330
-1.515335 7.139639 -3.251280 0.096268 0.441794 0.891937 0.264516 0.701330
-1.515335 5.304669 -4.160177 0.084562 0.448164 0.889943 0.264516 0.608822
-1.515335 5.304669 -4.160177 0.084562 0.448164 0.889943 0.264516 0.608822
-3.939878 5.304668 -3.696566 0.158171 0.463405 0.871916 0.376302 0.613992
-3.592875 7.139639 -2.787670 0.170134 0.451940 0.875674 0.360303 0.701330
-1.515335 5.304669 -4.160177 0.008118 0.996354 0.084926 0.273318 0.580561
-1.515335 5.106402 -6.486244 0.018158 0.980688 0.194735 0.273319 0.514862
-3.939879 5.106402 -6.022633 0.032167 0.983627 0.177320 0.392773 0.537797
-3.939879 5.106402 -6.022633 0.032167 0.983627 0.177320 0.392773 0.537797
-3.939878 5.304668 -3.696566 0.015405 0.996269 0.084919 0.392772 0.603496
-1.515335 5.304669 -4.160177 0.008118 0.996354 0.084926 0.273318 0.580561
-1.515335 5.106402 -6.486244 0.018158 0.980688 0.194735 0.273319 0.514862
-1.515334 4.416142 -8.755411 0.024846 0.956420 0.290934 0.273319 0.441006
-3.939879 4.416142 -8.291800 0.052720 0.955385 0.290619 0.392773 0.463941
-3.939879 4.416142 -8.291800 0.052720 0.955385 0.290619 0.392773 0.463941
-3.939879 5.106402 -6.022633 0.032167 0.983627 0.177320 0.392773 0.537797
-1.515335 5.106402 -6.486244 0.018158 0.980688 0.194735 0.273319 0.514862
-1.515334 4.416142 -8.755411 0.089261 0.161071 0.982898 0.276065 0.433766
-1.515335 3.406027 -8.920941 0.087635 0.161094 0.983041 0.276065 0.381636
-3.939879 3.406026 -8.457332 0.176217 0.159186 0.971395 0.397894 0.382899
-3.939879 3.406026 -8.457332 0.176217 0.159186 0.971395 0.397894 0.382899
-3.939879 4.416142 -8.291800 0.176217 0.159186 0.971395 0.397894 0.428627
-1.515334 4.416142 -8.755411 0.089261 0.161071 0.982898 0.276065 0.433766
-3.939876 2.375750 7.780747 1.000000 -0.000000 -0.000000 0.963949 0.748963
-3.939876 2.616412 8.900412 1.000000 -0.000000 -0.000001 0.999994 0.766149
-3.939876 3.324742 8.875878 1.000000 -0.000000 -0.000000 0.997754 0.799628
-3.939876 2.375750 7.780747 1.000000 -0.000000 -0.000000 0.963949 0.748963
-3.939876 3.324742 8.875878 1.000000 -0.000000 -0.000000 0.997754 0.799628
-3.939876 3.368465 8.424152 1.000000 0.000000 -0.000000 0.976602 0.801560
-3.939876 2.375750 7.780747 1.000000 -0.000000 -0.000000 0.963949 0.748963
-3.939876 3.368465 8.424152 1.000000 0.000000 -0.000000 0.976602 0.801560
-3.939876 5.304669 8.285192 0.995771 0.091869 -0.000000 0.974465 0.901301
-3.939879 4.416142 -8.291800 1.000000 -0.000000 -0.000001 0.194984 0.862046
-3.939879 3.406026 -8.457332 1.000000 -0.000000 -0.000001 0.187233 0.811739
-3.939879 3.406027 -7.856181 1.000000 -0.000000 -0.000001 0.215381 0.811739
-3.939879 4.416142 -8.291800 1.000000 -0.000000 -0.000001 0.194984 0.862046
-3.939879 3.406027 -7.856181 1.000000 -0.000000 -0.000001 0.215381 0.811739
-3.939879 4.021143 -7.545993 1.000000 -0.000000 -0.000001 0.229906 0.841755
-3.939879 5.106402 -6.022633 1.000000 -0.000000 -0.000000 0.301236 0.892542
-3.939879 4.416142 -8.291800 1.000000 -0.000000 -0.000001 0.194984 0.862046
-3.939879 4.021143 -7.545993 1.000000 -0.000000 -0.000001 0.229906 0.841755
-3.939879 5.106402 -6.022633 1.000000 -0.000000 -0.000000 0.301236 0.892542
-3.939879 4.021143 -7.545993 1.000000 -0.000000 -0.000001 0.229906 0.841755
-3.939879 4.021143 -5.135837 1.000000 -0.000000 -0.000000 0.342759 0.841755
-3.939878 5.304668 -3.696566 0.998618 0.052554 0.000043 0.403600 0.901302
-3.939879 5.106402 -6.022633 1.000000 -0.000000 -0.000000 0.301236 0.892542
-3.939879 4.021143 -5.135837 1.000000 -0.000000 -0.000000 0.342759 0.841755
-3.939878 5.304668 -3.696566 0.998618 0.052554 0.000043 0.403600 0.901302
-3.939879 4.021143 -5.135837 1.000000 -0.000000 -0.000000 0.342759 0.841755
-3.939878 1.460058 -3.776644 1.000000 -0.000000 -0.000000 0.406401 0.721504
-3.939878 5.304668 -3.696566 0.998618 0.052554 0.000043 0.403600 0.901302
-3.939878 1.460058 -3.776644 1.000000 -0.000000 -0.000000 0.406401 0.721504
-3.939877 1.460059 2.194280 1.000000 -0.000000 -0.000000 0.685985 0.721504
-3.939878 5.304668 -3.696566 0.998618 0.052554 0.000043 0.403600 0.901302
-3.939877 1.460059 2.194280 1.000000 -0.000000 -0.000000 0.685985 0.721504
-3.939877 2.547008 3.864538 1.000000 -0.000000 -0.000000 0.764194 0.771820
-3.939878 5.304668 -3.696566 0.998618 0.052554 0.000043 0.403600 0.901302
-3.939877 2.547008 3.864538 1.000000 -0.000000 -0.000000 0.764194 0.771820
-3.939877 4.039864 4.704995 1.000000 -0.000000 -0.000000 0.803548 0.842581
-3.939876 5.304669 8.285192 0.995771 0.091869 -0.000000 0.974465 0.901301
-3.939878 5.304668 -3.696566 0.998618 0.052554 0.000043 0.403600 0.901302
-3.939877 4.039864 4.704995 1.000000 -0.000000 -0.000000 0.803548 0.842581
-3.939876 5.304669 8.285192 0.995771 0.091869 -0.000000 0.974465 0.901301
-3.939877 4.039864 4.704995 1.000000 -0.000000 -0.000000 0.803548 0.842581
-3.939876 4.039864 6.996786 1.000000 0.000000 -0.000000 0.910859 0.842581
-3.939876 2.375750 7.780747 1.000000 -0.000000 -0.000000 0.963949 0.748963
-3.939876 5.304669 8.285192 0.995771 0.091869 -0.000000 0.974465 0.901301
-3.939876 4.039864 6.996786 1.000000 0.000000 -0.000000 0.910859 0.842581
-3.563949 7.302338 7.806388 0.980437 0.196835 0.000409 0.952046 0.986284
-3.592875 7.139639 -2.787670 0.980689 0.195572 0.000181 0.446159 0.977332
-3.939878 5.304668 -3.696566 0.998618 0.052554 0.000043 0.403600 0.901302
-3.939878 5.304668 -3.696566 0.998618 0.052554 0.000043 0.403600 0.901302
-3.939876 5.304669 8.285192 0.995771 0.091869 -0.000000 0.974465 0.901301
-3.611740 7.052149 8.090258 0.980769 0.195174 0.000155 0.965338 0.975230
-3.563949 7.302338 7.806388 0.980437 0.196835 0.000409 0.952046 0.986284
-3.939878 5.304668 -3.696566 0.998618 0.052554 0.000043 0.403600 0.901302
-3.611740 7.052149 8.090258 0.980769 0.195174 0.000155 0.965338 0.975230
3.939909 5.304670 -3.696568 -0.998618 0.052554 0.000044 0.403600 0.901302
3.592905 7.139640 -2.787672 -0.980689 0.195572 0.000182 0.446159 0.977332
3.563982 7.302339 7.806386 -0.980437 0.196835 0.000410 0.952046 0.986284
3.939909 5.304670 -3.696568 -0.998618 0.052554 0.000044 0.403600 0.901302
3.563982 7.302339 7.806386 -0.980437 0.196835 0.000410 0.952046 0.986284
3.611774 7.052150 8.090256 -0.980769 0.195174 0.000156 0.965338 0.975231
3.939909 5.304670 -3.696568 -0.998618 0.052554 0.000044 0.403600 0.901302
3.611774 7.052150 8.090256 -0.980769 0.195174 0.000156 0.965338 0.975231
3.939911 5.304670 8.285192 -0.995771 0.091869 0.000000 0.974465 0.901301
3.939909 3.406028 -7.856183 -1.000000 0.000001 0.000001 0.215381 0.811739
3.939908 3.406028 -8.457333 -1.000000 0.000000 0.000001 0.187233 0.811739
3.939908 4.416143 -8.291803 -1.000000 0.000001 0.000001 0.194984 0.862046
3.939911 3.324742 8.875877 -1.000000 -0.000000 0.000000 0.997754 0.799628
3.939911 2.616414 8.900412 -1.000000 -0.000000 0.000000 0.999994 0.766149
3.939911 2.375752 7.780746 -1.000000 -0.000000 0.000000 0.963949 0.748964
3.939911 3.368465 8.424151 -1.000000 -0.000000 0.000000 0.976602 0.801560
3.939911 3.324742 8.875877 -1.000000 -0.000000 0.000000 0.997754 0.799628
3.939911 2.375752 7.780746 -1.000000 -0.000000 0.000000 0.963949 0.748964
3.939911 5.304670 8.285192 -0.995771 0.091869 0.000000 0.974465 0.901301
3.939911 3.368465 8.424151 -1.000000 -0.000000 0.000000 0.976602 0.801560
3.939911 2.375752 7.780746 -1.000000 -0.000000 0.000000 0.963949 0.748964
3.939911 5.304670 8.285192 -0.995771 0.091869 0.000000 0.974465 0.901301
3.939911 2.375752 7.780746 -1.000000 -0.000000 0.000000 0.963949 0.748964
3.939911 4.039865 6.996784 -1.000000 -0.000000 0.000000 0.910859 0.842581
3.939911 5.304670 8.285192 -0.995771 0.091869 0.000000 0.974465 0.901301
3.939911 4.039865 6.996784 -1.000000 -0.000000 0.000000 0.910859 0.842581
3.939911 4.039865 4.704993 -1.000000 0.000000 0.000000 0.803548 0.842581
3.939909 5.304670 -3.696568 -0.998618 0.052554 0.000044 0.403600 0.901302
3.939911 5.304670 8.285192 -0.995771 0.091869 0.000000 0.974465 0.901301
3.939911 4.039865 4.704993 -1.000000 0.000000 0.000000 0.803548 0.842581
3.939909 5.304670 -3.696568 -0.998618 0.052554 0.000044 0.403600 0.901302
3.939911 4.039865 4.704993 -1.000000 0.000000 0.000000 0.803548 0.842581
3.939911 2.547009 3.864536 -1.000000 0.000000 0.000000 0.764194 0.771820
3.939909 5.304670 -3.696568 -0.998618 0.052554 0.000044 0.403600 0.901302
3.939911 2.547009 3.864536 -1.000000 0.000000 0.000000 0.764194 0.771820
3.939910 1.460060 2.194278 -1.000000 0.000000 0.000000 0.685985 0.721504
3.939909 5.304670 -3.696568 -0.998618 0.052554 0.000044 0.403600 0.901302
3.939910 1.460060 2.194278 -1.000000 0.000000 0.000000 0.685985 0.721504
3.939909 1.460059 -3.776645 -1.000000 0.000000 0.000000 0.406401 0.721504
3.939909 5.304670 -3.696568 -0.998618 0.052554 0.000044 0.403600 0.901302
3.939909 1.460059 -3.776645 -1.000000 0.000000 0.000000 0.406401 0.721504
3.939909 4.021144 -5.135839 -1.000000 0.000000 0.000000 0.342759 0.841755
3.939908 5.106403 -6.022636 -1.000000 0.000000 0.000000 0.301236 0.892542
3.939909 5.304670 -3.696568 -0.998618 0.052554 0.000044 0.403600 0.901302
3.939909 4.021144 -5.135839 -1.000000 0.000000 0.000000 0.342759 0.841755
3.939908 5.106403 -6.022636 -1.000000 0.000000 0.000000 0.301236 0.892542
3.939909 4.021144 -5.135839 -1.000000 0.000000 0.000000 0.342759 0.841755
3.939908 4.021145 -7.545995 -1.000000 0.000001 0.000000 0.229906 0.841755
3.939908 4.416143 -8.291803 -1.000000 0.000001 0.000001 0.194984 0.862046
3.939908 5.106403 -6.022636 -1.000000 0.000000 0.000000 0.301236 0.892542
3.939908 4.021145 -7.545995 -1.000000 0.000001 0.000000 0.229906 0.841755
3.939909 3.406028 -7.856183 -1.000000 0.000001 0.000001 0.215381 0.811739
3.939908 4.416143 -8.291803 -1.000000 0.000001 0.000001 0.194984 0.862046
3.939908 4.021145 -7.545995 -1.000000 0.000001 0.000000 0.229906 0.841755
2.303635 1.327621 -7.893630 0.000000 -0.117792 0.993038 0.077484 0.271606
-2.303623 1.327620 -7.893631 -0.000000 -0.117792 0.993038 0.317929 0.271606
-2.303623 4.198787 -8.234202 -0.000000 -0.117792 0.993038 0.345580 0.334455
-2.303623 4.198787 -8.234202 -0.000000 -0.117792 0.993038 0.345580 0.334455
2.303658 4.198788 -8.234201 0.000000 -0.117792 0.993038 0.049833 0.334456
2.303635 1.327621 -7.893630 0.000000 -0.117792 0.993038 0.077484 0.271606
2.303632 4.198789 7.371601 0.000000 -0.089556 -0.995982 0.823840 0.283807
-2.303619 4.198788 7.371600 -0.000000 -0.089557 -0.995982 0.910073 0.283807
-2.303618 1.327621 7.113430 0.000000 -0.089556 -0.995982 0.910073 0.326586
-2.303618 1.327621 7.113430 0.000000 -0.089556 -0.995982 0.910073 0.326586
2.303632 1.327621 7.113433 0.000000 -0.089556 -0.995982 0.823840 0.326586
2.303632 4.198789 7.371601 0.000000 -0.089556 -0.995982 0.823840 0.283807
2.303635 1.327621 -7.893630 -1.000000 -0.000007 -0.000001 0.819245 0.290735
2.303658 4.198788 -8.234201 -1.000000 -0.000008 -0.000002 0.774721 0.283415
2.303632 4.198789 7.371601 -1.000000 -0.000001 -0.000000 0.774722 0.649864
2.303632 4.198789 7.371601 -1.000000 -0.000001 -0.000000 0.774722 0.649864
2.303632 1.327621 7.113433 -1.000000 -0.000000 0.000000 0.819245 0.644333
2.303635 1.327621 -7.893630 -1.000000 -0.000007 -0.000001 0.819245 0.290735
-3.908358 5.968922 -2.876369 0.000000 1.000000 -0.000000 0.301191 0.545422
-3.908358 5.968922 -3.332624 0.000000 1.000000 -0.000000 0.301191 0.545422
-4.673576 5.968922 -2.698352 0.000000 1.000000 -0.000000 0.336915 0.545422
-3.908358 5.275086 -2.876369 -0.000000 -1.000000 -0.000000 0.301191 0.479358
-4.673576 5.275086 -2.698352 -0.000000 -1.000000 -0.000000 0.336915 0.479358
-3.908358 5.275086 -3.332624 -0.000000 -1.000000 -0.000000 0.301191 0.479358
-4.673576 5.275086 -2.698352 0.618134 0.000000 0.786073 0.336915 0.479358
-4.673576 5.968922 -2.698352 0.618134 0.000000 0.786073 0.336915 0.545422
-3.908358 5.968922 -3.332624 0.618134 0.000000 0.786073 0.301191 0.545422
-3.908358 5.968922 -3.332624 0.618134 0.000000 0.786073 0.301191 0.545422
-3.908358 5.275086 -3.332624 0.618134 0.000000 0.786073 0.301191 0.479358
-4.673576 5.275086 -2.698352 0.618134 0.000000 0.786073 0.336915 0.479358
-3.908358 5.275086 -2.876369 -0.215515 -0.000000 -0.976501 0.474888 0.912178
-3.908358 5.968922 -2.876369 -0.215515 -0.000000 -0.976501 0.474888 0.940131
-4.673576 5.968922 -2.698352 -0.215515 -0.000000 -0.976501 0.527045 0.940131
-4.673576 5.968922 -2.698352 -0.215515 -0.000000 -0.976501 0.527045 0.940131
-4.673576 5.275086 -2.698352 -0.215515 -0.000000 -0.976501 0.527045 0.912178
-3.908358 5.275086 -2.876369 -0.215515 -0.000000 -0.976501 0.474888 0.912178
-3.908358 5.275086 -3.332624 -1.000000 0.000000 -0.000000 0.301191 0.479358
-3.908358 5.968922 -3.332624 -1.000000 0.000000 -0.000000 0.301191 0.545422
-3.908358 5.968922 -2.876369 -1.000000 0.000000 -0.000000 0.301191 0.545422
-3.908358 5.968922 -2.876369 -1.000000 0.000000 -0.000000 0.301191 0.545422
-3.908358 5.275086 -2.876369 -1.000000 0.000000 0.000000 0.301191 0.479358
-3.908358 5.275086 -3.332624 -1.000000 0.000000 -0.000000 0.301191 0.479358
3.908374 5.968922 -3.332623 0.000000 1.000000 -0.000000 0.301191 0.545422
3.908374 5.968922 -2.876367 0.000000 1.000000 -0.000000 0.301191 0.545422
4.673593 5.968922 -2.698350 0.000000 1.000000 -0.000000 0.336915 0.545422
4.673593 5.275086 -2.698350 0.000000 -1.000000 -0.000000 0.336915 0.479358
3.908374 5.275086 -2.876367 0.000000 -1.000000 -0.000000 0.301191 0.479358
3.908374 5.275086 -3.332623 0.000000 -1.000000 -0.000000 0.301191 0.479358
3.908374 5.968922 -3.332623 -0.618134 0.000000 0.786073 0.301191 0.545422
4.673593 5.968922 -2.698350 -0.618134 0.000000 0.786073 0.336915 0.545422
4.673593 5.275086 -2.698350 -0.618134 0.000000 0.786073 0.336915 0.479358
4.673593 5.275086 -2.698350 -0.618134 0.000000 0.786073 0.336915 0.479358
3.908374 5.275086 -3.332623 -0.618134 0.000000 0.786073 0.301191 0.479358
3.908374 5.968922 -3.332623 -0.618134 0.000000 0.786073 0.301191 0.545422
4.673593 5.968922 -2.698350 0.215515 -0.000000 -0.976501 0.527045 0.940131
3.908374 5.968922 -2.876367 0.215515 -0.000000 -0.976501 0.474888 0.940131
3.908374 5.275086 -2.876367 0.215515 -0.000000 -0.976501 0.474888 0.912178
3.908374 5.275086 -2.876367 0.215515 -0.000000 -0.976501 0.474888 0.912178
4.673593 5.275086 -2.698350 0.215515 -0.000000 -0.976501 0.527045 0.912178
4.673593 5.968922 -2.698350 0.215515 -0.000000 -0.976501 0.527045 0.940131
3.908374 5.968922 -2.876367 1.000000 0.000000 0.000000 0.301191 0.545422
3.908374 5.968922 -3.332623 1.000000 0.000000 0.000000 0.301191 0.545422
3.908374 5.275086 -3.332623 1.000000 0.000000 0.000000 0.301191 0.479358
3.908374 5.275086 -3.332623 1.000000 0.000000 0.000000 0.301191 0.479358
3.908374 5.275086 -2.876367 1.000000 0.000000 0.000000 0.301191 0.479358
3.908374 5.968922 -2.876367 1.000000 0.000000 0.000000 0.301191 0.545422
3.939911 3.368465 8.424151 -0.000000 0.995349 -0.096340 0.014781 0.073686
-3.939876 3.368465 8.424152 -0.000000 0.995349 -0.096340 0.387237 0.073686
-3.939876 3.324742 8.875878 -0.000000 0.995349 -0.096340 0.396549 0.063029
-3.939876 3.324742 8.875878 -0.000000 0.995349 -0.096340 0.396549 0.063029
3.939911 3.324742 8.875877 -0.000000 0.995349 -0.096340 0.005470 0.063029
3.939911 3.368465 8.424151 -0.000000 0.995349 -0.096340 0.014781 0.073686
3.939911 3.324742 8.875877 -0.000000 0.034616 -0.999401 0.005470 0.063029
-3.939876 3.324742 8.875878 -0.000000 0.034615 -0.999401 0.396549 0.063029
-3.939876 2.616412 8.900412 -0.000000 0.034615 -0.999401 0.396549 0.026480
-3.939876 2.616412 8.900412 -0.000000 0.034615 -0.999401 0.396549 0.026480
3.939911 2.616414 8.900412 -0.000000 0.034616 -0.999401 0.005470 0.026480
3.939911 3.324742 8.875877 -0.000000 0.034616 -0.999401 0.005470 0.063029
-3.611740 7.052149 8.090258 -0.000000 0.750211 -0.661199 0.372357 0.248642
3.611774 7.052150 8.090256 -0.000000 0.750211 -0.661199 0.029662 0.248642
3.563982 7.302339 7.806386 -0.000000 0.750211 -0.661199 0.031829 0.261552
3.563982 7.302339 7.806386 -0.000000 0.750211 -0.661198 0.031829 0.261552
-3.563949 7.302338 7.806388 -0.000000 0.750211 -0.661198 0.370190 0.261552
-3.611740 7.052149 8.090258 -0.000000 0.750211 -0.661198 0.372357 0.248642
2.671479 2.035019 7.857376 0.000000 -0.219419 0.975631 0.775692 0.306353
-2.671444 2.035017 7.857378 0.000000 -0.219419 0.975631 0.958222 0.306351
-3.939876 2.375750 7.780747 0.000000 -0.219419 0.975631 0.958222 0.306351
-3.939876 2.375750 7.780747 0.000000 -0.219416 0.975631 0.958222 0.306351
3.939911 2.375752 7.780746 0.000000 -0.219416 0.975631 0.775692 0.306353
2.671479 2.035019 7.857376 0.000000 -0.219416 0.975631 0.775692 0.306353
2.671480 2.243168 8.920939 -0.258611 -0.946465 -0.193197 0.775692 0.283875
2.671479 2.035019 7.857376 -0.252639 -0.949547 -0.185835 0.775692 0.306353
3.939911 2.375752 7.780746 -0.260485 -0.945475 -0.195509 0.775692 0.306353
3.939911 2.375752 7.780746 -0.260485 -0.945475 -0.195509 0.775692 0.306353
3.939911 2.616414 8.900412 -0.266192 -0.942397 -0.202559 0.775692 0.283875
2.671480 2.243168 8.920939 -0.258611 -0.946465 -0.193197 0.775692 0.283875
-2.671444 2.243166 8.920941 -0.000000 0.054917 -0.998491 0.326356 0.000500
2.671480 2.243168 8.920939 -0.000000 0.054917 -0.998491 0.084064 0.000500
3.939911 2.616414 8.900412 -0.000000 0.054917 -0.998491 0.005470 0.026480
3.939911 2.616414 8.900412 -0.000000 0.054918 -0.998491 0.005470 0.026480
-3.939876 2.616412 8.900412 -0.000000 0.054918 -0.998491 0.396549 0.026480
-2.671444 2.243166 8.920941 -0.000000 0.054918 -0.998491 0.326356 0.000500
-2.671444 2.035017 7.857378 0.260674 -0.945916 -0.193114 0.958222 0.306351
-2.671444 2.243166 8.920941 0.266871 -0.945790 -0.185100 0.958222 0.283873
-3.939876 2.616412 8.900412 0.258741 -0.945935 -0.195602 0.958222 0.283873
-3.939876 2.616412 8.900412 0.258741 -0.945935 -0.195602 0.958222 0.283873
-3.939876 2.375750 7.780747 0.252720 -0.945935 -0.203320 0.958222 0.306351
-2.671444 2.035017 7.857378 0.260674 -0.945916 -0.193114 0.958222 0.306351
1.515352 7.139640 -3.251281 -0.096267 0.441793 0.891937 0.124783 0.701330
1.515352 5.304669 -4.160177 -0.084560 0.448164 0.889943 0.124783 0.608822
-1.515335 5.304669 -4.160177 0.084562 0.448164 0.889943 0.264516 0.608822
-1.515335 5.304669 -4.160177 0.084562 0.448164 0.889943 0.264516 0.608822
-1.515335 7.139639 -3.251280 0.096268 0.441794 0.891937 0.264516 0.701330
1.515352 7.139640 -3.251281 -0.096267 0.441793 0.891937 0.124783 0.701330
1.515352 5.304669 -4.160177 -0.008117 0.996354 0.084926 0.124000 0.580561
1.515353 5.106403 -6.486244 -0.018158 0.980688 0.194735 0.124001 0.514862
-1.515335 5.106402 -6.486244 0.018158 0.980688 0.194735 0.273319 0.514862
-1.515335 5.106402 -6.486244 0.018158 0.980688 0.194735 0.273319 0.514862
-1.515335 5.304669 -4.160177 0.008118 0.996354 0.084926 0.273318 0.580561
1.515352 5.304669 -4.160177 -0.008117 0.996354 0.084926 0.124000 0.580561
1.515353 5.106403 -6.486244 -0.018158 0.980688 0.194735 0.124001 0.514862
1.515353 4.416143 -8.755412 -0.024845 0.956420 0.290934 0.124001 0.441005
-1.515334 4.416142 -8.755411 0.024846 0.956420 0.290934 0.273319 0.441006
-1.515334 4.416142 -8.755411 0.024846 0.956420 0.290934 0.273319 0.441006
-1.515335 5.106402 -6.486244 0.018158 0.980688 0.194735 0.273319 0.514862
1.515353 5.106403 -6.486244 -0.018158 0.980688 0.194735 0.124001 0.514862
1.515353 4.416143 -8.755412 -0.089260 0.161070 0.982898 0.123779 0.433766
1.515353 3.406027 -8.920942 -0.087634 0.161093 0.983041 0.123779 0.381636
-1.515335 3.406027 -8.920941 0.087635 0.161094 0.983041 0.276065 0.381636
-1.515335 3.406027 -8.920941 0.087635 0.161094 0.983041 0.276065 0.381636
-1.515334 4.416142 -8.755411 0.089261 0.161071 0.982898 0.276065 0.433766
1.515353 4.416143 -8.755412 -0.089260 0.161070 0.982898 0.123779 0.433766
3.592905 7.139640 -2.787672 -0.170132 0.451940 0.875674 0.028995 0.701330
3.939909 5.304670 -3.696568 -0.158170 0.463405 0.871916 0.012996 0.613992
1.515352 5.304669 -4.160177 -0.084560 0.448164 0.889943 0.124783 0.608822
1.515352 5.304669 -4.160177 -0.084560 0.448164 0.889943 0.124783 0.608822
1.515352 7.139640 -3.251281 -0.096267 0.441793 0.891937 0.124783 0.701330
3.592905 7.139640 -2.787672 -0.170132 0.451940 0.875674 0.028995 0.701330
3.939909 5.304670 -3.696568 -0.015405 0.996269 0.084919 0.004546 0.603496
3.939908 5.106403 -6.022636 -0.032166 0.983627 0.177320 0.004546 0.537796
1.515353 5.106403 -6.486244 -0.018158 0.980688 0.194735 0.124001 0.514862
1.515353 5.106403 -6.486244 -0.018158 0.980688 0.194735 0.124001 0.514862
1.515352 5.304669 -4.160177 -0.008117 0.996354 0.084926 0.124000 0.580561
3.939909 5.304670 -3.696568 -0.015405 0.996269 0.084919 0.004546 0.603496
3.939908 5.106403 -6.022636 -0.032166 0.983627 0.177320 0.004546 0.537796
3.939908 4.416143 -8.291803 -0.052720 0.955385 0.290619 0.004547 0.463940
1.515353 4.416143 -8.755412 -0.024845 0.956420 0.290934 0.124001 0.441005
1.515353 4.416143 -8.755412 -0.024845 0.956420 0.290934 0.124001 0.441005
1.515353 5.106403 -6.486244 -0.018158 0.980688 0.194735 0.124001 0.514862
3.939908 5.106403 -6.022636 -0.032166 0.983627 0.177320 0.004546 0.537796
3.939908 4.416143 -8.291803 -0.176216 0.159185 0.971395 0.001950 0.428627
3.939908 3.406028 -8.457333 -0.176216 0.159185 0.971395 0.001950 0.382899
1.515353 3.406027 -8.920942 -0.087634 0.161093 0.983041 0.123779 0.381636
1.515353 3.406027 -8.920942 -0.087634 0.161093 0.983041 0.123779 0.381636
1.515353 4.416143 -8.755412 -0.089260 0.161070 0.982898 0.123779 0.433766
3.939908 4.416143 -8.291803 -0.176216 0.159185 0.971395 0.001950 0.428627
-3.939420 3.307794 -7.903476 0.000000 1.000000 0.000000 0.391526 0.381191
3.942184 3.307795 -7.903474 0.000000 1.000000 -0.000000 0.006316 0.381191
3.942184 3.307795 -8.451803 0.000000 1.000000 -0.000000 0.006316 0.381191
-3.939420 3.307794 -7.903476 0.000000 1.000000 0.000000 0.391526 0.381191
3.942184 3.307795 -8.451803 0.000000 1.000000 -0.000000 0.006316 0.381191
1.597291 3.307795 -8.902925 0.000000 1.000000 -0.000000 0.120921 0.381191
-3.939420 3.307794 -7.903476 0.000000 1.000000 0.000000 0.391526 0.381191
1.597291 3.307795 -8.902925 0.000000 1.000000 -0.000000 0.120921 0.381191
-1.597274 3.307794 -8.902925 0.000000 1.000000 0.000000 0.277055 0.381191
-3.939420 3.307794 -8.451805 0.000000 1.000000 0.000000 0.391526 0.381191
-3.939420 3.307794 -7.903476 0.000000 1.000000 0.000000 0.391526 0.381191
-1.597274 3.307794 -8.902925 0.000000 1.000000 0.000000 0.277055 0.381191
-3.939420 3.307794 -8.451805 0.178752 -0.105407 0.978232 0.391526 0.381191
-1.597274 3.307794 -8.902925 0.089184 -0.106706 0.990283 0.277055 0.381191
-1.597274 2.628457 -8.829724 0.093779 -0.196972 0.975914 0.277055 0.353082
-1.597274 2.628457 -8.829724 0.093779 -0.196972 0.975914 0.277055 0.353082
-3.939420 2.628457 -8.378605 0.177753 -0.148755 0.972767 0.391526 0.353082
-3.939420 3.307794 -8.451805 0.178752 -0.105407 0.978232 0.391526 0.381191
1.597291 2.098520 -8.675753 -0.000000 -1.000000 0.000000 0.120921 0.331154
2.500455 2.098520 -8.465298 0.000000 -1.000000 0.000000 0.076780 0.331154
2.500455 2.098520 -7.916968 -0.000000 -1.000000 0.000000 0.076780 0.331154
-1.597274 2.098519 -8.675753 -0.000000 -1.000000 0.000000 0.277055 0.331154
1.597291 2.098520 -8.675753 -0.000000 -1.000000 0.000000 0.120921 0.331154
2.500455 2.098520 -7.916968 -0.000000 -1.000000 0.000000 0.076780 0.331154
-2.497690 2.098519 -8.465297 -0.000000 -1.000000 0.000000 0.321062 0.331154
-1.597274 2.098519 -8.675753 -0.000000 -1.000000 0.000000 0.277055 0.331154
2.500455 2.098520 -7.916968 -0.000000 -1.000000 0.000000 0.076780 0.331154
-2.497690 2.098519 -7.916969 -0.000000 -1.000000 0.000000 0.321062 0.331154
-2.497690 2.098519 -8.465297 -0.000000 -1.000000 0.000000 0.321062 0.331154
2.500455 2.098520 -7.916968 -0.000000 -1.000000 0.000000 0.076780 0.331154
-3.939420 3.307794 -8.451805 1.000000 0.000000 0.000000 0.391526 0.381191
-3.939420 2.628457 -8.378605 1.000000 0.000000 0.000000 0.391526 0.353082
-3.939420 2.628457 -7.830276 1.000000 0.000000 0.000000 0.391526 0.353082
-3.939420 2.628457 -7.830276 1.000000 0.000000 0.000000 0.391526 0.353082
-3.939420 3.307794 -7.903476 1.000000 0.000000 0.000000 0.391526 0.381191
-3.939420 3.307794 -8.451805 1.000000 0.000000 0.000000 0.391526 0.381191
3.942184 2.628458 -7.830275 -1.000000 0.000000 -0.000000 0.006316 0.353082
3.942184 2.628458 -8.378604 -1.000000 0.000000 -0.000000 0.006316 0.353082
3.942184 3.307795 -8.451803 -1.000000 0.000000 -0.000000 0.006316 0.381191
3.942184 3.307795 -8.451803 -1.000000 0.000000 -0.000000 0.006316 0.381191
3.942184 3.307795 -7.903474 -1.000000 0.000000 0.000000 0.006316 0.381191
3.942184 2.628458 -7.830275 -1.000000 0.000000 -0.000000 0.006316 0.353082
-1.597274 2.628457 -8.829724 0.093779 -0.196972 0.975914 0.277055 0.353082
-1.597274 2.098519 -8.675753 0.106685 -0.277416 0.954808 0.277055 0.331154
-2.497690 2.098519 -8.465297 0.176509 -0.323223 0.929716 0.321062 0.331154
-2.497690 2.098519 -8.465297 0.176509 -0.323223 0.929716 0.321062 0.331154
-3.939420 2.628457 -8.378605 0.177753 -0.148755 0.972767 0.391526 0.353082
-1.597274 2.628457 -8.829724 0.093779 -0.196972 0.975914 0.277055 0.353082
-2.497690 2.098519 -8.465297 0.329269 -0.944236 0.000000 0.321062 0.331154
-2.497690 2.098519 -7.916969 0.329269 -0.944236 0.000000 0.321062 0.331154
-3.939420 2.628457 -7.830276 0.329269 -0.944236 0.000000 0.391526 0.353082
-3.939420 2.628457 -7.830276 0.329269 -0.944236 0.000000 0.391526 0.353082
-3.939420 2.628457 -8.378605 0.329269 -0.944236 0.000000 0.391526 0.353082
-2.497690 2.098519 -8.465297 0.329269 -0.944236 0.000000 0.321062 0.331154
-2.497690 2.098519 -7.916969 0.000000 -0.161445 -0.986882 0.321062 0.331154
2.500455 2.098520 -7.916968 0.000000 -0.161445 -0.986882 0.076780 0.331154
3.942184 2.628458 -7.830275 0.000000 -0.161445 -0.986882 0.006316 0.353082
3.942184 2.628458 -7.830275 0.000000 -0.161445 -0.986882 0.006316 0.353082
-3.939420 2.628457 -7.830276 0.000000 -0.161445 -0.986882 0.391526 0.353082
-2.497690 2.098519 -7.916969 0.000000 -0.161445 -0.986882 0.321062 0.331154
2.500455 2.098520 -7.916968 -0.329269 -0.944236 0.000000 0.076780 0.331154
2.500455 2.098520 -8.465298 -0.329269 -0.944236 0.000000 0.076780 0.331154
3.942184 2.628458 -8.378604 -0.329269 -0.944236 0.000000 0.006316 0.353082
3.942184 2.628458 -8.378604 -0.329269 -0.944236 0.000000 0.006316 0.353082
3.942184 2.628458 -7.830275 -0.329269 -0.944236 0.000000 0.006316 0.353082
2.500455 2.098520 -7.916968 -0.329269 -0.944236 0.000000 0.076780 0.331154
1.597291 3.307795 -8.902925 -0.089083 -0.106706 0.990292 0.120921 0.381191
1.597291 2.628458 -8.829725 -0.093621 -0.196921 0.975939 0.120921 0.353082
-1.597274 2.628457 -8.829724 0.093779 -0.196972 0.975914 0.277055 0.353082
-1.597274 2.628457 -8.829724 0.093779 -0.196972 0.975914 0.277055 0.353082
-1.597274 3.307794 -8.902925 0.089184 -0.106706 0.990283 0.277055 0.381191
1.597291 3.307795 -8.902925 -0.089083 -0.106706 0.990292 0.120921 0.381191
1.597291 2.628458 -8.829725 -0.093621 -0.196921 0.975939 0.120921 0.353082
1.597291 2.098520 -8.675753 -0.106365 -0.277427 0.954841 0.120921 0.331154
-1.597274 2.098519 -8.675753 0.106685 -0.277416 0.954808 0.277055 0.331154
-1.597274 2.098519 -8.675753 0.106685 -0.277416 0.954808 0.277055 0.331154
-1.597274 2.628457 -8.829724 0.093779 -0.196972 0.975914 0.277055 0.353082
1.597291 2.628458 -8.829725 -0.093621 -0.196921 0.975939 0.120921 0.353082
3.942184 3.307795 -8.451803 -0.178549 -0.105410 0.978268 0.006316 0.381191
3.942184 2.628458 -8.378604 -0.177554 -0.148656 0.972819 0.006316 0.353082
1.597291 2.628458 -8.829725 -0.093621 -0.196921 0.975939 0.120921 0.353082
1.597291 2.628458 -8.829725 -0.093621 -0.196921 0.975939 0.120921 0.353082
1.597291 3.307795 -8.902925 -0.089083 -0.106706 0.990292 0.120921 0.381191
3.942184 3.307795 -8.451803 -0.178549 -0.105410 0.978268 0.006316 0.381191
1.597291 2.628458 -8.829725 -0.093621 -0.196921 0.975939 0.120921 0.353082
3.942184 2.628458 -8.378604 -0.177554 -0.148656 0.972819 0.006316 0.353082
2.500455 2.098520 -8.465298 -0.176250 -0.322848 0.929895 0.076780 0.331154
2.500455 2.098520 -8.465298 -0.176250 -0.322848 0.929895 0.076780 0.331154
1.597291 2.098520 -8.675753 -0.106365 -0.277427 0.954841 0.120921 0.331154
1.597291 2.628458 -8.829725 -0.093621 -0.196921 0.975939 0.120921 0.353082
-3.900426 2.711202 7.238669 1.000000 -0.000000 0.000000 0.675296 0.315933
-3.900425 1.675067 5.814059 1.000000 -0.000000 0.000000 0.582038 0.184208
-3.900426 1.675954 7.575617 1.000000 -0.000000 0.000000 0.582118 0.347089
-3.900426 3.350683 6.357567 1.000000 -0.000000 0.000000 0.732853 0.234463
-3.900425 1.675067 5.814059 1.000000 -0.000000 0.000000 0.582038 0.184208
-3.900426 2.711202 7.238669 1.000000 -0.000000 0.000000 0.675296 0.315933
-3.900425 3.350134 5.268864 1.000000 -0.000000 0.000000 0.732804 0.133797
-3.900425 1.675067 5.814059 1.000000 -0.000000 0.000000 0.582038 0.184208
-3.900426 3.350683 6.357567 1.000000 -0.000000 0.000000 0.732853 0.234463
-3.900425 2.709767 4.388408 1.000000 -0.000000 0.000000 0.675167 0.052387
-3.900425 1.675067 5.814059 1.000000 -0.000000 0.000000 0.582038 0.184208
-3.900425 3.350134 5.268864 1.000000 -0.000000 0.000000 0.732804 0.133797
-3.900425 1.674181 4.052501 1.000000 -0.000000 0.000000 0.581958 0.021328
-3.900425 1.675067 5.814059 1.000000 -0.000000 0.000000 0.582038 0.184208
-3.900425 2.709767 4.388408 1.000000 -0.000000 0.000000 0.675167 0.052387
-3.900424 0.638932 4.389450 1.000000 -0.000000 0.000000 0.488780 0.052483
-3.900425 1.675067 5.814059 1.000000 -0.000000 0.000000 0.582038 0.184208
-3.900425 1.674181 4.052501 1.000000 -0.000000 0.000000 0.581958 0.021328
-3.900424 -0.000548 5.270551 1.000000 -0.000000 0.000000 0.431223 0.133953
-3.900425 1.675067 5.814059 1.000000 -0.000000 0.000000 0.582038 0.184208
-3.900424 0.638932 4.389450 1.000000 -0.000000 0.000000 0.488780 0.052483
-3.900425 0.000000 6.359254 1.000000 -0.000000 0.000000 0.431272 0.234619
-3.900425 1.675067 5.814059 1.000000 -0.000000 0.000000 0.582038 0.184208
-3.900424 -0.000548 5.270551 1.000000 -0.000000 0.000000 0.431223 0.133953
-3.900426 0.640367 7.239711 1.000000 -0.000000 0.000000 0.488909 0.316029
-3.900425 1.675067 5.814059 1.000000 -0.000000 0.000000 0.582038 0.184208
-3.900425 0.000000 6.359254 1.000000 -0.000000 0.000000 0.431272 0.234619
-3.900426 1.675954 7.575617 1.000000 -0.000000 0.000000 0.582118 0.347089
-3.900425 1.675067 5.814059 1.000000 -0.000000 0.000000 0.582038 0.184208
-3.900426 0.640367 7.239711 1.000000 -0.000000 0.000000 0.488909 0.316029
-2.648418 3.350683 6.357567 0.000000 0.951212 -0.308538 0.773707 0.243514
-3.900426 2.711202 7.238669 0.000000 0.588192 -0.808721 0.977197 0.025836
-2.648418 2.711203 7.238669 0.000000 0.588192 -0.808721 0.773707 0.025832
-3.900426 3.350683 6.357567 0.000000 0.951212 -0.308538 0.977197 0.243518
-3.900426 2.711202 7.238669 0.000000 0.588192 -0.808721 0.977197 0.025836
-2.648418 3.350683 6.357567 0.000000 0.951212 -0.308538 0.773707 0.243514
-2.648417 2.709768 4.388408 -0.000000 0.587378 0.809313 0.773707 0.241666
-3.900425 3.350134 5.268864 0.000000 0.950901 0.309496 0.977197 0.023990
-2.648418 3.350135 5.268865 0.000000 0.950901 0.309496 0.773707 0.023986
-3.900425 2.709767 4.388408 -0.000000 0.587378 0.809313 0.977197 0.241670
-3.900425 3.350134 5.268864 0.000000 0.950901 0.309496 0.977197 0.023990
-2.648417 2.709768 4.388408 -0.000000 0.587378 0.809313 0.773707 0.241666
-2.648417 0.638932 4.389450 -0.000000 -0.588192 0.808721 0.773707 0.241921
-3.900425 1.674181 4.052501 -0.000000 -0.000503 1.000000 0.977197 0.024093
-2.648417 1.674181 4.052501 -0.000000 -0.000503 1.000000 0.773707 0.024089
-3.900424 0.638932 4.389450 -0.000000 -0.588192 0.808721 0.977197 0.241926
-3.900425 1.674181 4.052501 -0.000000 -0.000503 1.000000 0.977197 0.024093
-2.648417 0.638932 4.389450 -0.000000 -0.588192 0.808721 0.773707 0.241921
-2.648417 0.000000 6.359254 -0.000000 -0.950901 -0.309495 0.773707 0.241139
-3.900424 -0.000548 5.270551 -0.000000 -0.951212 0.308538 0.977197 0.022833
-2.648417 -0.000547 5.270551 -0.000000 -0.951212 0.308538 0.773707 0.022829
-3.900425 0.000000 6.359254 -0.000000 -0.950901 -0.309496 0.977197 0.241143
-3.900424 -0.000548 5.270551 -0.000000 -0.951212 0.308538 0.977197 0.022833
-2.648417 0.000000 6.359254 -0.000000 -0.950901 -0.309495 0.773707 0.241139
-2.648418 1.675954 7.575618 0.000000 0.000504 -1.000000 0.773707 0.243824
-3.900426 0.640367 7.239711 0.000000 -0.587378 -0.809313 0.977197 0.025996
-2.648418 0.640367 7.239711 -0.000000 -0.587378 -0.809313 0.773707 0.025992
-3.900426 1.675954 7.575617 0.000000 0.000504 -1.000000 0.977197 0.243828
-3.900426 0.640367 7.239711 0.000000 -0.587378 -0.809313 0.977197 0.025996
-2.648418 1.675954 7.575618 0.000000 0.000504 -1.000000 0.773707 0.243824
-2.648418 3.350135 5.268865 0.000000 0.950901 0.309496 0.773707 0.243514
-3.900426 3.350683 6.357567 0.000000 0.951212 -0.308538 0.977197 0.025836
-2.648418 3.350683 6.357567 0.000000 0.951212 -0.308538 0.773707 0.025832
-3.900425 3.350134 5.268864 0.000000 0.950901 0.309496 0.977197 0.243518
-3.900426 3.350683 6.357567 0.000000 0.951212 -0.308538 0.977197 0.025836
-2.648418 3.350135 5.268865 0.000000 0.950901 0.309496 0.773707 0.243514
-2.648417 1.674181 4.052501 -0.000000 -0.000503 1.000000 0.773707 0.241666
-3.900425 2.709767 4.388408 -0.000000 0.587378 0.809313 0.977197 0.023990
-2.648417 2.709768 4.388408 -0.000000 0.587378 0.809313 0.773707 0.023986
-3.900425 1.674181 4.052501 -0.000000 -0.000503 1.000000 0.977197 0.241670
-3.900425 2.709767 4.388408 -0.000000 0.587378 0.809313 0.977197 0.023990
-2.648417 1.674181 4.052501 -0.000000 -0.000503 1.000000 0.773707 0.241666
-2.648417 -0.000547 5.270551 -0.000000 -0.951212 0.308538 0.773707 0.241921
-3.900424 0.638932 4.389450 -0.000000 -0.588192 0.808721 0.977197 0.024093
-2.648417 0.638932 4.389450 -0.000000 -0.588192 0.808721 0.773707 0.024089
-3.900424 -0.000548 5.270551 -0.000000 -0.951212 0.308538 0.977197 0.241926
-3.900424 0.638932 4.389450 -0.000000 -0.588192 0.808721 0.977197 0.024093
-2.648417 -0.000547 5.270551 -0.000000 -0.951212 0.308538 0.773707 0.241921
-2.648418 0.640367 7.239711 -0.000000 -0.587378 -0.809313 0.773707 0.241139
-3.900425 0.000000 6.359254 -0.000000 -0.950901 -0.309496 0.977197 0.022833
-2.648417 0.000000 6.359254 -0.000000 -0.950901 -0.309495 0.773707 0.022829
-3.900426 0.640367 7.239711 0.000000 -0.587378 -0.809313 0.977197 0.241143
-3.900425 0.000000 6.359254 -0.000000 -0.950901 -0.309496 0.977197 0.022833
-2.648418 0.640367 7.239711 -0.000000 -0.587378 -0.809313 0.773707 0.241139
-2.648418 2.711203 7.238669 0.000000 0.588192 -0.808721 0.773707 0.243824
-3.900426 1.675954 7.575617 0.000000 0.000504 -1.000000 0.977197 0.025996
-2.648418 1.675954 7.575618 0.000000 0.000504 -1.000000 0.773707 0.025992
-3.900426 2.711202 7.238669 0.000000 0.588192 -0.808721 0.977197 0.243828
-3.900426 1.675954 7.575617 0.000000 0.000504 -1.000000 0.977197 0.025996
-2.648418 2.711203 7.238669 0.000000 0.588192 -0.808721 0.773707 0.243824
-3.900425 2.711201 -4.824615 1.000000 -0.000000 0.000000 0.675296 0.315933
-3.900424 1.675066 -6.249225 1.000000 -0.000000 0.000000 0.582038 0.184208
-3.900425 1.675953 -4.487667 1.000000 -0.000000 0.000000 0.582118 0.347089
-3.900425 3.350681 -5.705716 1.000000 -0.000000 0.000000 0.732853 0.234463
-3.900424 1.675066 -6.249225 1.000000 -0.000000 0.000000 0.582038 0.184208
-3.900425 2.711201 -4.824615 1.000000 -0.000000 0.000000 0.675296 0.315933
-3.900424 3.350133 -6.794419 1.000000 -0.000000 0.000000 0.732804 0.133797
-3.900424 1.675066 -6.249225 1.000000 -0.000000 0.000000 0.582038 0.184208
-3.900425 3.350681 -5.705716 1.000000 -0.000000 0.000000 0.732853 0.234463
-3.900424 2.709766 -7.674876 1.000000 -0.000000 0.000000 0.675167 0.052387
-3.900424 1.675066 -6.249225 1.000000 -0.000000 0.000000 0.582038 0.184208
-3.900424 3.350133 -6.794419 1.000000 -0.000000 0.000000 0.732804 0.133797
-3.900424 1.674179 -8.010782 1.000000 -0.000000 0.000000 0.581958 0.021328
-3.900424 1.675066 -6.249225 1.000000 -0.000000 0.000000 0.582038 0.184208
-3.900424 2.709766 -7.674876 1.000000 -0.000000 0.000000 0.675167 0.052387
-3.900424 0.638931 -7.673834 1.000000 -0.000000 0.000000 0.488780 0.052483
-3.900424 1.675066 -6.249225 1.000000 -0.000000 0.000000 0.582038 0.184208
-3.900424 1.674179 -8.010782 1.000000 -0.000000 0.000000 0.581958 0.021328
-3.900424 -0.000549 -6.792732 1.000000 -0.000000 0.000000 0.431223 0.133953
-3.900424 1.675066 -6.249225 1.000000 -0.000000 0.000000 0.582038 0.184208
-3.900424 0.638931 -7.673834 1.000000 -0.000000 0.000000 0.488780 0.052483
-3.900424 -0.000001 -5.704029 1.000000 -0.000000 0.000000 0.431272 0.234619
-3.900424 1.675066 -6.249225 1.000000 -0.000000 0.000000 0.582038 0.184208
-3.900424 -0.000549 -6.792732 1.000000 -0.000000 0.000000 0.431223 0.133953
-3.900424 0.640366 -4.823573 1.000000 -0.000000 0.000000 0.488909 0.316029
-3.900424 1.675066 -6.249225 1.000000 -0.000000 0.000000 0.582038 0.184208
-3.900424 -0.000001 -5.704029 1.000000 -0.000000 0.000000 0.431272 0.234619
-3.900425 1.675953 -4.487667 1.000000 -0.000000 0.000000 0.582118 0.347089
-3.900424 1.675066 -6.249225 1.000000 -0.000000 0.000000 0.582038 0.184208
-3.900424 0.640366 -4.823573 1.000000 -0.000000 0.000000 0.488909 0.316029
-2.648417 3.350682 -5.705716 0.000000 0.951212 -0.308538 0.773707 0.243514
-3.900425 2.711201 -4.824615 0.000000 0.588192 -0.808721 0.977197 0.025836
-2.648417 2.711202 -4.824615 0.000000 0.588192 -0.808721 0.773707 0.025832
-3.900425 3.350681 -5.705716 0.000000 0.951212 -0.308538 0.977197 0.243518
-3.900425 2.711201 -4.824615 0.000000 0.588192 -0.808721 0.977197 0.025836
-2.648417 3.350682 -5.705716 0.000000 0.951212 -0.308538 0.773707 0.243514
-2.648416 2.709766 -7.674876 -0.000000 0.587378 0.809313 0.773707 0.241666
-3.900424 3.350133 -6.794419 0.000000 0.950901 0.309496 0.977197 0.023990
-2.648417 3.350134 -6.794419 0.000000 0.950901 0.309496 0.773707 0.023986
-3.900424 2.709766 -7.674876 -0.000000 0.587378 0.809313 0.977197 0.241670
-3.900424 3.350133 -6.794419 0.000000 0.950901 0.309496 0.977197 0.023990
-2.648416 2.709766 -7.674876 -0.000000 0.587378 0.809313 0.773707 0.241666
-2.648416 0.638931 -7.673833 -0.000000 -0.588192 0.808721 0.773707 0.241921
-3.900424 1.674179 -8.010782 -0.000000 -0.000503 1.000000 0.977197 0.024093
-2.648416 1.674180 -8.010782 -0.000000 -0.000503 1.000000 0.773707 0.024089
-3.900424 0.638931 -7.673834 -0.000000 -0.588192 0.808721 0.977197 0.241926
-3.900424 1.674179 -8.010782 -0.000000 -0.000503 1.000000 0.977197 0.024093
-2.648416 0.638931 -7.673833 -0.000000 -0.588192 0.808721 0.773707 0.241921
-2.648417 -0.000000 -5.704029 -0.000000 -0.950901 -0.309496 0.773707 0.241139
-3.900424 -0.000549 -6.792732 -0.000000 -0.951212 0.308538 0.977197 0.022833
-2.648416 -0.000549 -6.792732 -0.000000 -0.951212 0.308538 0.773707 0.022829
-3.900424 -0.000001 -5.704029 -0.000000 -0.950901 -0.309496 0.977197 0.241143
-3.900424 -0.000549 -6.792732 -0.000000 -0.951212 0.308538 0.977197 0.022833
-2.648417 -0.000000 -5.704029 -0.000000 -0.950901 -0.309496 0.773707 0.241139
-2.648417 1.675953 -4.487666 0.000000 0.000503 -1.000000 0.773707 0.243824
-3.900424 0.640366 -4.823573 0.000000 -0.587378 -0.809313 0.977197 0.025996
-2.648417 0.640366 -4.823573 -0.000000 -0.587378 -0.809313 0.773707 0.025992
-3.900425 1.675953 -4.487667 0.000000 0.000503 -1.000000 0.977197 0.243828
-3.900424 0.640366 -4.823573 0.000000 -0.587378 -0.809313 0.977197 0.025996
-2.648417 1.675953 -4.487666 0.000000 0.000503 -1.000000 0.773707 0.243824
-2.648417 3.350134 -6.794419 0.000000 0.950901 0.309496 0.773707 0.243514
-3.900425 3.350681 -5.705716 0.000000 0.951212 -0.308538 0.977197 0.025836
-2.648417 3.350682 -5.705716 0.000000 0.951212 -0.308538 0.773707 0.025832
-3.900424 3.350133 -6.794419 0.000000 0.950901 0.309496 0.977197 0.243518
-3.900425 3.350681 -5.705716 0.000000 0.951212 -0.308538 0.977197 0.025836
-2.648417 3.350134 -6.794419 0.000000 0.950901 0.309496 0.773707 0.243514
-2.648416 1.674180 -8.010782 -0.000000 -0.000503 1.000000 0.773707 0.241666
-3.900424 2.709766 -7.674876 -0.000000 0.587378 0.809313 0.977197 0.023990
-2.648416 2.709766 -7.674876 -0.000000 0.587378 0.809313 0.773707 0.023986
-3.900424 1.674179 -8.010782 -0.000000 -0.000503 1.000000 0.977197 0.241670
-3.900424 2.709766 -7.674876 -0.000000 0.587378 0.809313 0.977197 0.023990
-2.648416 1.674180 -8.010782 -0.000000 -0.000503 1.000000 0.773707 0.241666
-2.648416 -0.000549 -6.792732 -0.000000 -0.951212 0.308538 0.773707 0.241921
-3.900424 0.638931 -7.673834 -0.000000 -0.588192 0.808721 0.977197 0.024093
-2.648416 0.638931 -7.673833 -0.000000 -0.588192 0.808721 0.773707 0.024089
-3.900424 -0.000549 -6.792732 -0.000000 -0.951212 0.308538 0.977197 0.241926
-3.900424 0.638931 -7.673834 -0.000000 -0.588192 0.808721 0.977197 0.024093
-2.648416 -0.000549 -6.792732 -0.000000 -0.951212 0.308538 0.773707 0.241921
-2.648417 0.640366 -4.823573 -0.000000 -0.587378 -0.809313 0.773707 0.241139
-3.900424 -0.000001 -5.704029 -0.000000 -0.950901 -0.309496 0.977197 0.022833
-2.648417 -0.000000 -5.704029 -0.000000 -0.950901 -0.309496 0.773707 0.022829
-3.900424 0.640366 -4.823573 0.000000 -0.587378 -0.809313 0.977197 0.241143
-3.900424 -0.000001 -5.704029 -0.000000 -0.950901 -0.309496 0.977197 0.022833
-2.648417 0.640366 -4.823573 -0.000000 -0.587378 -0.809313 0.773707 0.241139
-2.648417 2.711202 -4.824615 0.000000 0.588192 -0.808721 0.773707 0.243824
-3.900425 1.675953 -4.487667 0.000000 0.000503 -1.000000 0.977197 0.025996
-2.648417 1.675953 -4.487666 0.000000 0.000503 -1.000000 0.773707 0.025992
-3.900425 2.711201 -4.824615 0.000000 0.588192 -0.808721 0.977197 0.243828
-3.900425 1.675953 -4.487667 0.000000 0.000503 -1.000000 0.977197 0.025996
-2.648417 2.711202 -4.824615 0.000000 0.588192 -0.808721 0.773707 0.243824
3.900441 3.350682 -5.705715 0.000000 0.951212 -0.308538 0.773707 0.243514
2.648433 2.711201 -4.824614 0.000000 0.588192 -0.808721 0.977197 0.025836
3.900441 2.711202 -4.824614 0.000000 0.588192 -0.808721 0.773707 0.025832
2.648433 3.350681 -5.705715 0.000000 0.951212 -0.308538 0.977197 0.243518
2.648433 2.711201 -4.824614 0.000000 0.588192 -0.808721 0.977197 0.025836
3.900441 3.350682 -5.705715 0.000000 0.951212 -0.308538 0.773707 0.243514
3.900442 2.709766 -7.674875 -0.000000 0.587378 0.809313 0.773707 0.241666
2.648433 3.350133 -6.794418 0.000000 0.950901 0.309496 0.977197 0.023990
3.900441 3.350134 -6.794418 0.000000 0.950901 0.309496 0.773707 0.023986
2.648434 2.709766 -7.674875 -0.000000 0.587378 0.809313 0.977197 0.241670
2.648433 3.350133 -6.794418 0.000000 0.950901 0.309496 0.977197 0.023990
3.900442 2.709766 -7.674875 -0.000000 0.587378 0.809313 0.773707 0.241666
3.900442 0.638931 -7.673832 -0.000000 -0.588192 0.808721 0.773707 0.241921
2.648434 1.674179 -8.010781 -0.000000 -0.000503 1.000000 0.977197 0.024093
3.900442 1.674180 -8.010781 -0.000000 -0.000503 1.000000 0.773707 0.024089
2.648434 0.638931 -7.673833 -0.000000 -0.588192 0.808721 0.977197 0.241926
2.648434 1.674179 -8.010781 -0.000000 -0.000503 1.000000 0.977197 0.024093
3.900442 0.638931 -7.673832 -0.000000 -0.588192 0.808721 0.773707 0.241921
3.900441 -0.000000 -5.704028 -0.000000 -0.950901 -0.309496 0.773707 0.241139
2.648434 -0.000549 -6.792731 -0.000000 -0.951212 0.308538 0.977197 0.022833
3.900442 -0.000549 -6.792731 -0.000000 -0.951212 0.308538 0.773707 0.022829
2.648434 -0.000001 -5.704028 -0.000000 -0.950901 -0.309496 0.977197 0.241143
2.648434 -0.000549 -6.792731 -0.000000 -0.951212 0.308538 0.977197 0.022833
3.900441 -0.000000 -5.704028 -0.000000 -0.950901 -0.309496 0.773707 0.241139
3.900441 1.675953 -4.487665 0.000000 0.000503 -1.000000 0.773707 0.243824
2.648433 0.640366 -4.823572 0.000000 -0.587378 -0.809313 0.977197 0.025996
3.900441 0.640366 -4.823572 -0.000000 -0.587378 -0.809313 0.773707 0.025992
2.648433 1.675953 -4.487666 0.000000 0.000503 -1.000000 0.977197 0.243828
2.648433 0.640366 -4.823572 0.000000 -0.587378 -0.809313 0.977197 0.025996
3.900441 1.675953 -4.487665 0.000000 0.000503 -1.000000 0.773707 0.243824
3.900441 1.675953 -4.487665 -1.000000 0.000000 -0.000000 0.582118 0.347089
3.900442 1.675066 -6.249224 -1.000000 0.000000 -0.000000 0.582038 0.184208
3.900441 2.711202 -4.824614 -1.000000 0.000000 -0.000000 0.675296 0.315933
3.900441 2.711202 -4.824614 -1.000000 0.000000 -0.000000 0.675296 0.315933
3.900442 1.675066 -6.249224 -1.000000 0.000000 -0.000000 0.582038 0.184208
3.900441 3.350682 -5.705715 -1.000000 0.000000 -0.000000 0.732853 0.234463
3.900441 3.350682 -5.705715 -1.000000 0.000000 -0.000000 0.732853 0.234463
3.900442 1.675066 -6.249224 -1.000000 0.000000 -0.000000 0.582038 0.184208
3.900441 3.350134 -6.794418 -1.000000 0.000000 -0.000000 0.732804 0.133797
3.900441 3.350134 -6.794418 -1.000000 0.000000 -0.000000 0.732804 0.133797
3.900442 1.675066 -6.249224 -1.000000 0.000000 -0.000000 0.582038 0.184208
3.900442 2.709766 -7.674875 -1.000000 0.000000 -0.000000 0.675167 0.052387
3.900442 2.709766 -7.674875 -1.000000 0.000000 -0.000000 0.675167 0.052387
3.900442 1.675066 -6.249224 -1.000000 0.000000 -0.000000 0.582038 0.184208
3.900442 1.674180 -8.010781 -1.000000 0.000000 -0.000000 0.581958 0.021328
3.900442 1.674180 -8.010781 -1.000000 0.000000 -0.000000 0.581958 0.021328
3.900442 1.675066 -6.249224 -1.000000 0.000000 -0.000000 0.582038 0.184208
3.900442 0.638931 -7.673832 -1.000000 0.000000 -0.000000 0.488780 0.052483
3.900442 0.638931 -7.673832 -1.000000 0.000000 -0.000000 0.488780 0.052483
3.900442 1.675066 -6.249224 -1.000000 0.000000 -0.000000 0.582038 0.184208
3.900442 -0.000549 -6.792731 -1.000000 0.000000 -0.000000 0.431223 0.133953
3.900442 -0.000549 -6.792731 -1.000000 0.000000 -0.000000 0.431223 0.133953
3.900442 1.675066 -6.249224 -1.000000 0.000000 -0.000000 0.582038 0.184208
3.900441 -0.000000 -5.704028 -1.000000 0.000000 -0.000000 0.431272 0.234619
3.900441 -0.000000 -5.704028 -1.000000 0.000000 -0.000000 0.431272 0.234619
3.900442 1.675066 -6.249224 -1.000000 0.000000 -0.000000 0.582038 0.184208
3.900441 0.640366 -4.823572 -1.000000 0.000000 -0.000000 0.488909 0.316029
3.900441 0.640366 -4.823572 -1.000000 0.000000 -0.000000 0.488909 0.316029
3.900442 1.675066 -6.249224 -1.000000 0.000000 -0.000000 0.582038 0.184208
3.900441 1.675953 -4.487665 -1.000000 0.000000 -0.000000 0.582118 0.347089
3.900441 3.350134 -6.794418 0.000000 0.950901 0.309496 0.773707 0.243514
2.648433 3.350681 -5.705715 0.000000 0.951212 -0.308538 0.977197 0.025836
3.900441 3.350682 -5.705715 0.000000 0.951212 -0.308538 0.773707 0.025832
2.648433 3.350133 -6.794418 0.000000 0.950901 0.309496 0.977197 0.243518
2.648433 3.350681 -5.705715 0.000000 0.951212 -0.308538 0.977197 0.025836
3.900441 3.350134 -6.794418 0.000000 0.950901 0.309496 0.773707 0.243514
3.900442 1.674180 -8.010781 -0.000000 -0.000503 1.000000 0.773707 0.241666
2.648434 2.709766 -7.674875 -0.000000 0.587378 0.809313 0.977197 0.023990
3.900442 2.709766 -7.674875 -0.000000 0.587378 0.809313 0.773707 0.023986
2.648434 1.674179 -8.010781 -0.000000 -0.000503 1.000000 0.977197 0.241670
2.648434 2.709766 -7.674875 -0.000000 0.587378 0.809313 0.977197 0.023990
3.900442 1.674180 -8.010781 -0.000000 -0.000503 1.000000 0.773707 0.241666
3.900442 -0.000549 -6.792731 -0.000000 -0.951212 0.308538 0.773707 0.241921
2.648434 0.638931 -7.673833 -0.000000 -0.588192 0.808721 0.977197 0.024093
3.900442 0.638931 -7.673832 -0.000000 -0.588192 0.808721 0.773707 0.024089
2.648434 -0.000549 -6.792731 -0.000000 -0.951212 0.308538 0.977197 0.241926
2.648434 0.638931 -7.673833 -0.000000 -0.588192 0.808721 0.977197 0.024093
3.900442 -0.000549 -6.792731 -0.000000 -0.951212 0.308538 0.773707 0.241921
3.900441 0.640366 -4.823572 -0.000000 -0.587378 -0.809313 0.773707 0.241139
2.648434 -0.000001 -5.704028 -0.000000 -0.950901 -0.309496 0.977197 0.022833
3.900441 -0.000000 -5.704028 -0.000000 -0.950901 -0.309496 0.773707 0.022829
2.648433 0.640366 -4.823572 0.000000 -0.587378 -0.809313 0.977197 0.241143
2.648434 -0.000001 -5.704028 -0.000000 -0.950901 -0.309496 0.977197 0.022833
3.900441 0.640366 -4.823572 -0.000000 -0.587378 -0.809313 0.773707 0.241139
3.900441 2.711202 -4.824614 0.000000 0.588192 -0.808721 0.773707 0.243824
2.648433 1.675953 -4.487666 0.000000 0.000503 -1.000000 0.977197 0.025996
3.900441 1.675953 -4.487665 0.000000 0.000503 -1.000000 0.773707 0.025992
2.648433 2.711201 -4.824614 0.000000 0.588192 -0.808721 0.977197 0.243828
2.648433 1.675953 -4.487666 0.000000 0.000503 -1.000000 0.977197 0.025996
3.900441 2.711202 -4.824614 0.000000 0.588192 -0.808721 0.773707 0.243824
3.900439 3.350683 6.357568 0.000000 0.951212 -0.308538 0.773707 0.243514
2.648431 2.711202 7.238670 0.000000 0.588192 -0.808721 0.977197 0.025836
3.900439 2.711203 7.238670 0.000000 0.588192 -0.808721 0.773707 0.025832
2.648432 3.350683 6.357568 0.000000 0.951212 -0.308538 0.977197 0.243518
2.648431 2.711202 7.238670 0.000000 0.588192 -0.808721 0.977197 0.025836
3.900439 3.350683 6.357568 0.000000 0.951212 -0.308538 0.773707 0.243514
3.900440 2.709768 4.388409 -0.000000 0.587378 0.809313 0.773707 0.241666
2.648432 3.350134 5.268865 0.000000 0.950901 0.309496 0.977197 0.023990
3.900440 3.350135 5.268866 0.000000 0.950901 0.309496 0.773707 0.023986
2.648432 2.709767 4.388409 -0.000000 0.587378 0.809313 0.977197 0.241670
2.648432 3.350134 5.268865 0.000000 0.950901 0.309496 0.977197 0.023990
3.900440 2.709768 4.388409 -0.000000 0.587378 0.809313 0.773707 0.241666
3.900440 0.638932 4.389451 -0.000000 -0.588192 0.808721 0.773707 0.241921
2.648432 1.674181 4.052502 -0.000000 -0.000503 1.000000 0.977197 0.024093
3.900440 1.674181 4.052502 -0.000000 -0.000503 1.000000 0.773707 0.024089
2.648433 0.638932 4.389451 -0.000000 -0.588192 0.808721 0.977197 0.241926
2.648432 1.674181 4.052502 -0.000000 -0.000503 1.000000 0.977197 0.024093
3.900440 0.638932 4.389451 -0.000000 -0.588192 0.808721 0.773707 0.241921
3.900440 0.000000 6.359255 -0.000000 -0.950901 -0.309496 0.773707 0.241139
2.648433 -0.000548 5.270552 -0.000000 -0.951212 0.308538 0.977197 0.022833
3.900440 -0.000547 5.270552 -0.000000 -0.951212 0.308538 0.773707 0.022829
2.648432 0.000000 6.359255 -0.000000 -0.950901 -0.309496 0.977197 0.241143
2.648433 -0.000548 5.270552 -0.000000 -0.951212 0.308538 0.977197 0.022833
3.900440 0.000000 6.359255 -0.000000 -0.950901 -0.309496 0.773707 0.241139
3.900439 1.675954 7.575619 0.000000 0.000504 -1.000000 0.773707 0.243824
2.648432 0.640367 7.239712 0.000000 -0.587378 -0.809313 0.977197 0.025996
3.900440 0.640367 7.239712 -0.000000 -0.587378 -0.809313 0.773707 0.025992
2.648431 1.675954 7.575618 0.000000 0.000504 -1.000000 0.977197 0.243828
2.648432 0.640367 7.239712 0.000000 -0.587378 -0.809313 0.977197 0.025996
3.900439 1.675954 7.575619 0.000000 0.000504 -1.000000 0.773707 0.243824
3.900439 1.675954 7.575619 -1.000000 0.000000 -0.000000 0.582118 0.347089
3.900440 1.675068 5.814060 -1.000000 0.000000 -0.000000 0.582038 0.184208
3.900439 2.711203 7.238670 -1.000000 0.000000 -0.000000 0.675296 0.315933
3.900439 2.711203 7.238670 -1.000000 0.000000 -0.000000 0.675296 0.315933
3.900440 1.675068 5.814060 -1.000000 0.000000 -0.000000 0.582038 0.184208
3.900439 3.350683 6.357568 -1.000000 0.000000 -0.000000 0.732853 0.234463
3.900439 3.350683 6.357568 -1.000000 0.000000 -0.000000 0.732853 0.234463
3.900440 1.675068 5.814060 -1.000000 0.000000 -0.000000 0.582038 0.184208
3.900440 3.350135 5.268866 -1.000000 0.000000 -0.000000 0.732804 0.133797
3.900440 3.350135 5.268866 -1.000000 0.000000 -0.000000 0.732804 0.133797
3.900440 1.675068 5.814060 -1.000000 0.000000 -0.000000 0.582038 0.184208
3.900440 2.709768 4.388409 -1.000000 0.000000 -0.000000 0.675167 0.052387
3.900440 2.709768 4.388409 -1.000000 0.000000 -0.000000 0.675167 0.052387
3.900440 1.675068 5.814060 -1.000000 0.000000 -0.000000 0.582038 0.184208
3.900440 1.674181 4.052502 -1.000000 0.000000 -0.000000 0.581958 0.021328
3.900440 1.674181 4.052502 -1.000000 0.000000 -0.000000 0.581958 0.021328
3.900440 1.675068 5.814060 -1.000000 0.000000 -0.000000 0.582038 0.184208
3.900440 0.638932 4.389451 -1.000000 0.000000 -0.000000 0.488780 0.052483
3.900440 0.638932 4.389451 -1.000000 0.000000 -0.000000 0.488780 0.052483
3.900440 1.675068 5.814060 -1.000000 0.000000 -0.000000 0.582038 0.184208
3.900440 -0.000547 5.270552 -1.000000 0.000000 -0.000000 0.431223 0.133953
3.900440 -0.000547 5.270552 -1.000000 0.000000 -0.000000 0.431223 0.133953
3.900440 1.675068 5.814060 -1.000000 0.000000 -0.000000 0.582038 0.184208
3.900440 0.000000 6.359255 -1.000000 0.000000 -0.000000 0.431272 0.234619
3.900440 0.000000 6.359255 -1.000000 0.000000 -0.000000 0.431272 0.234619
3.900440 1.675068 5.814060 -1.000000 0.000000 -0.000000 0.582038 0.184208
3.900440 0.640367 7.239712 -1.000000 0.000000 -0.000000 0.488909 0.316029
3.900440 0.640367 7.239712 -1.000000 0.000000 -0.000000 0.488909 0.316029
3.900440 1.675068 5.814060 -1.000000 0.000000 -0.000000 0.582038 0.184208
3.900439 1.675954 7.575619 -1.000000 0.000000 -0.000000 0.582118 0.347089
3.900440 3.350135 5.268866 0.000000 0.950901 0.309496 0.773707 0.243514
2.648432 3.350683 6.357568 0.000000 0.951212 -0.308538 0.977197 0.025836
3.900439 3.350683 6.357568 0.000000 0.951212 -0.308538 0.773707 0.025832
2.648432 3.350134 5.268865 0.000000 0.950901 0.309496 0.977197 0.243518
2.648432 3.350683 6.357568 0.000000 0.951212 -0.308538 0.977197 0.025836
3.900440 3.350135 5.268866 0.000000 0.950901 0.309496 0.773707 0.243514
3.900440 1.674181 4.052502 -0.000000 -0.000503 1.000000 0.773707 0.241666
2.648432 2.709767 4.388409 -0.000000 0.587378 0.809313 0.977197 0.023990
3.900440 2.709768 4.388409 -0.000000 0.587378 0.809313 0.773707 0.023986
2.648432 1.674181 4.052502 -0.000000 -0.000503 1.000000 0.977197 0.241670
2.648432 2.709767 4.388409 -0.000000 0.587378 0.809313 0.977197 0.023990
3.900440 1.674181 4.052502 -0.000000 -0.000503 1.000000 0.773707 0.241666
3.900440 -0.000547 5.270552 -0.000000 -0.951212 0.308538 0.773707 0.241921
2.648433 0.638932 4.389451 -0.000000 -0.588192 0.808721 0.977197 0.024093
3.900440 0.638932 4.389451 -0.000000 -0.588192 0.808721 0.773707 0.024089
2.648433 -0.000548 5.270552 -0.000000 -0.951212 0.308538 0.977197 0.241926
2.648433 0.638932 4.389451 -0.000000 -0.588192 0.808721 0.977197 0.024093
3.900440 -0.000547 5.270552 -0.000000 -0.951212 0.308538 0.773707 0.241921
3.900440 0.640367 7.239712 -0.000000 -0.587378 -0.809313 0.773707 0.241139
2.648432 0.000000 6.359255 -0.000000 -0.950901 -0.309496 0.977197 0.022833
3.900440 0.000000 6.359255 -0.000000 -0.950901 -0.309496 0.773707 0.022829
2.648432 0.640367 7.239712 0.000000 -0.587378 -0.809313 0.977197 0.241143
2.648432 0.000000 6.359255 -0.000000 -0.950901 -0.309496 0.977197 0.022833
3.900440 0.640367 7.239712 -0.000000 -0.587378 -0.809313 0.773707 0.241139
3.900439 2.711203 7.238670 0.000000 0.588192 -0.808721 0.773707 0.243824
2.648431 1.675954 7.575618 0.000000 0.000504 -1.000000 0.977197 0.025996
3.900439 1.675954 7.575619 0.000000 0.000504 -1.000000 0.773707 0.025992
2.648431 2.711202 7.238670 0.000000 0.588192 -0.808721 0.977197 0.243828
2.648431 1.675954 7.575618 0.000000 0.000504 -1.000000 0.977197 0.025996
3.900439 2.711203 7.238670 0.000000 0.588192 -0.808721 0.773707 0.243824
Box
2
-4.673576 -8.920942
4.673593 8.920941
End