object_road_1
1044
2.366042 5.479999 0.170768 -0.000000 -0.173648 -0.984808 0.471278 0.875820
2.366042 3.923353 0.445246 -0.000000 -0.173648 -0.984808 0.471278 0.670609
-2.366040 3.923354 0.445247 -0.000000 -0.173648 -0.984808 0.879847 0.670610
-2.366040 3.923354 0.445247 -0.000000 -0.173648 -0.984808 0.879847 0.670610
-2.366040 5.480000 0.170769 -0.000000 -0.173648 -0.984808 0.879847 0.875820
2.366042 5.479999 0.170768 -0.000000 -0.173648 -0.984808 0.471278 0.875820
2.366042 5.499361 0.280574 0.000000 0.173648 0.984808 0.471280 0.450921
-2.366040 5.499362 0.280575 0.000000 0.173648 0.984808 0.879850 0.450921
-2.366040 3.942716 0.555054 0.000000 0.173648 0.984808 0.879849 0.656131
-2.366040 3.942716 0.555054 0.000000 0.173648 0.984808 0.879849 0.656131
2.366042 3.942715 0.555053 0.000000 0.173648 0.984808 0.471278 0.656131
2.366042 5.499361 0.280574 0.000000 0.173648 0.984808 0.471280 0.450921
2.366042 3.942715 0.555053 -0.000000 -0.984808 0.173649 0.471278 0.656131
-2.366040 3.942716 0.555054 -0.000000 -0.984808 0.173649 0.879849 0.656131
-2.366040 3.923354 0.445247 -0.000000 -0.984808 0.173649 0.879847 0.670610
-2.366040 3.923354 0.445247 -0.000000 -0.984808 0.173649 0.879847 0.670610
2.366042 3.923353 0.445246 -0.000000 -0.984808 0.173649 0.471278 0.670609
2.366042 3.942715 0.555053 -0.000000 -0.984808 0.173649 0.471278 0.656131
2.366042 5.499361 0.280574 1.000000 -0.000000 0.000000 0.471280 0.450921
2.366042 3.942715 0.555053 1.000000 -0.000000 0.000000 0.471278 0.656131
2.366042 3.923353 0.445246 1.000000 -0.000000 0.000000 0.456803 0.656130
2.366042 3.923353 0.445246 1.000000 -0.000000 0.000000 0.456803 0.656130
2.366042 5.479999 0.170768 1.000000 -0.000000 0.000000 0.456804 0.450920
2.366042 5.499361 0.280574 1.000000 -0.000000 0.000000 0.471280 0.450921
-2.366040 5.499362 0.280575 0.000000 0.984808 -0.173648 0.879850 0.450921
2.366042 5.499361 0.280574 0.000000 0.984808 -0.173648 0.471280 0.450921
2.366042 5.479999 0.170768 0.000000 0.984808 -0.173648 0.471280 0.436444
2.366042 5.479999 0.170768 0.000000 0.984808 -0.173648 0.471280 0.436444
-2.366040 5.480000 0.170769 0.000000 0.984808 -0.173648 0.879851 0.436445
-2.366040 5.499362 0.280575 0.000000 0.984808 -0.173648 0.879850 0.450921
-2.366040 3.942716 0.555054 -1.000000 0.000000 -0.000000 0.879849 0.656131
-2.366040 5.499362 0.280575 -1.000000 0.000000 0.000000 0.879850 0.450921
-2.366040 5.480000 0.170769 -1.000000 0.000000 -0.000000 0.894327 0.450921
-2.366040 5.480000 0.170769 -1.000000 0.000000 -0.000000 0.894327 0.450921
-2.366040 3.923354 0.445247 -1.000000 0.000000 -0.000000 0.894325 0.656130
-2.366040 3.942716 0.555054 -1.000000 0.000000 -0.000000 0.879849 0.656131
-2.046214 5.888822 0.150714 -0.000000 0.487881 0.872910 0.800565 0.940160
-2.046214 5.785909 0.172833 -0.000000 0.196827 0.980438 0.786922 0.939925
-1.834528 5.785909 0.172833 -0.000000 0.189752 0.981832 0.786639 0.922190
-1.834528 5.785909 0.172833 -0.000000 0.189752 0.981832 0.786639 0.922190
-1.834528 5.888822 0.150714 -0.000000 0.487880 0.872910 0.800262 0.921900
-2.046214 5.888822 0.150714 -0.000000 0.487881 0.872910 0.800565 0.940160
-2.046214 5.960917 0.075342 0.000000 0.903377 0.428848 0.814130 0.939928
-2.046214 5.888822 0.150714 -0.000000 0.487881 0.872910 0.800565 0.940160
-1.834528 5.888822 0.150714 -0.000000 0.487880 0.872910 0.800262 0.921900
-1.834528 5.888822 0.150714 -0.000000 0.487880 0.872910 0.800262 0.921900
-1.834529 5.960917 0.075342 0.000000 0.903376 0.428848 0.813792 0.921652
-2.046214 5.960917 0.075342 0.000000 0.903377 0.428848 0.814130 0.939928
-2.046214 5.973851 -0.029064 0.000000 0.981833 -0.189748 0.827807 0.939657
-2.046214 5.960917 0.075342 0.000000 0.903377 0.428848 0.814130 0.939928
-1.834529 5.960917 0.075342 0.000000 0.903376 0.428848 0.813792 0.921652
-1.834529 5.960917 0.075342 0.000000 0.903376 0.428848 0.813792 0.921652
-1.834528 5.973851 -0.029064 -0.000000 0.981833 -0.189747 0.827443 0.921381
-2.046214 5.973851 -0.029064 0.000000 0.981833 -0.189748 0.827807 0.939657
-2.046214 5.922946 -0.121133 -0.000000 0.682790 -0.730615 0.841479 0.939370
-2.046214 5.973851 -0.029064 0.000000 0.981833 -0.189748 0.827807 0.939657
-1.834528 5.973851 -0.029064 -0.000000 0.981833 -0.189747 0.827443 0.921381
-1.834528 5.973851 -0.029064 -0.000000 0.981833 -0.189747 0.827443 0.921381
-1.834528 5.922946 -0.121133 -0.000000 0.682790 -0.730615 0.841094 0.921095
-2.046214 5.922946 -0.121133 -0.000000 0.682790 -0.730615 0.841479 0.939370
-2.046214 5.827648 -0.165697 0.000000 0.122944 -0.992414 0.855147 0.939070
-2.046214 5.922946 -0.121133 -0.000000 0.682790 -0.730615 0.841479 0.939370
-1.834528 5.922946 -0.121133 -0.000000 0.682790 -0.730615 0.841094 0.921095
-1.834528 5.922946 -0.121133 -0.000000 0.682790 -0.730615 0.841094 0.921095
-1.834528 5.827648 -0.165697 0.000000 0.122944 -0.992414 0.854748 0.920796
-2.046214 5.827648 -0.165697 0.000000 0.122944 -0.992414 0.855147 0.939070
-2.046214 5.724354 -0.145735 0.000000 -0.483863 -0.875144 0.868811 0.938764
-2.046214 5.827648 -0.165697 0.000000 0.122944 -0.992414 0.855147 0.939070
-1.834528 5.827648 -0.165697 0.000000 0.122944 -0.992414 0.854748 0.920796
-1.834528 5.827648 -0.165697 0.000000 0.122944 -0.992414 0.854748 0.920796
-1.834528 5.724354 -0.145735 -0.000000 -0.483863 -0.875144 0.868403 0.920490
-2.046214 5.724354 -0.145735 0.000000 -0.483863 -0.875144 0.868811 0.938764
-2.046214 5.652522 -0.068871 -0.000000 -0.769613 -0.638511 0.882471 0.938454
-2.046214 5.724354 -0.145735 0.000000 -0.483863 -0.875144 0.868811 0.938764
-1.834528 5.724354 -0.145735 -0.000000 -0.483863 -0.875144 0.868403 0.920490
-1.834528 5.724354 -0.145735 -0.000000 -0.483863 -0.875144 0.868403 0.920490
-1.834528 5.652522 -0.068871 -0.000000 -0.769613 -0.638511 0.882059 0.920181
-2.046214 5.652522 -0.068871 -0.000000 -0.769613 -0.638511 0.882471 0.938454
-2.046214 5.614937 -0.017705 -0.000001 -0.805930 -0.592010 0.890713 0.938266
-2.046214 5.652522 -0.068871 -0.000000 -0.769613 -0.638511 0.882471 0.938454
-1.834528 5.652522 -0.068871 -0.000000 -0.769613 -0.638511 0.882059 0.920181
-1.834528 5.652522 -0.068871 -0.000000 -0.769613 -0.638511 0.882059 0.920181
-1.834528 5.614937 -0.017705 -0.000000 -0.805930 -0.592010 0.890299 0.919993
-2.046214 5.614937 -0.017705 -0.000001 -0.805930 -0.592010 0.890713 0.938266
-1.834528 5.653517 0.195574 0.002240 0.171608 0.985163 0.770389 0.925085
-1.834528 5.785909 0.172833 -0.000000 0.189752 0.981832 0.786639 0.922190
-2.046214 5.785909 0.172833 -0.000000 0.196827 0.980438 0.786922 0.939925
-1.834528 5.653517 0.195574 0.002240 0.171608 0.985163 0.770389 0.925085
-2.046214 5.785909 0.172833 -0.000000 0.196827 0.980438 0.786922 0.939925
-2.046214 5.785909 0.172833 0.004596 0.174039 0.984728 0.786879 0.939968
-1.834528 5.653517 0.195574 0.002240 0.171608 0.985163 0.770389 0.925085
-2.046214 5.785909 0.172833 0.004596 0.174039 0.984728 0.786879 0.939968
-2.046214 5.652686 0.196378 0.004596 0.174039 0.984728 0.770412 0.942903
-1.834528 5.785909 0.172833 1.000000 -0.000000 0.000000 0.787825 0.925155
-1.834528 5.653517 0.195574 1.000000 -0.000000 0.000000 0.770389 0.925085
-1.834528 5.614937 -0.017705 1.000000 -0.000000 0.000000 0.770264 0.896935
-1.834528 5.614937 -0.017705 1.000000 -0.000000 0.000000 0.770264 0.896935
-1.834528 5.652522 -0.068871 1.000000 -0.000000 0.000000 0.776220 0.891244
-1.834528 5.785909 0.172833 1.000000 -0.000000 0.000000 0.787825 0.925155
-2.046214 5.827648 -0.165697 -1.000000 0.000000 -0.000000 0.800906 0.985313
-2.046214 5.960917 0.075342 -1.000000 0.000000 -0.000000 0.812511 0.951491
-2.046214 5.973851 -0.029064 -1.000000 0.000000 -0.000000 0.816518 0.964548
-2.046214 5.973851 -0.029064 -1.000000 0.000000 -0.000000 0.816518 0.964548
-2.046214 5.922946 -0.121133 -1.000000 0.000000 0.000000 0.812085 0.977467
-2.046214 5.827648 -0.165697 -1.000000 0.000000 -0.000000 0.800906 0.985313
-1.834528 5.614937 -0.017705 0.000000 -0.173648 -0.984808 0.770369 0.989474
-1.834528 -0.008216 0.973808 -0.000002 -0.173648 -0.984808 0.029080 0.989512
-2.046212 -0.008215 0.973808 -0.000002 -0.173648 -0.984808 0.029078 0.971236
-2.046212 -0.008215 0.973808 -0.000002 -0.173648 -0.984808 0.029078 0.971236
-2.046214 5.614937 -0.017705 0.000000 -0.173648 -0.984808 0.770375 0.971197
-1.834528 5.614937 -0.017705 0.000000 -0.173648 -0.984808 0.770369 0.989474
-1.834528 5.653517 0.195574 0.004526 0.173648 0.984797 0.770389 0.925085
-2.046214 5.652686 0.196378 0.004599 0.173646 0.984797 0.770412 0.942903
-2.046213 0.029534 1.187892 0.000074 0.173758 0.984788 0.029055 0.943050
-2.046213 0.029534 1.187892 0.000074 0.173758 0.984788 0.029055 0.943050
-1.834527 0.029535 1.187891 0.000002 0.173760 0.984788 0.028998 0.924987
-1.834528 5.653517 0.195574 0.004526 0.173648 0.984797 0.770389 0.925085
-1.834528 5.653517 0.195574 1.000000 0.000000 -0.000000 0.770389 0.925085
-1.834527 0.029535 1.187891 1.000000 -0.000000 -0.000001 0.028998 0.924987
-1.834528 -0.008216 0.973808 1.000000 -0.000000 -0.000001 0.028981 0.896898
-1.834528 -0.008216 0.973808 1.000000 -0.000000 -0.000001 0.028981 0.896898
-1.834528 5.614937 -0.017705 1.000000 0.000000 -0.000000 0.770264 0.896935
-1.834528 5.653517 0.195574 1.000000 0.000000 -0.000000 0.770389 0.925085
-2.046213 0.029534 1.187892 -1.000000 -0.000000 -0.000001 0.029055 0.943050
-2.046214 5.652686 0.196378 -1.000000 0.000000 0.000001 0.770412 0.942903
-2.046214 5.614937 -0.017705 -1.000000 0.000000 0.000001 0.770375 0.971197
-2.046214 5.614937 -0.017705 -1.000000 0.000000 0.000001 0.770375 0.971197
-2.046212 -0.008215 0.973808 -1.000000 -0.000000 -0.000001 0.029078 0.971236
-2.046213 0.029534 1.187892 -1.000000 -0.000000 -0.000001 0.029055 0.943050
-2.046214 5.785909 0.172833 -1.000000 0.000000 0.000001 0.787946 0.942964
-2.046214 5.652522 -0.068871 -1.000000 0.000000 0.000000 0.776336 0.976879
-2.046214 5.614937 -0.017705 -1.000000 0.000001 0.000000 0.770375 0.971197
-2.046214 5.614937 -0.017705 -1.000000 0.000001 0.000000 0.770375 0.971197
-2.046214 5.652686 0.196378 -1.000000 0.000000 0.000001 0.770412 0.942903
-2.046214 5.785909 0.172833 -1.000000 0.000000 0.000001 0.787946 0.942964
-2.046214 5.652522 -0.068871 -1.000000 0.000000 0.000000 0.776336 0.976879
-2.046214 5.785909 0.172833 -1.000000 0.000000 0.000001 0.787946 0.942964
-2.046214 5.785909 0.172833 -1.000000 -0.000001 0.000001 0.787942 0.942969
-2.046214 5.652522 -0.068871 -1.000000 0.000000 0.000000 0.776336 0.976879
-2.046214 5.785909 0.172833 -1.000000 -0.000001 0.000001 0.787942 0.942969
-2.046214 5.888822 0.150714 -1.000000 -0.000000 0.000000 0.801596 0.943479
-2.046214 5.652522 -0.068871 -1.000000 0.000000 0.000000 0.776336 0.976879
-2.046214 5.888822 0.150714 -1.000000 -0.000000 0.000000 0.801596 0.943479
-2.046214 5.724354 -0.145735 -1.000000 0.000000 -0.000000 0.787250 0.985089
-2.046214 5.960917 0.075342 -1.000000 0.000000 -0.000000 0.812511 0.951491
-2.046214 5.827648 -0.165697 -1.000000 0.000000 -0.000000 0.800906 0.985313
-2.046214 5.724354 -0.145735 -1.000000 0.000000 -0.000000 0.787250 0.985089
-2.046214 5.724354 -0.145735 -1.000000 0.000000 -0.000000 0.787250 0.985089
-2.046214 5.888822 0.150714 -1.000000 -0.000000 0.000000 0.801596 0.943479
-2.046214 5.960917 0.075342 -1.000000 0.000000 -0.000000 0.812511 0.951491
-1.834528 5.785909 0.172833 1.000000 -0.000000 0.000000 0.787825 0.925155
-1.834528 5.652522 -0.068871 1.000000 -0.000000 0.000000 0.776220 0.891244
-1.834528 5.724354 -0.145735 1.000000 -0.000000 0.000000 0.787136 0.883038
-1.834528 5.724354 -0.145735 1.000000 -0.000000 0.000000 0.787136 0.883038
-1.834528 5.888822 0.150714 1.000000 0.000000 -0.000000 0.801480 0.924648
-1.834528 5.785909 0.172833 1.000000 -0.000000 0.000000 0.787825 0.925155
-1.834528 5.888822 0.150714 1.000000 0.000000 -0.000000 0.801480 0.924648
-1.834528 5.724354 -0.145735 1.000000 -0.000000 0.000000 0.787136 0.883038
-1.834528 5.827648 -0.165697 1.000000 -0.000000 0.000000 0.800791 0.882816
-1.834528 5.827648 -0.165697 1.000000 -0.000000 0.000000 0.800791 0.882816
-1.834529 5.960917 0.075342 1.000000 0.000001 0.000000 0.812396 0.916637
-1.834528 5.888822 0.150714 1.000000 0.000000 -0.000000 0.801480 0.924648
-1.834529 5.960917 0.075342 1.000000 0.000001 0.000000 0.812396 0.916637
-1.834528 5.827648 -0.165697 1.000000 -0.000000 0.000000 0.800791 0.882816
-1.834528 5.922946 -0.121133 1.000000 -0.000001 0.000001 0.811971 0.890662
-1.834528 5.922946 -0.121133 1.000000 -0.000001 0.000001 0.811971 0.890662
-1.834528 5.973851 -0.029064 1.000000 -0.000002 0.000001 0.816404 0.903580
-1.834529 5.960917 0.075342 1.000000 0.000001 0.000000 0.812396 0.916637
1.798004 5.888821 0.150713 -0.000000 0.487881 0.872910 0.780967 0.065015
1.798004 5.785908 0.172832 -0.000000 0.196827 0.980438 0.767328 0.064762
2.009689 5.785908 0.172832 -0.000000 0.189752 0.981832 0.767064 0.047027
2.009689 5.785908 0.172832 -0.000000 0.189752 0.981832 0.767064 0.047027
2.009689 5.888821 0.150714 -0.000000 0.487880 0.872911 0.780691 0.046755
1.798004 5.888821 0.150713 -0.000000 0.487881 0.872910 0.780967 0.065015
1.798003 5.960917 0.075341 0.000000 0.903377 0.428848 0.794529 0.064806
1.798004 5.888821 0.150713 -0.000000 0.487881 0.872910 0.780967 0.065015
2.009689 5.888821 0.150714 -0.000000 0.487880 0.872911 0.780691 0.046755
2.009689 5.888821 0.150714 -0.000000 0.487880 0.872911 0.780691 0.046755
2.009689 5.960916 0.075341 0.000000 0.903376 0.428848 0.794224 0.046530
1.798003 5.960917 0.075341 0.000000 0.903377 0.428848 0.794529 0.064806
1.798003 5.973850 -0.029065 0.000000 0.981833 -0.189748 0.808205 0.064562
1.798003 5.960917 0.075341 0.000000 0.903377 0.428848 0.794529 0.064806
2.009689 5.960916 0.075341 0.000000 0.903376 0.428848 0.794224 0.046530
2.009689 5.960916 0.075341 0.000000 0.903376 0.428848 0.794224 0.046530
2.009689 5.973850 -0.029065 -0.000000 0.981833 -0.189747 0.807877 0.046285
1.798003 5.973850 -0.029065 0.000000 0.981833 -0.189748 0.808205 0.064562
1.798003 5.922946 -0.121134 -0.000000 0.682790 -0.730615 0.821877 0.064302
1.798003 5.973850 -0.029065 0.000000 0.981833 -0.189748 0.808205 0.064562
2.009689 5.973850 -0.029065 -0.000000 0.981833 -0.189747 0.807877 0.046285
2.009689 5.973850 -0.029065 -0.000000 0.981833 -0.189747 0.807877 0.046285
2.009689 5.922946 -0.121134 -0.000001 0.682790 -0.730615 0.821530 0.046027
1.798003 5.922946 -0.121134 -0.000000 0.682790 -0.730615 0.821877 0.064302
1.798003 5.827647 -0.165698 0.000000 0.122944 -0.992414 0.835545 0.064033
1.798003 5.922946 -0.121134 -0.000000 0.682790 -0.730615 0.821877 0.064302
2.009689 5.922946 -0.121134 -0.000001 0.682790 -0.730615 0.821530 0.046027
2.009689 5.922946 -0.121134 -0.000001 0.682790 -0.730615 0.821530 0.046027
2.009689 5.827647 -0.165698 0.000000 0.122944 -0.992414 0.835185 0.045758
1.798003 5.827647 -0.165698 0.000000 0.122944 -0.992414 0.835545 0.064033
1.798004 5.724354 -0.145736 0.000000 -0.483863 -0.875144 0.849209 0.063756
1.798003 5.827647 -0.165698 0.000000 0.122944 -0.992414 0.835545 0.064033
2.009689 5.827647 -0.165698 0.000000 0.122944 -0.992414 0.835185 0.045758
2.009689 5.827647 -0.165698 0.000000 0.122944 -0.992414 0.835185 0.045758
2.009689 5.724354 -0.145736 -0.000000 -0.483863 -0.875144 0.848841 0.045482
1.798004 5.724354 -0.145736 0.000000 -0.483863 -0.875144 0.849209 0.063756
1.798004 5.652522 -0.068872 -0.000000 -0.769613 -0.638511 0.862869 0.063477
1.798004 5.724354 -0.145736 0.000000 -0.483863 -0.875144 0.849209 0.063756
2.009689 5.724354 -0.145736 -0.000000 -0.483863 -0.875144 0.848841 0.045482
2.009689 5.724354 -0.145736 -0.000000 -0.483863 -0.875144 0.848841 0.045482
2.009689 5.652522 -0.068872 -0.000001 -0.769613 -0.638511 0.862498 0.045203
1.798004 5.652522 -0.068872 -0.000000 -0.769613 -0.638511 0.862869 0.063477
1.798003 5.614936 -0.017706 -0.000001 -0.805931 -0.592010 0.871112 0.063308
1.798004 5.652522 -0.068872 -0.000000 -0.769613 -0.638511 0.862869 0.063477
2.009689 5.652522 -0.068872 -0.000001 -0.769613 -0.638511 0.862498 0.045203
2.009689 5.652522 -0.068872 -0.000001 -0.769613 -0.638511 0.862498 0.045203
2.009689 5.614936 -0.017706 -0.000001 -0.805930 -0.592010 0.870739 0.045034
1.798003 5.614936 -0.017706 -0.000001 -0.805931 -0.592010 0.871112 0.063308
2.009689 5.653516 0.195574 0.002240 0.171608 0.985163 0.750807 0.049909
2.009689 5.785908 0.172832 -0.000000 0.189752 0.981832 0.767064 0.047027
1.798004 5.785908 0.172832 -0.000000 0.196827 0.980438 0.767328 0.064762
2.009689 5.653516 0.195574 0.002240 0.171608 0.985163 0.750807 0.049909
1.798004 5.785908 0.172832 -0.000000 0.196827 0.980438 0.767328 0.064762
1.798004 5.785908 0.172832 0.004596 0.174039 0.984728 0.767290 0.064800
2.009689 5.653516 0.195574 0.002240 0.171608 0.985163 0.750807 0.049909
1.798004 5.785908 0.172832 0.004596 0.174039 0.984728 0.767290 0.064800
1.798004 5.652685 0.196378 0.004596 0.174039 0.984728 0.750827 0.067728
2.009689 5.785908 0.172832 1.000000 -0.000000 0.000000 0.768243 0.049978
2.009689 5.653516 0.195574 1.000000 -0.000000 0.000000 0.750807 0.049909
2.009689 5.614936 -0.017706 1.000000 -0.000000 0.000000 0.750681 0.021759
2.009689 5.614936 -0.017706 1.000000 -0.000000 0.000000 0.750681 0.021759
2.009689 5.652522 -0.068872 1.000000 -0.000000 0.000000 0.756638 0.016068
2.009689 5.785908 0.172832 1.000000 -0.000000 0.000000 0.768243 0.049978
1.798003 5.827647 -0.165698 -1.000000 -0.000001 0.000000 0.781320 0.110137
1.798003 5.960917 0.075341 -1.000000 -0.000001 0.000000 0.792926 0.076315
1.798003 5.973850 -0.029065 -1.000000 0.000000 -0.000000 0.796933 0.089372
1.798003 5.973850 -0.029065 -1.000000 0.000000 -0.000000 0.796933 0.089372
1.798003 5.922946 -0.121134 -1.000000 0.000000 0.000000 0.792500 0.102291
1.798003 5.827647 -0.165698 -1.000000 -0.000001 0.000000 0.781320 0.110137
2.009689 5.614936 -0.017706 0.000000 -0.173648 -0.984808 0.750784 0.114299
2.009690 -0.008217 0.973807 -0.000001 -0.173648 -0.984808 0.009495 0.114337
1.798004 -0.008216 0.973807 -0.000001 -0.173648 -0.984808 0.009493 0.096060
1.798004 -0.008216 0.973807 -0.000001 -0.173648 -0.984808 0.009493 0.096060
1.798003 5.614936 -0.017706 0.000000 -0.173648 -0.984808 0.750790 0.096022
2.009689 5.614936 -0.017706 0.000000 -0.173648 -0.984808 0.750784 0.114299
2.009689 5.653516 0.195574 0.004526 0.173648 0.984797 0.750807 0.049909
1.798004 5.652685 0.196378 0.004599 0.173646 0.984797 0.750827 0.067728
1.798004 0.029533 1.187891 0.000074 0.173758 0.984788 0.009471 0.067875
1.798004 0.029533 1.187891 0.000074 0.173758 0.984788 0.009471 0.067875
2.009690 0.029534 1.187890 0.000002 0.173760 0.984788 0.009416 0.049811
2.009689 5.653516 0.195574 0.004526 0.173648 0.984797 0.750807 0.049909
2.009689 5.653516 0.195574 1.000000 0.000000 -0.000000 0.750807 0.049909
2.009690 0.029534 1.187890 1.000000 -0.000000 -0.000001 0.009416 0.049811
2.009690 -0.008217 0.973807 1.000000 -0.000000 -0.000001 0.009399 0.021722
2.009690 -0.008217 0.973807 1.000000 -0.000000 -0.000001 0.009399 0.021722
2.009689 5.614936 -0.017706 1.000000 0.000000 -0.000000 0.750681 0.021759
2.009689 5.653516 0.195574 1.000000 0.000000 -0.000000 0.750807 0.049909
1.798004 0.029533 1.187891 -1.000000 0.000000 0.000001 0.009471 0.067875
1.798004 5.652685 0.196378 -1.000000 0.000000 0.000001 0.750827 0.067728
1.798003 5.614936 -0.017706 -1.000000 0.000000 0.000001 0.750790 0.096022
1.798003 5.614936 -0.017706 -1.000000 0.000000 0.000001 0.750790 0.096022
1.798004 -0.008216 0.973807 -1.000000 0.000000 0.000001 0.009493 0.096060
1.798004 0.029533 1.187891 -1.000000 0.000000 0.000001 0.009471 0.067875
1.798004 5.785908 0.172832 -1.000000 0.000001 0.000000 0.768361 0.067789
1.798004 5.652522 -0.068872 -1.000000 0.000001 -0.000000 0.756751 0.101704
1.798003 5.614936 -0.017706 -1.000000 0.000002 -0.000001 0.750790 0.096022
1.798003 5.614936 -0.017706 -1.000000 0.000002 -0.000001 0.750790 0.096022
1.798004 5.652685 0.196378 -1.000000 0.000000 0.000001 0.750827 0.067728
1.798004 5.785908 0.172832 -1.000000 0.000001 0.000000 0.768361 0.067789
1.798004 5.652522 -0.068872 -1.000000 0.000001 -0.000000 0.756751 0.101704
1.798004 5.785908 0.172832 -1.000000 0.000001 0.000000 0.768361 0.067789
1.798004 5.785908 0.172832 -1.000000 0.000000 -0.000000 0.768357 0.067793
1.798004 5.652522 -0.068872 -1.000000 0.000001 -0.000000 0.756751 0.101704
1.798004 5.785908 0.172832 -1.000000 0.000000 -0.000000 0.768357 0.067793
1.798004 5.888821 0.150713 -1.000000 -0.000000 0.000000 0.782011 0.068303
1.798004 5.652522 -0.068872 -1.000000 0.000001 -0.000000 0.756751 0.101704
1.798004 5.888821 0.150713 -1.000000 -0.000000 0.000000 0.782011 0.068303
1.798004 5.724354 -0.145736 -1.000000 -0.000000 0.000000 0.767665 0.109913
1.798003 5.960917 0.075341 -1.000000 -0.000001 0.000000 0.792926 0.076315
1.798003 5.827647 -0.165698 -1.000000 -0.000001 0.000000 0.781320 0.110137
1.798004 5.724354 -0.145736 -1.000000 -0.000000 0.000000 0.767665 0.109913
1.798004 5.724354 -0.145736 -1.000000 -0.000000 0.000000 0.767665 0.109913
1.798004 5.888821 0.150713 -1.000000 -0.000000 0.000000 0.782011 0.068303
1.798003 5.960917 0.075341 -1.000000 -0.000001 0.000000 0.792926 0.076315
2.009689 5.785908 0.172832 1.000000 -0.000000 0.000000 0.768243 0.049978
2.009689 5.652522 -0.068872 1.000000 -0.000000 0.000000 0.756638 0.016068
2.009689 5.724354 -0.145736 1.000000 -0.000000 0.000000 0.767553 0.007861
2.009689 5.724354 -0.145736 1.000000 -0.000000 0.000000 0.767553 0.007861
2.009689 5.888821 0.150714 1.000000 0.000000 -0.000000 0.781897 0.049471
2.009689 5.785908 0.172832 1.000000 -0.000000 0.000000 0.768243 0.049978
2.009689 5.888821 0.150714 1.000000 0.000000 -0.000000 0.781897 0.049471
2.009689 5.724354 -0.145736 1.000000 -0.000000 0.000000 0.767553 0.007861
2.009689 5.827647 -0.165698 1.000000 0.000000 -0.000000 0.781209 0.007638
2.009689 5.827647 -0.165698 1.000000 0.000000 -0.000000 0.781209 0.007638
2.009689 5.960916 0.075341 1.000000 0.000001 -0.000000 0.792813 0.041459
2.009689 5.888821 0.150714 1.000000 0.000000 -0.000000 0.781897 0.049471
2.009689 5.960916 0.075341 1.000000 0.000001 -0.000000 0.792813 0.041459
2.009689 5.827647 -0.165698 1.000000 0.000000 -0.000000 0.781209 0.007638
2.009689 5.922946 -0.121134 1.000000 0.000001 -0.000000 0.792388 0.015483
2.009689 5.922946 -0.121134 1.000000 0.000001 -0.000000 0.792388 0.015483
2.009689 5.973850 -0.029065 1.000000 -0.000000 0.000000 0.796821 0.028402
2.009689 5.960916 0.075341 1.000000 0.000001 -0.000000 0.792813 0.041459
2.366041 2.092768 0.768028 -0.000000 -0.173648 -0.984808 0.469272 0.423942
2.366041 1.065382 0.949184 -0.000000 -0.173648 -0.984808 0.469272 0.288503
-2.366040 1.065383 0.949185 -0.000000 -0.173648 -0.984808 0.877841 0.288504
-2.366040 1.065383 0.949185 -0.000000 -0.173648 -0.984808 0.877841 0.288504
-2.366040 2.092769 0.768029 -0.000000 -0.173648 -0.984808 0.877841 0.423942
2.366041 2.092768 0.768028 -0.000000 -0.173648 -0.984808 0.469272 0.423942
2.366041 2.112130 0.877835 0.000000 0.173648 0.984808 0.469274 0.138588
-2.366040 2.112131 0.877836 0.000000 0.173648 0.984808 0.877844 0.138589
-2.366040 1.084745 1.058991 0.000000 0.173648 0.984808 0.877842 0.274027
-2.366040 1.084745 1.058991 0.000000 0.173648 0.984808 0.877842 0.274027
2.366041 1.084744 1.058990 0.000000 0.173648 0.984808 0.469272 0.274027
2.366041 2.112130 0.877835 0.000000 0.173648 0.984808 0.469274 0.138588
2.366041 1.084744 1.058990 -0.000000 -0.984808 0.173648 0.469272 0.274027
-2.366040 1.084745 1.058991 -0.000000 -0.984808 0.173648 0.877842 0.274027
-2.366040 1.065383 0.949185 -0.000000 -0.984808 0.173648 0.877841 0.288504
-2.366040 1.065383 0.949185 -0.000000 -0.984808 0.173648 0.877841 0.288504
2.366041 1.065382 0.949184 -0.000000 -0.984808 0.173648 0.469272 0.288503
2.366041 1.084744 1.058990 -0.000000 -0.984808 0.173648 0.469272 0.274027
2.366041 2.112130 0.877835 1.000000 -0.000000 -0.000001 0.469274 0.138588
2.366041 1.084744 1.058990 1.000000 -0.000000 0.000000 0.469272 0.274027
2.366041 1.065382 0.949184 1.000000 -0.000000 -0.000000 0.454796 0.274026
2.366041 1.065382 0.949184 1.000000 -0.000000 -0.000000 0.454796 0.274026
2.366041 2.092768 0.768028 1.000000 -0.000000 -0.000001 0.454798 0.138588
2.366041 2.112130 0.877835 1.000000 -0.000000 -0.000001 0.469274 0.138588
-2.366040 2.112131 0.877836 0.000000 0.984807 -0.173650 0.877844 0.138589
2.366041 2.112130 0.877835 0.000000 0.984807 -0.173650 0.469274 0.138588
2.366041 2.092768 0.768028 0.000000 0.984807 -0.173650 0.469274 0.124113
2.366041 2.092768 0.768028 0.000000 0.984807 -0.173650 0.469274 0.124113
-2.366040 2.092769 0.768029 0.000000 0.984807 -0.173650 0.877844 0.124113
-2.366040 2.112131 0.877836 0.000000 0.984807 -0.173650 0.877844 0.138589
-2.366040 1.084745 1.058991 -1.000000 0.000000 0.000000 0.877842 0.274027
-2.366040 2.112131 0.877836 -1.000000 0.000000 0.000001 0.877844 0.138589
-2.366040 2.092769 0.768029 -1.000000 0.000000 0.000001 0.892320 0.138589
-2.366040 2.092769 0.768029 -1.000000 0.000000 0.000001 0.892320 0.138589
-2.366040 1.065383 0.949185 -1.000000 0.000000 0.000000 0.892318 0.274027
-2.366040 1.084745 1.058991 -1.000000 0.000000 0.000000 0.877842 0.274027
1.815450 0.303638 1.036573 -0.000000 -0.173648 -0.984808 0.940909 0.991142
1.815450 0.121328 1.068719 -0.000000 -0.173648 -0.984808 0.918860 0.991141
-1.864599 0.121329 1.068720 -0.000000 -0.173648 -0.984808 0.918860 0.734285
-1.864599 0.121329 1.068720 -0.000000 -0.173648 -0.984808 0.918860 0.734285
-1.864599 0.303639 1.036573 -0.000000 -0.173648 -0.984808 0.940909 0.734285
1.815450 0.303638 1.036573 -0.000000 -0.173648 -0.984808 0.940909 0.991142
1.815450 0.320551 1.132496 0.000000 0.173648 0.984808 0.952510 0.991143
-1.864599 0.320552 1.132496 0.000000 0.173648 0.984808 0.952510 0.734286
-1.864599 0.138242 1.164642 0.000000 0.173648 0.984808 0.974560 0.734287
-1.864599 0.138242 1.164642 0.000000 0.173648 0.984808 0.974560 0.734287
1.815450 0.138241 1.164642 0.000000 0.173648 0.984808 0.974560 0.991143
1.815450 0.320551 1.132496 0.000000 0.173648 0.984808 0.952510 0.991143
1.815450 0.138241 1.164642 -0.000000 -0.984808 0.173645 0.974560 0.991143
-1.864599 0.138242 1.164642 -0.000000 -0.984808 0.173646 0.974560 0.734287
-1.864599 0.121329 1.068720 -0.000000 -0.984808 0.173646 0.986161 0.734287
-1.864599 0.121329 1.068720 -0.000000 -0.984808 0.173646 0.986161 0.734287
1.815450 0.121328 1.068719 -0.000000 -0.984808 0.173645 0.986161 0.991143
1.815450 0.138241 1.164642 -0.000000 -0.984808 0.173645 0.974560 0.991143
-1.864599 0.320552 1.132496 0.000000 0.984808 -0.173645 0.952510 0.734286
1.815450 0.320551 1.132496 0.000000 0.984808 -0.173645 0.952510 0.991143
1.815450 0.303638 1.036573 0.000000 0.984808 -0.173645 0.940909 0.991142
1.815450 0.303638 1.036573 0.000000 0.984808 -0.173645 0.940909 0.991142
-1.864599 0.303639 1.036573 0.000000 0.984808 -0.173645 0.940909 0.734285
-1.864599 0.320552 1.132496 0.000000 0.984808 -0.173645 0.952510 0.734286
-2.366040 5.488215 -0.170020 0.000000 -0.173648 0.984808 0.027165 0.877483
-2.366040 3.931570 -0.444498 0.000000 -0.173648 0.984808 0.027165 0.672273
2.366041 3.931569 -0.444499 0.000000 -0.173648 0.984808 0.435734 0.672274
2.366041 3.931569 -0.444499 0.000000 -0.173648 0.984808 0.435734 0.672274
2.366042 5.488214 -0.170020 0.000000 -0.173648 0.984808 0.435734 0.877484
-2.366040 5.488215 -0.170020 0.000000 -0.173648 0.984808 0.027165 0.877483
-2.366040 5.507577 -0.279826 -0.000000 0.173648 -0.984808 0.027167 0.452584
2.366042 5.507576 -0.279827 -0.000000 0.173648 -0.984808 0.435737 0.452584
2.366041 3.950931 -0.554305 -0.000000 0.173648 -0.984808 0.435735 0.657794
2.366041 3.950931 -0.554305 -0.000000 0.173648 -0.984808 0.435735 0.657794
-2.366040 3.950932 -0.554305 -0.000000 0.173648 -0.984808 0.027165 0.657795
-2.366040 5.507577 -0.279826 -0.000000 0.173648 -0.984808 0.027167 0.452584
-2.366040 3.950932 -0.554305 -0.000000 -0.984808 -0.173649 0.027165 0.657795
2.366041 3.950931 -0.554305 -0.000000 -0.984808 -0.173649 0.435735 0.657794
2.366041 3.931569 -0.444499 -0.000000 -0.984808 -0.173649 0.435734 0.672274
2.366041 3.931569 -0.444499 -0.000000 -0.984808 -0.173649 0.435734 0.672274
-2.366040 3.931570 -0.444498 -0.000000 -0.984808 -0.173649 0.027165 0.672273
-2.366040 3.950932 -0.554305 -0.000000 -0.984808 -0.173649 0.027165 0.657795
-2.366040 5.507577 -0.279826 -1.000000 0.000000 -0.000000 0.027167 0.452584
-2.366040 3.950932 -0.554305 -1.000000 0.000000 0.000000 0.027165 0.657795
-2.366040 3.931570 -0.444498 -1.000000 0.000000 -0.000000 0.012690 0.657793
-2.366040 3.931570 -0.444498 -1.000000 0.000000 -0.000000 0.012690 0.657793
-2.366040 5.488215 -0.170020 -1.000000 0.000000 -0.000000 0.012691 0.452584
-2.366040 5.507577 -0.279826 -1.000000 0.000000 -0.000000 0.027167 0.452584
2.366042 5.507576 -0.279827 0.000000 0.984808 0.173649 0.435737 0.452584
-2.366040 5.507577 -0.279826 0.000000 0.984808 0.173648 0.027167 0.452584
-2.366040 5.488215 -0.170020 0.000000 0.984808 0.173648 0.027167 0.438108
-2.366040 5.488215 -0.170020 0.000000 0.984808 0.173648 0.027167 0.438108
2.366042 5.488214 -0.170020 0.000000 0.984808 0.173649 0.435737 0.438108
2.366042 5.507576 -0.279827 0.000000 0.984808 0.173649 0.435737 0.452584
2.366041 3.950931 -0.554305 1.000000 -0.000000 0.000000 0.435735 0.657794
2.366042 5.507576 -0.279827 1.000000 -0.000000 0.000000 0.435737 0.452584
2.366042 5.488214 -0.170020 1.000000 -0.000000 0.000000 0.450213 0.452585
2.366042 5.488214 -0.170020 1.000000 -0.000000 0.000000 0.450213 0.452585
2.366041 3.931569 -0.444499 1.000000 -0.000000 0.000000 0.450211 0.657794
2.366041 3.950931 -0.554305 1.000000 -0.000000 0.000000 0.435735 0.657794
1.791786 5.897037 -0.150713 0.000000 0.487881 -0.872910 0.800565 0.940160
1.791786 5.794123 -0.172832 0.000001 0.196826 -0.980438 0.786922 0.939925
1.580101 5.794123 -0.172832 0.000001 0.189752 -0.981832 0.786639 0.922190
1.580101 5.794123 -0.172832 0.000001 0.189752 -0.981832 0.786639 0.922190
1.580101 5.897037 -0.150713 -0.000000 0.487881 -0.872910 0.800262 0.921900
1.791786 5.897037 -0.150713 0.000000 0.487881 -0.872910 0.800565 0.940160
1.791786 5.969131 -0.075341 0.000000 0.903377 -0.428848 0.814130 0.939928
1.791786 5.897037 -0.150713 0.000000 0.487881 -0.872910 0.800565 0.940160
1.580101 5.897037 -0.150713 -0.000000 0.487881 -0.872910 0.800262 0.921900
1.580101 5.897037 -0.150713 -0.000000 0.487881 -0.872910 0.800262 0.921900
1.580101 5.969131 -0.075341 0.000000 0.903376 -0.428848 0.813792 0.921652
1.791786 5.969131 -0.075341 0.000000 0.903377 -0.428848 0.814130 0.939928
1.791786 5.982066 0.029065 0.000000 0.981833 0.189747 0.827807 0.939657
1.791786 5.969131 -0.075341 0.000000 0.903377 -0.428848 0.814130 0.939928
1.580101 5.969131 -0.075341 0.000000 0.903376 -0.428848 0.813792 0.921652
1.580101 5.969131 -0.075341 0.000000 0.903376 -0.428848 0.813792 0.921652
1.580101 5.982066 0.029065 0.000000 0.981833 0.189746 0.827443 0.921381
1.791786 5.982066 0.029065 0.000000 0.981833 0.189747 0.827807 0.939657
1.791786 5.931161 0.121134 0.000001 0.682790 0.730615 0.841479 0.939370
1.791786 5.982066 0.029065 0.000000 0.981833 0.189747 0.827807 0.939657
1.580101 5.982066 0.029065 0.000000 0.981833 0.189746 0.827443 0.921381
1.580101 5.982066 0.029065 0.000000 0.981833 0.189746 0.827443 0.921381
1.580101 5.931161 0.121134 0.000001 0.682790 0.730615 0.841094 0.921095
1.791786 5.931161 0.121134 0.000001 0.682790 0.730615 0.841479 0.939370
1.791786 5.835862 0.165698 0.000000 0.122943 0.992414 0.855147 0.939070
1.791786 5.931161 0.121134 0.000001 0.682790 0.730615 0.841479 0.939370
1.580101 5.931161 0.121134 0.000001 0.682790 0.730615 0.841094 0.921095
1.580101 5.931161 0.121134 0.000001 0.682790 0.730615 0.841094 0.921095
1.580101 5.835862 0.165698 -0.000000 0.122943 0.992414 0.854748 0.920796
1.791786 5.835862 0.165698 0.000000 0.122943 0.992414 0.855147 0.939070
1.791786 5.732569 0.145736 -0.000000 -0.483863 0.875144 0.868811 0.938764
1.791786 5.835862 0.165698 0.000000 0.122943 0.992414 0.855147 0.939070
1.580101 5.835862 0.165698 -0.000000 0.122943 0.992414 0.854748 0.920796
1.580101 5.835862 0.165698 -0.000000 0.122943 0.992414 0.854748 0.920796
1.580101 5.732569 0.145736 -0.000000 -0.483863 0.875144 0.868403 0.920490
1.791786 5.732569 0.145736 -0.000000 -0.483863 0.875144 0.868811 0.938764
1.791786 5.660737 0.068872 0.000000 -0.769612 0.638512 0.882471 0.938454
1.791786 5.732569 0.145736 -0.000000 -0.483863 0.875144 0.868811 0.938764
1.580101 5.732569 0.145736 -0.000000 -0.483863 0.875144 0.868403 0.920490
1.580101 5.732569 0.145736 -0.000000 -0.483863 0.875144 0.868403 0.920490
1.580101 5.660737 0.068872 0.000000 -0.769612 0.638511 0.882059 0.920181
1.791786 5.660737 0.068872 0.000000 -0.769612 0.638512 0.882471 0.938454
1.791786 5.623152 0.017706 0.000000 -0.805930 0.592010 0.890713 0.938266
1.791786 5.660737 0.068872 0.000000 -0.769612 0.638512 0.882471 0.938454
1.580101 5.660737 0.068872 0.000000 -0.769612 0.638511 0.882059 0.920181
1.580101 5.660737 0.068872 0.000000 -0.769612 0.638511 0.882059 0.920181
1.580101 5.623152 0.017706 -0.000000 -0.805931 0.592009 0.890299 0.919993
1.791786 5.623152 0.017706 0.000000 -0.805930 0.592010 0.890713 0.938266
1.580101 5.661731 -0.195573 -0.002239 0.171608 -0.985163 0.770389 0.925085
1.580101 5.794123 -0.172832 0.000001 0.189752 -0.981832 0.786639 0.922190
1.791786 5.794123 -0.172832 0.000001 0.196826 -0.980438 0.786922 0.939925
1.580101 5.661731 -0.195573 -0.002239 0.171608 -0.985163 0.770389 0.925085
1.791786 5.794123 -0.172832 0.000001 0.196826 -0.980438 0.786922 0.939925
1.791786 5.794123 -0.172832 -0.004596 0.174040 -0.984728 0.786879 0.939968
1.580101 5.661731 -0.195573 -0.002239 0.171608 -0.985163 0.770389 0.925085
1.791786 5.794123 -0.172832 -0.004596 0.174040 -0.984728 0.786879 0.939968
1.791786 5.660900 -0.196377 -0.004596 0.174040 -0.984728 0.770412 0.942903
1.580101 5.794123 -0.172832 -1.000000 0.000000 -0.000000 0.787825 0.925155
1.580101 5.661731 -0.195573 -1.000000 0.000000 -0.000001 0.770389 0.925085
1.580101 5.623152 0.017706 -1.000000 0.000001 -0.000000 0.770264 0.896935
1.580101 5.623152 0.017706 -1.000000 0.000001 -0.000000 0.770264 0.896935
1.580101 5.660737 0.068872 -1.000000 0.000001 0.000000 0.776220 0.891244
1.580101 5.794123 -0.172832 -1.000000 0.000000 -0.000000 0.787825 0.925155
1.791786 5.835862 0.165698 1.000000 -0.000000 -0.000000 0.800906 0.985313
1.791786 5.969131 -0.075341 1.000000 0.000000 0.000000 0.812511 0.951491
1.791786 5.982066 0.029065 1.000000 0.000001 0.000001 0.816518 0.964548
1.791786 5.982066 0.029065 1.000000 0.000001 0.000001 0.816518 0.964548
1.791786 5.931161 0.121134 1.000000 -0.000001 -0.000002 0.812085 0.977467
1.791786 5.835862 0.165698 1.000000 -0.000000 -0.000000 0.800906 0.985313
1.580101 5.623152 0.017706 -0.000000 -0.173648 0.984808 0.770369 0.989474
1.580098 -0.000001 -0.973808 0.000002 -0.173648 0.984808 0.029080 0.989512
1.791783 -0.000000 -0.973808 0.000002 -0.173648 0.984808 0.029078 0.971236
1.791783 -0.000000 -0.973808 0.000002 -0.173648 0.984808 0.029078 0.971236
1.791786 5.623152 0.017706 -0.000000 -0.173648 0.984808 0.770375 0.971197
1.580101 5.623152 0.017706 -0.000000 -0.173648 0.984808 0.770369 0.989474
1.580101 5.661731 -0.195573 -0.004527 0.173648 -0.984797 0.770389 0.925085
1.791786 5.660900 -0.196377 -0.004599 0.173646 -0.984797 0.770412 0.942903
1.791784 0.037749 -1.187891 -0.000074 0.173758 -0.984788 0.029055 0.943050
1.791784 0.037749 -1.187891 -0.000074 0.173758 -0.984788 0.029055 0.943050
1.580098 0.037749 -1.187891 -0.000002 0.173760 -0.984788 0.028998 0.924987
1.580101 5.661731 -0.195573 -0.004527 0.173648 -0.984797 0.770389 0.925085
1.580101 5.661731 -0.195573 -1.000000 0.000000 -0.000001 0.770389 0.925085
1.580098 0.037749 -1.187891 -1.000000 0.000000 0.000000 0.028998 0.924987
1.580098 -0.000001 -0.973808 -1.000000 0.000000 0.000000 0.028981 0.896898
1.580098 -0.000001 -0.973808 -1.000000 0.000000 0.000000 0.028981 0.896898
1.580101 5.623152 0.017706 -1.000000 0.000000 -0.000001 0.770264 0.896935
1.580101 5.661731 -0.195573 -1.000000 0.000000 -0.000001 0.770389 0.925085
1.791784 0.037749 -1.187891 1.000000 -0.000001 0.000001 0.029055 0.943050
1.791786 5.660900 -0.196377 1.000000 -0.000000 -0.000000 0.770412 0.942903
1.791786 5.623152 0.017706 1.000000 -0.000000 0.000000 0.770375 0.971197
1.791786 5.623152 0.017706 1.000000 -0.000000 0.000000 0.770375 0.971197
1.791783 -0.000000 -0.973808 1.000000 -0.000001 0.000001 0.029078 0.971236
1.791784 0.037749 -1.187891 1.000000 -0.000001 0.000001 0.029055 0.943050
1.791786 5.794123 -0.172832 1.000000 -0.000000 0.000000 0.787946 0.942964
1.791786 5.660737 0.068872 1.000000 -0.000001 -0.000000 0.776336 0.976879
1.791786 5.623152 0.017706 1.000000 -0.000000 0.000000 0.770375 0.971197
1.791786 5.623152 0.017706 1.000000 -0.000000 0.000000 0.770375 0.971197
1.791786 5.660900 -0.196377 1.000000 -0.000000 0.000000 0.770412 0.942903
1.791786 5.794123 -0.172832 1.000000 -0.000000 0.000000 0.787946 0.942964
1.791786 5.660737 0.068872 1.000000 -0.000001 -0.000000 0.776336 0.976879
1.791786 5.794123 -0.172832 1.000000 -0.000000 0.000000 0.787946 0.942964
1.791786 5.794123 -0.172832 1.000000 -0.000001 -0.000001 0.787942 0.942969
1.791786 5.660737 0.068872 1.000000 -0.000001 -0.000000 0.776336 0.976879
1.791786 5.794123 -0.172832 1.000000 -0.000001 -0.000001 0.787942 0.942969
1.791786 5.897037 -0.150713 1.000000 -0.000001 -0.000000 0.801596 0.943479
1.791786 5.660737 0.068872 1.000000 -0.000001 -0.000000 0.776336 0.976879
1.791786 5.897037 -0.150713 1.000000 -0.000001 -0.000000 0.801596 0.943479
1.791786 5.732569 0.145736 1.000000 -0.000001 -0.000000 0.787250 0.985089
1.791786 5.969131 -0.075341 1.000000 0.000000 0.000000 0.812511 0.951491
1.791786 5.835862 0.165698 1.000000 -0.000000 -0.000000 0.800906 0.985313
1.791786 5.732569 0.145736 1.000000 -0.000001 -0.000000 0.787250 0.985089
1.791786 5.732569 0.145736 1.000000 -0.000001 -0.000000 0.787250 0.985089
1.791786 5.897037 -0.150713 1.000000 -0.000001 -0.000000 0.801596 0.943479
1.791786 5.969131 -0.075341 1.000000 0.000000 0.000000 0.812511 0.951491
1.580101 5.794123 -0.172832 -1.000000 0.000000 -0.000000 0.787825 0.925155
1.580101 5.660737 0.068872 -1.000000 0.000001 0.000000 0.776220 0.891244
1.580101 5.732569 0.145736 -1.000000 0.000001 0.000000 0.787136 0.883038
1.580101 5.732569 0.145736 -1.000000 0.000001 0.000000 0.787136 0.883038
1.580101 5.897037 -0.150713 -1.000000 0.000000 -0.000000 0.801480 0.924648
1.580101 5.794123 -0.172832 -1.000000 0.000000 -0.000000 0.787825 0.925155
1.580101 5.897037 -0.150713 -1.000000 0.000000 -0.000000 0.801480 0.924648
1.580101 5.732569 0.145736 -1.000000 0.000001 0.000000 0.787136 0.883038
1.580101 5.835862 0.165698 -1.000000 0.000000 -0.000000 0.800791 0.882816
1.580101 5.835862 0.165698 -1.000000 0.000000 -0.000000 0.800791 0.882816
1.580101 5.969131 -0.075341 -1.000000 0.000000 -0.000000 0.812396 0.916637
1.580101 5.897037 -0.150713 -1.000000 0.000000 -0.000000 0.801480 0.924648
1.580101 5.969131 -0.075341 -1.000000 0.000000 -0.000000 0.812396 0.916637
1.580101 5.835862 0.165698 -1.000000 0.000000 -0.000000 0.800791 0.882816
1.580101 5.931161 0.121134 -1.000000 0.000000 -0.000000 0.811971 0.890662
1.580101 5.931161 0.121134 -1.000000 0.000000 -0.000000 0.811971 0.890662
1.580101 5.982066 0.029065 -1.000000 0.000000 0.000000 0.816404 0.903580
1.580101 5.969131 -0.075341 -1.000000 0.000000 -0.000000 0.812396 0.916637
-1.605788 5.897037 -0.150713 0.000000 0.487881 -0.872910 0.780967 0.065015
-1.605788 5.794124 -0.172831 0.000001 0.196827 -0.980438 0.767328 0.064762
-1.817473 5.794124 -0.172831 0.000001 0.189752 -0.981832 0.767064 0.047027
-1.817473 5.794124 -0.172831 0.000001 0.189752 -0.981832 0.767064 0.047027
-1.817473 5.897037 -0.150713 0.000000 0.487881 -0.872910 0.780691 0.046755
-1.605788 5.897037 -0.150713 0.000000 0.487881 -0.872910 0.780967 0.065015
-1.605788 5.969132 -0.075341 0.000000 0.903377 -0.428848 0.794529 0.064806
-1.605788 5.897037 -0.150713 0.000000 0.487881 -0.872910 0.780967 0.065015
-1.817473 5.897037 -0.150713 0.000000 0.487881 -0.872910 0.780691 0.046755
-1.817473 5.897037 -0.150713 0.000000 0.487881 -0.872910 0.780691 0.046755
-1.817473 5.969132 -0.075341 0.000000 0.903377 -0.428848 0.794224 0.046530
-1.605788 5.969132 -0.075341 0.000000 0.903377 -0.428848 0.794529 0.064806
-1.605788 5.982066 0.029066 0.000000 0.981833 0.189747 0.808205 0.064562
-1.605788 5.969132 -0.075341 0.000000 0.903377 -0.428848 0.794529 0.064806
-1.817473 5.969132 -0.075341 0.000000 0.903377 -0.428848 0.794224 0.046530
-1.817473 5.969132 -0.075341 0.000000 0.903377 -0.428848 0.794224 0.046530
-1.817473 5.982066 0.029066 0.000000 0.981833 0.189747 0.807877 0.046285
-1.605788 5.982066 0.029066 0.000000 0.981833 0.189747 0.808205 0.064562
-1.605788 5.931162 0.121134 0.000000 0.682790 0.730615 0.821877 0.064302
-1.605788 5.982066 0.029066 0.000000 0.981833 0.189747 0.808205 0.064562
-1.817473 5.982066 0.029066 0.000000 0.981833 0.189747 0.807877 0.046285
-1.817473 5.982066 0.029066 0.000000 0.981833 0.189747 0.807877 0.046285
-1.817473 5.931162 0.121134 0.000000 0.682790 0.730615 0.821530 0.046027
-1.605788 5.931162 0.121134 0.000000 0.682790 0.730615 0.821877 0.064302
-1.605788 5.835863 0.165699 0.000000 0.122944 0.992414 0.835545 0.064033
-1.605788 5.931162 0.121134 0.000000 0.682790 0.730615 0.821877 0.064302
-1.817473 5.931162 0.121134 0.000000 0.682790 0.730615 0.821530 0.046027
-1.817473 5.931162 0.121134 0.000000 0.682790 0.730615 0.821530 0.046027
-1.817473 5.835863 0.165699 -0.000000 0.122944 0.992414 0.835185 0.045758
-1.605788 5.835863 0.165699 0.000000 0.122944 0.992414 0.835545 0.064033
-1.605788 5.732570 0.145737 -0.000001 -0.483863 0.875144 0.849209 0.063756
-1.605788 5.835863 0.165699 0.000000 0.122944 0.992414 0.835545 0.064033
-1.817473 5.835863 0.165699 -0.000000 0.122944 0.992414 0.835185 0.045758
-1.817473 5.835863 0.165699 -0.000000 0.122944 0.992414 0.835185 0.045758
-1.817473 5.732570 0.145737 -0.000000 -0.483863 0.875144 0.848841 0.045482
-1.605788 5.732570 0.145737 -0.000001 -0.483863 0.875144 0.849209 0.063756
-1.605788 5.660738 0.068873 -0.000000 -0.769612 0.638511 0.862869 0.063477
-1.605788 5.732570 0.145737 -0.000001 -0.483863 0.875144 0.849209 0.063756
-1.817473 5.732570 0.145737 -0.000000 -0.483863 0.875144 0.848841 0.045482
-1.817473 5.732570 0.145737 -0.000000 -0.483863 0.875144 0.848841 0.045482
-1.817473 5.660738 0.068873 -0.000000 -0.769612 0.638511 0.862498 0.045203
-1.605788 5.660738 0.068873 -0.000000 -0.769612 0.638511 0.862869 0.063477
-1.605788 5.623152 0.017706 -0.000000 -0.805930 0.592011 0.871112 0.063308
-1.605788 5.660738 0.068873 -0.000000 -0.769612 0.638511 0.862869 0.063477
-1.817473 5.660738 0.068873 -0.000000 -0.769612 0.638511 0.862498 0.045203
-1.817473 5.660738 0.068873 -0.000000 -0.769612 0.638511 0.862498 0.045203
-1.817473 5.623152 0.017706 -0.000000 -0.805930 0.592010 0.870739 0.045034
-1.605788 5.623152 0.017706 -0.000000 -0.805930 0.592011 0.871112 0.063308
-1.817473 5.661732 -0.195573 -0.002239 0.171608 -0.985163 0.750807 0.049909
-1.817473 5.794124 -0.172831 0.000001 0.189752 -0.981832 0.767064 0.047027
-1.605788 5.794124 -0.172831 0.000001 0.196827 -0.980438 0.767328 0.064762
-1.817473 5.661732 -0.195573 -0.002239 0.171608 -0.985163 0.750807 0.049909
-1.605788 5.794124 -0.172831 0.000001 0.196827 -0.980438 0.767328 0.064762
-1.605788 5.794124 -0.172831 -0.004596 0.174040 -0.984728 0.767290 0.064800
-1.817473 5.661732 -0.195573 -0.002239 0.171608 -0.985163 0.750807 0.049909
-1.605788 5.794124 -0.172831 -0.004596 0.174040 -0.984728 0.767290 0.064800
-1.605788 5.660901 -0.196377 -0.004596 0.174040 -0.984728 0.750827 0.067728
-1.817473 5.794124 -0.172831 -1.000000 0.000000 -0.000000 0.768243 0.049978
-1.817473 5.661732 -0.195573 -1.000000 0.000000 -0.000001 0.750807 0.049909
-1.817473 5.623152 0.017706 -1.000000 0.000001 -0.000000 0.750681 0.021759
-1.817473 5.623152 0.017706 -1.000000 0.000001 -0.000000 0.750681 0.021759
-1.817473 5.660738 0.068873 -1.000000 0.000001 0.000000 0.756638 0.016068
-1.817473 5.794124 -0.172831 -1.000000 0.000000 -0.000000 0.768243 0.049978
-1.605788 5.835863 0.165699 1.000000 -0.000001 -0.000000 0.781320 0.110137
-1.605788 5.969132 -0.075341 1.000000 -0.000001 0.000000 0.792926 0.076315
-1.605788 5.982066 0.029066 1.000000 -0.000000 0.000000 0.796933 0.089372
-1.605788 5.982066 0.029066 1.000000 -0.000000 0.000000 0.796933 0.089372
-1.605788 5.931162 0.121134 1.000000 -0.000000 0.000000 0.792500 0.102291
-1.605788 5.835863 0.165699 1.000000 -0.000001 -0.000000 0.781320 0.110137
-1.817473 5.623152 0.017706 -0.000000 -0.173648 0.984808 0.750784 0.114299
-1.817476 0.000000 -0.973807 0.000001 -0.173648 0.984808 0.009495 0.114337
-1.605791 0.000000 -0.973807 0.000001 -0.173648 0.984808 0.009493 0.096060
-1.605791 0.000000 -0.973807 0.000001 -0.173648 0.984808 0.009493 0.096060
-1.605788 5.623152 0.017706 -0.000000 -0.173648 0.984808 0.750790 0.096022
-1.817473 5.623152 0.017706 -0.000000 -0.173648 0.984808 0.750784 0.114299
-1.817473 5.661732 -0.195573 -0.004527 0.173648 -0.984797 0.750807 0.049909
-1.605788 5.660901 -0.196377 -0.004599 0.173646 -0.984797 0.750827 0.067728
-1.605790 0.037749 -1.187891 -0.000076 0.173758 -0.984788 0.009471 0.067875
-1.605790 0.037749 -1.187891 -0.000076 0.173758 -0.984788 0.009471 0.067875
-1.817476 0.037750 -1.187890 -0.000004 0.173760 -0.984788 0.009416 0.049811
-1.817473 5.661732 -0.195573 -0.004527 0.173648 -0.984797 0.750807 0.049909
-1.817473 5.661732 -0.195573 -1.000000 0.000000 -0.000001 0.750807 0.049909
-1.817476 0.037750 -1.187890 -1.000000 0.000000 0.000000 0.009416 0.049811
-1.817476 0.000000 -0.973807 -1.000000 0.000000 0.000000 0.009399 0.021722
-1.817476 0.000000 -0.973807 -1.000000 0.000000 0.000000 0.009399 0.021722
-1.817473 5.623152 0.017706 -1.000000 0.000000 -0.000001 0.750681 0.021759
-1.817473 5.661732 -0.195573 -1.000000 0.000000 -0.000001 0.750807 0.049909
-1.605790 0.037749 -1.187891 1.000000 -0.000000 0.000001 0.009471 0.067875
-1.605788 5.660901 -0.196377 1.000000 -0.000000 0.000001 0.750827 0.067728
-1.605788 5.623152 0.017706 1.000000 -0.000000 0.000001 0.750790 0.096022
-1.605788 5.623152 0.017706 1.000000 -0.000000 0.000001 0.750790 0.096022
-1.605791 0.000000 -0.973807 1.000000 -0.000000 0.000001 0.009493 0.096060
-1.605790 0.037749 -1.187891 1.000000 -0.000000 0.000001 0.009471 0.067875
-1.605788 5.794124 -0.172831 1.000000 -0.000000 0.000001 0.768361 0.067789
-1.605788 5.660738 0.068873 1.000000 -0.000001 0.000001 0.756751 0.101704
-1.605788 5.623152 0.017706 1.000000 0.000001 0.000001 0.750790 0.096022
-1.605788 5.623152 0.017706 1.000000 0.000001 0.000001 0.750790 0.096022
-1.605788 5.660901 -0.196377 1.000000 -0.000000 0.000001 0.750827 0.067728
-1.605788 5.794124 -0.172831 1.000000 -0.000000 0.000001 0.768361 0.067789
-1.605788 5.660738 0.068873 1.000000 -0.000001 0.000001 0.756751 0.101704
-1.605788 5.794124 -0.172831 1.000000 -0.000000 0.000001 0.768361 0.067789
-1.605788 5.794124 -0.172831 1.000000 -0.000000 0.000001 0.768357 0.067793
-1.605788 5.660738 0.068873 1.000000 -0.000001 0.000001 0.756751 0.101704
-1.605788 5.794124 -0.172831 1.000000 -0.000000 0.000001 0.768357 0.067793
-1.605788 5.897037 -0.150713 1.000000 -0.000001 0.000000 0.782011 0.068303
-1.605788 5.660738 0.068873 1.000000 -0.000001 0.000001 0.756751 0.101704
-1.605788 5.897037 -0.150713 1.000000 -0.000001 0.000000 0.782011 0.068303
-1.605788 5.732570 0.145737 1.000000 -0.000001 -0.000000 0.767665 0.109913
-1.605788 5.969132 -0.075341 1.000000 -0.000001 0.000000 0.792926 0.076315
-1.605788 5.835863 0.165699 1.000000 -0.000001 -0.000000 0.781320 0.110137
-1.605788 5.732570 0.145737 1.000000 -0.000001 -0.000000 0.767665 0.109913
-1.605788 5.732570 0.145737 1.000000 -0.000001 -0.000000 0.767665 0.109913
-1.605788 5.897037 -0.150713 1.000000 -0.000001 0.000000 0.782011 0.068303
-1.605788 5.969132 -0.075341 1.000000 -0.000001 0.000000 0.792926 0.076315
-1.817473 5.794124 -0.172831 -1.000000 0.000000 -0.000000 0.768243 0.049978
-1.817473 5.660738 0.068873 -1.000000 0.000001 0.000000 0.756638 0.016068
-1.817473 5.732570 0.145737 -1.000000 0.000001 0.000000 0.767553 0.007861
-1.817473 5.732570 0.145737 -1.000000 0.000001 0.000000 0.767553 0.007861
-1.817473 5.897037 -0.150713 -1.000000 0.000000 -0.000000 0.781897 0.049471
-1.817473 5.794124 -0.172831 -1.000000 0.000000 -0.000000 0.768243 0.049978
-1.817473 5.897037 -0.150713 -1.000000 0.000000 -0.000000 0.781897 0.049471
-1.817473 5.732570 0.145737 -1.000000 0.000001 0.000000 0.767553 0.007861
-1.817473 5.835863 0.165699 -1.000000 0.000000 -0.000000 0.781209 0.007638
-1.817473 5.835863 0.165699 -1.000000 0.000000 -0.000000 0.781209 0.007638
-1.817473 5.969132 -0.075341 -1.000000 0.000000 -0.000000 0.792813 0.041459
-1.817473 5.897037 -0.150713 -1.000000 0.000000 -0.000000 0.781897 0.049471
-1.817473 5.969132 -0.075341 -1.000000 0.000000 -0.000000 0.792813 0.041459
-1.817473 5.835863 0.165699 -1.000000 0.000000 -0.000000 0.781209 0.007638
-1.817473 5.931162 0.121134 -1.000000 0.000000 -0.000000 0.792388 0.015483
-1.817473 5.931162 0.121134 -1.000000 0.000000 -0.000000 0.792388 0.015483
-1.817473 5.982066 0.029066 -1.000000 0.000000 0.000000 0.796821 0.028402
-1.817473 5.969132 -0.075341 -1.000000 0.000000 -0.000000 0.792813 0.041459
-2.366041 2.100984 -0.767280 0.000000 -0.173648 0.984808 0.025158 0.425605
-2.366041 1.073599 -0.948436 0.000000 -0.173648 0.984808 0.025159 0.290167
2.366041 1.073598 -0.948436 0.000000 -0.173648 0.984808 0.433728 0.290167
2.366041 1.073598 -0.948436 0.000000 -0.173648 0.984808 0.433728 0.290167
2.366041 2.100984 -0.767281 0.000000 -0.173648 0.984808 0.433728 0.425606
-2.366041 2.100984 -0.767280 0.000000 -0.173648 0.984808 0.025158 0.425605
-2.366041 2.120346 -0.877087 -0.000000 0.173648 -0.984808 0.025160 0.140252
2.366041 2.120345 -0.877087 -0.000000 0.173648 -0.984808 0.433731 0.140252
2.366041 1.092960 -1.058243 -0.000000 0.173648 -0.984808 0.433729 0.275690
2.366041 1.092960 -1.058243 -0.000000 0.173648 -0.984808 0.433729 0.275690
-2.366041 1.092961 -1.058243 -0.000000 0.173648 -0.984808 0.025159 0.275690
-2.366041 2.120346 -0.877087 -0.000000 0.173648 -0.984808 0.025160 0.140252
-2.366041 1.092961 -1.058243 -0.000000 -0.984808 -0.173648 0.025159 0.275690
2.366041 1.092960 -1.058243 -0.000000 -0.984808 -0.173648 0.433729 0.275690
2.366041 1.073598 -0.948436 -0.000000 -0.984808 -0.173648 0.433728 0.290167
2.366041 1.073598 -0.948436 -0.000000 -0.984808 -0.173648 0.433728 0.290167
-2.366041 1.073599 -0.948436 -0.000000 -0.984808 -0.173648 0.025159 0.290167
-2.366041 1.092961 -1.058243 -0.000000 -0.984808 -0.173648 0.025159 0.275690
-2.366041 2.120346 -0.877087 -1.000000 0.000000 -0.000000 0.025160 0.140252
-2.366041 1.092961 -1.058243 -1.000000 0.000000 0.000000 0.025159 0.275690
-2.366041 1.073599 -0.948436 -1.000000 0.000000 -0.000000 0.010683 0.275690
-2.366041 1.073599 -0.948436 -1.000000 0.000000 -0.000000 0.010683 0.275690
-2.366041 2.100984 -0.767280 -1.000000 0.000000 -0.000000 0.010685 0.140251
-2.366041 2.120346 -0.877087 -1.000000 0.000000 -0.000000 0.025160 0.140252
2.366041 2.120345 -0.877087 0.000000 0.984809 0.173643 0.433731 0.140252
-2.366041 2.120346 -0.877087 0.000000 0.984808 0.173648 0.025160 0.140252
-2.366041 2.100984 -0.767280 0.000000 0.984808 0.173648 0.025161 0.125776
-2.366041 2.100984 -0.767280 0.000000 0.984808 0.173648 0.025161 0.125776
2.366041 2.100984 -0.767281 0.000000 0.984809 0.173643 0.433731 0.125776
2.366041 2.120345 -0.877087 0.000000 0.984809 0.173643 0.433731 0.140252
2.366041 1.092960 -1.058243 1.000000 0.000000 -0.000001 0.433729 0.275690
2.366041 2.120345 -0.877087 1.000000 -0.000000 -0.000000 0.433731 0.140252
2.366041 2.100984 -0.767281 1.000000 -0.000000 -0.000000 0.448207 0.140252
2.366041 2.100984 -0.767281 1.000000 -0.000000 -0.000000 0.448207 0.140252
2.366041 1.073598 -0.948436 1.000000 0.000000 -0.000001 0.448205 0.275690
2.366041 1.092960 -1.058243 1.000000 0.000000 -0.000001 0.433729 0.275690
-1.635002 0.311855 -1.036573 0.000000 -0.173649 0.984808 0.942270 0.725752
-1.635002 0.129544 -1.068719 0.000000 -0.173649 0.984808 0.920220 0.725752
1.607664 0.129543 -1.068719 0.000000 -0.173649 0.984808 0.920220 0.468896
1.607664 0.129543 -1.068719 0.000000 -0.173649 0.984808 0.920220 0.468896
1.607664 0.311854 -1.036573 0.000000 -0.173649 0.984808 0.942270 0.468896
-1.635002 0.311855 -1.036573 0.000000 -0.173649 0.984808 0.942270 0.725752
-1.635002 0.328768 -1.132496 -0.000000 0.173649 -0.984808 0.953871 0.725753
1.607664 0.328767 -1.132496 -0.000000 0.173648 -0.984808 0.953871 0.468897
1.607664 0.146458 -1.164642 -0.000000 0.173648 -0.984808 0.975920 0.468897
1.607664 0.146458 -1.164642 -0.000000 0.173648 -0.984808 0.975920 0.468897
-1.635002 0.146458 -1.164642 -0.000000 0.173649 -0.984808 0.975920 0.725754
-1.635002 0.328768 -1.132496 -0.000000 0.173649 -0.984808 0.953871 0.725753
-1.635002 0.146458 -1.164642 -0.000000 -0.984807 -0.173650 0.975920 0.725754
1.607664 0.146458 -1.164642 -0.000000 -0.984807 -0.173651 0.975920 0.468897
1.607664 0.129543 -1.068719 -0.000000 -0.984807 -0.173651 0.987522 0.468898
1.607664 0.129543 -1.068719 -0.000000 -0.984807 -0.173651 0.987522 0.468898
-1.635002 0.129544 -1.068719 -0.000000 -0.984807 -0.173650 0.987522 0.725754
-1.635002 0.146458 -1.164642 -0.000000 -0.984807 -0.173650 0.975920 0.725754
1.607664 0.328767 -1.132496 0.000000 0.984808 0.173645 0.953871 0.468897
-1.635002 0.328768 -1.132496 0.000000 0.984808 0.173645 0.953871 0.725753
-1.635002 0.311855 -1.036573 0.000000 0.984808 0.173645 0.942270 0.725752
-1.635002 0.311855 -1.036573 0.000000 0.984808 0.173645 0.942270 0.725752
1.607664 0.311854 -1.036573 0.000000 0.984808 0.173645 0.942270 0.468896
1.607664 0.328767 -1.132496 0.000000 0.984808 0.173645 0.953871 0.468897
-1.108185 6.233222 -0.025610 0.984808 -0.173648 -0.000000 0.995404 0.228407
-1.111564 6.336219 -0.025610 0.976296 0.216440 -0.000001 0.995404 0.247253
-1.111564 6.336219 0.032024 0.976296 0.216439 -0.000001 0.984654 0.247253
-1.111564 6.336219 0.032024 0.976296 0.216439 -0.000001 0.984654 0.247253
-1.108185 6.233222 0.032024 0.984808 -0.173648 0.000000 0.984654 0.228407
-1.108185 6.233222 -0.025610 0.984808 -0.173648 -0.000000 0.995404 0.228407
-1.111564 6.336219 -0.025610 0.976296 0.216440 -0.000001 0.995404 0.247253
-1.173953 6.430516 -0.025610 0.819152 0.573576 -0.000000 0.995404 0.263230
-1.173953 6.430516 0.032024 0.819152 0.573576 -0.000000 0.984654 0.263230
-1.173953 6.430516 0.032024 0.819152 0.573576 -0.000000 0.984654 0.263230
-1.111564 6.336219 0.032024 0.976296 0.216439 -0.000001 0.984654 0.247253
-1.111564 6.336219 -0.025610 0.976296 0.216440 -0.000001 0.995404 0.247253
-1.173953 6.430516 -0.025610 0.819152 0.573576 -0.000000 0.995404 0.263230
-1.285852 6.501757 -0.025610 0.537300 0.843391 -0.000002 0.995404 0.279207
-1.285853 6.501758 0.032024 0.537299 0.843392 -0.000002 0.984654 0.279207
-1.285853 6.501758 0.032024 0.537299 0.843392 -0.000002 0.984654 0.279207
-1.173953 6.430516 0.032024 0.819152 0.573576 -0.000000 0.984654 0.263230
-1.173953 6.430516 -0.025610 0.819152 0.573576 -0.000000 0.995404 0.263230
-1.285852 6.501757 -0.025610 0.537300 0.843391 -0.000002 0.995404 0.279207
-1.430228 6.539096 -0.025610 0.173648 0.984808 -0.000000 0.995404 0.297961
-1.430228 6.539096 0.032024 0.173648 0.984808 -0.000001 0.984654 0.297961
-1.430228 6.539096 0.032024 0.173648 0.984808 -0.000001 0.984654 0.297961
-1.285853 6.501758 0.032024 0.537299 0.843392 -0.000002 0.984654 0.279207
-1.285852 6.501757 -0.025610 0.537300 0.843391 -0.000002 0.995404 0.279207
-1.430228 6.539096 -0.025610 0.173648 0.984808 -0.000000 0.995404 0.297961
-1.585099 6.536849 -0.025610 -0.216440 0.976296 -0.000000 0.995404 0.316992
-1.585099 6.536849 0.032024 -0.216440 0.976296 -0.000000 0.984654 0.316992
-1.585099 6.536849 0.032024 -0.216440 0.976296 -0.000000 0.984654 0.316992
-1.430228 6.539096 0.032024 0.173648 0.984808 -0.000001 0.984654 0.297961
-1.430228 6.539096 -0.025610 0.173648 0.984808 -0.000000 0.995404 0.297961
-1.585099 6.536849 -0.025610 -0.216440 0.976296 -0.000000 0.995404 0.316992
-1.726888 6.495358 -0.025610 -0.573576 0.819153 0.000000 0.995404 0.332876
-1.726888 6.495358 0.032024 -0.573576 0.819153 -0.000000 0.984654 0.332876
-1.726888 6.495358 0.032024 -0.573576 0.819153 -0.000000 0.984654 0.332876
-1.585099 6.536849 0.032024 -0.216440 0.976296 -0.000000 0.984654 0.316992
-1.585099 6.536849 -0.025610 -0.216440 0.976296 -0.000000 0.995404 0.316992
-1.726888 6.495358 -0.025610 -0.573576 0.819153 0.000000 0.995404 0.332876
-1.834009 6.420938 -0.025610 -0.843391 0.537300 0.000001 0.995404 0.348853
-1.834009 6.420938 0.032024 -0.843391 0.537300 0.000000 0.984654 0.348853
-1.834009 6.420938 0.032024 -0.843391 0.537300 0.000000 0.984654 0.348853
-1.726888 6.495358 0.032024 -0.573576 0.819153 -0.000000 0.984654 0.332876
-1.726888 6.495358 -0.025610 -0.573576 0.819153 0.000000 0.995404 0.332876
-1.834009 6.420938 -0.025610 -0.843391 0.537300 0.000001 0.995404 0.348853
-1.890153 6.324921 -0.025610 -0.984808 0.173648 -0.000000 0.995404 0.367699
-1.890153 6.324921 0.032024 -0.984808 0.173648 0.000000 0.984654 0.367699
-1.890153 6.324921 0.032024 -0.984808 0.173648 0.000000 0.984654 0.367699
-1.834009 6.420938 0.032024 -0.843391 0.537300 0.000000 0.984654 0.348853
-1.834009 6.420938 -0.025610 -0.843391 0.537300 0.000001 0.995404 0.348853
-1.890153 6.324921 -0.025610 -0.984808 0.173648 -0.000000 0.995404 0.367699
-1.886774 6.221924 -0.025610 -0.976296 -0.216439 -0.000000 0.995404 0.386545
-1.886774 6.221924 0.032024 -0.976296 -0.216440 -0.000000 0.984654 0.386545
-1.886774 6.221924 0.032024 -0.976296 -0.216440 -0.000000 0.984654 0.386545
-1.890153 6.324921 0.032024 -0.984808 0.173648 0.000000 0.984654 0.367699
-1.890153 6.324921 -0.025610 -0.984808 0.173648 -0.000000 0.995404 0.367699
-1.886774 6.221924 -0.025610 -0.976296 -0.216439 -0.000000 0.995404 0.386545
-1.824385 6.127627 -0.025610 -0.819153 -0.573576 -0.000002 0.995404 0.402522
-1.824385 6.127627 0.032024 -0.819152 -0.573576 -0.000002 0.984654 0.402522
-1.824385 6.127627 0.032024 -0.819152 -0.573576 -0.000002 0.984654 0.402522
-1.886774 6.221924 0.032024 -0.976296 -0.216440 -0.000000 0.984654 0.386545
-1.886774 6.221924 -0.025610 -0.976296 -0.216439 -0.000000 0.995404 0.386545
-1.824385 6.127627 -0.025610 -0.819153 -0.573576 -0.000002 0.995404 0.402522
-1.712485 6.056386 -0.025610 -0.537300 -0.843391 -0.000002 0.995404 0.418499
-1.712486 6.056386 0.032024 -0.537300 -0.843391 -0.000003 0.984654 0.418499
-1.712486 6.056386 0.032024 -0.537300 -0.843391 -0.000003 0.984654 0.418499
-1.824385 6.127627 0.032024 -0.819152 -0.573576 -0.000002 0.984654 0.402522
-1.824385 6.127627 -0.025610 -0.819153 -0.573576 -0.000002 0.995404 0.402522
-1.712485 6.056386 -0.025610 -0.537300 -0.843391 -0.000002 0.995404 0.418499
-1.568110 6.019047 -0.025610 -0.173649 -0.984808 0.000000 0.995404 0.437345
-1.568110 6.019047 0.032024 -0.173648 -0.984808 -0.000000 0.984654 0.437345
-1.568110 6.019047 0.032024 -0.173648 -0.984808 -0.000000 0.984654 0.437345
-1.712486 6.056386 0.032024 -0.537300 -0.843391 -0.000003 0.984654 0.418499
-1.712485 6.056386 -0.025610 -0.537300 -0.843391 -0.000002 0.995404 0.418499
-1.568110 6.019047 -0.025610 -0.173649 -0.984808 0.000000 0.995404 0.158761
-1.413239 6.021295 -0.025610 0.216440 -0.976296 0.000000 0.995404 0.177607
-1.413239 6.021295 0.032024 0.216440 -0.976296 0.000000 0.984654 0.177607
-1.413239 6.021295 0.032024 0.216440 -0.976296 0.000000 0.984654 0.177607
-1.568110 6.019047 0.032024 -0.173648 -0.984808 -0.000000 0.984654 0.158761
-1.568110 6.019047 -0.025610 -0.173649 -0.984808 0.000000 0.995404 0.158761
-1.413239 6.021295 -0.025610 0.216440 -0.976296 0.000000 0.995404 0.177607
-1.271450 6.062786 -0.025610 0.573577 -0.819152 0.000001 0.995404 0.193584
-1.271450 6.062786 0.032024 0.573577 -0.819152 0.000001 0.984654 0.193584
-1.271450 6.062786 0.032024 0.573577 -0.819152 0.000001 0.984654 0.193584
-1.413239 6.021295 0.032024 0.216440 -0.976296 0.000000 0.984654 0.177607
-1.413239 6.021295 -0.025610 0.216440 -0.976296 0.000000 0.995404 0.177607
-1.271450 6.062786 -0.025610 0.573577 -0.819152 0.000001 0.995404 0.193584
-1.164329 6.137205 -0.025610 0.843391 -0.537300 0.000002 0.995404 0.209561
-1.164329 6.137206 0.032024 0.843391 -0.537300 0.000002 0.984654 0.209561
-1.164329 6.137206 0.032024 0.843391 -0.537300 0.000002 0.984654 0.209561
-1.271450 6.062786 0.032024 0.573577 -0.819152 0.000001 0.984654 0.193584
-1.271450 6.062786 -0.025610 0.573577 -0.819152 0.000001 0.995404 0.193584
-1.164329 6.137205 -0.025610 0.843391 -0.537300 0.000002 0.995404 0.209561
-1.108185 6.233222 -0.025610 0.984808 -0.173648 -0.000000 0.995404 0.228407
-1.108185 6.233222 0.032024 0.984808 -0.173648 0.000000 0.984654 0.228407
-1.108185 6.233222 0.032024 0.984808 -0.173648 0.000000 0.984654 0.228407
-1.164329 6.137206 0.032024 0.843391 -0.537300 0.000002 0.984654 0.209561
-1.164329 6.137205 -0.025610 0.843391 -0.537300 0.000002 0.995404 0.209561
-1.111564 6.336219 -0.025610 0.196521 0.039697 -0.979696 0.923461 0.363107
-1.108185 6.233222 -0.025610 0.198066 -0.031087 -0.979696 0.942676 0.363107
-1.317713 6.232143 -0.053748 0.110242 -0.042871 -0.992980 0.942311 0.389096
-1.317713 6.232143 -0.053748 0.110242 -0.042871 -0.992980 0.942311 0.389096
-1.320964 6.331220 -0.053748 0.108267 0.047639 -0.992980 0.923827 0.389096
-1.111564 6.336219 -0.025610 0.196521 0.039697 -0.979696 0.923461 0.363107
-1.173953 6.430516 -0.025610 0.162035 0.118072 -0.979696 0.905708 0.370460
-1.111564 6.336219 -0.025610 0.196521 0.039697 -0.979696 0.923461 0.363107
-1.320964 6.331220 -0.053748 0.108267 0.047639 -0.992980 0.923827 0.389096
-1.285852 6.501757 -0.025610 0.110892 0.167032 -0.979696 0.892121 0.384047
-1.173953 6.430516 -0.025610 0.162035 0.118072 -0.979696 0.905708 0.370460
-1.320964 6.331220 -0.053748 0.108267 0.047639 -0.992980 0.923827 0.389096
-1.320964 6.331220 -0.053748 0.108267 0.047639 -0.992980 0.923827 0.389096
-1.428604 6.399749 -0.053748 0.042871 0.110242 -0.992980 0.910756 0.402166
-1.285852 6.501757 -0.025610 0.110892 0.167032 -0.979696 0.892121 0.384047
-1.430228 6.539096 -0.025610 0.031086 0.198066 -0.979696 0.884768 0.401892
-1.285852 6.501757 -0.025610 0.110892 0.167032 -0.979696 0.892121 0.384047
-1.428604 6.399749 -0.053748 0.042871 0.110242 -0.992980 0.910756 0.402166
-1.585099 6.536849 -0.025610 -0.039696 0.196522 -0.979696 0.884768 0.420923
-1.430228 6.539096 -0.025610 0.031086 0.198066 -0.979696 0.884768 0.401892
-1.428604 6.399749 -0.053748 0.042871 0.110242 -0.992980 0.910756 0.402166
-1.428604 6.399749 -0.053748 0.042871 0.110242 -0.992980 0.910756 0.402166
-1.577581 6.397587 -0.053748 -0.047639 0.108267 -0.992980 0.910756 0.420649
-1.585099 6.536849 -0.025610 -0.039696 0.196522 -0.979696 0.884768 0.420923
-1.726888 6.495358 -0.025610 -0.118072 0.162036 -0.979696 0.892121 0.438768
-1.585099 6.536849 -0.025610 -0.039696 0.196522 -0.979696 0.884768 0.420923
-1.577581 6.397587 -0.053748 -0.047639 0.108267 -0.992980 0.910756 0.420649
-1.834009 6.420938 -0.025610 -0.167031 0.110892 -0.979696 0.905708 0.452355
-1.726888 6.495358 -0.025610 -0.118072 0.162036 -0.979696 0.892121 0.438768
-1.577581 6.397587 -0.053748 -0.047639 0.108267 -0.992980 0.910756 0.420649
-1.577581 6.397587 -0.053748 -0.047639 0.108267 -0.992980 0.910756 0.420649
-1.680625 6.326001 -0.053748 -0.110242 0.042871 -0.992980 0.923826 0.433720
-1.834009 6.420938 -0.025610 -0.167031 0.110892 -0.979696 0.905708 0.452355
-1.890153 6.324921 -0.025610 -0.198066 0.031086 -0.979696 0.923461 0.459708
-1.834009 6.420938 -0.025610 -0.167031 0.110892 -0.979696 0.905708 0.452355
-1.680625 6.326001 -0.053748 -0.110242 0.042871 -0.992980 0.923826 0.433720
-1.886774 6.221924 -0.025610 -0.196521 -0.039696 -0.979696 0.942676 0.459709
-1.890153 6.324921 -0.025610 -0.198066 0.031086 -0.979696 0.923461 0.459708
-1.680625 6.326001 -0.053748 -0.110242 0.042871 -0.992980 0.923826 0.433720
-1.680625 6.326001 -0.053748 -0.110242 0.042871 -0.992980 0.923826 0.433720
-1.677374 6.226923 -0.053748 -0.108267 -0.047639 -0.992980 0.942311 0.433720
-1.886774 6.221924 -0.025610 -0.196521 -0.039696 -0.979696 0.942676 0.459709
-1.824385 6.127627 -0.025610 -0.162035 -0.118072 -0.979696 0.960429 0.452355
-1.886774 6.221924 -0.025610 -0.196521 -0.039696 -0.979696 0.942676 0.459709
-1.677374 6.226923 -0.053748 -0.108267 -0.047639 -0.992980 0.942311 0.433720
-1.712485 6.056386 -0.025610 -0.110892 -0.167031 -0.979696 0.974016 0.438768
-1.824385 6.127627 -0.025610 -0.162035 -0.118072 -0.979696 0.960429 0.452355
-1.677374 6.226923 -0.053748 -0.108267 -0.047639 -0.992980 0.942311 0.433720
-1.677374 6.226923 -0.053748 -0.108267 -0.047639 -0.992980 0.942311 0.433720
-1.569733 6.158394 -0.053748 -0.042871 -0.110242 -0.992980 0.955381 0.420650
-1.712485 6.056386 -0.025610 -0.110892 -0.167031 -0.979696 0.974016 0.438768
-1.568110 6.019047 -0.025610 -0.031087 -0.198066 -0.979696 0.981369 0.421015
-1.712485 6.056386 -0.025610 -0.110892 -0.167031 -0.979696 0.974016 0.438768
-1.569733 6.158394 -0.053748 -0.042871 -0.110242 -0.992980 0.955381 0.420650
-1.413239 6.021295 -0.025610 0.039697 -0.196521 -0.979696 0.981369 0.401800
-1.568110 6.019047 -0.025610 -0.031087 -0.198066 -0.979696 0.981369 0.421015
-1.569733 6.158394 -0.053748 -0.042871 -0.110242 -0.992980 0.955381 0.420650
-1.569733 6.158394 -0.053748 -0.042871 -0.110242 -0.992980 0.955381 0.420650
-1.420757 6.160556 -0.053748 0.047639 -0.108267 -0.992980 0.955381 0.402166
-1.413239 6.021295 -0.025610 0.039697 -0.196521 -0.979696 0.981369 0.401800
-1.271450 6.062786 -0.025610 0.118072 -0.162035 -0.979696 0.974016 0.384048
-1.413239 6.021295 -0.025610 0.039697 -0.196521 -0.979696 0.981369 0.401800
-1.420757 6.160556 -0.053748 0.047639 -0.108267 -0.992980 0.955381 0.402166
-1.164329 6.137205 -0.025610 0.167031 -0.110892 -0.979696 0.960429 0.370460
-1.271450 6.062786 -0.025610 0.118072 -0.162035 -0.979696 0.974016 0.384048
-1.420757 6.160556 -0.053748 0.047639 -0.108267 -0.992980 0.955381 0.402166
-1.420757 6.160556 -0.053748 0.047639 -0.108267 -0.992980 0.955381 0.402166
-1.317713 6.232143 -0.053748 0.110242 -0.042871 -0.992980 0.942311 0.389096
-1.164329 6.137205 -0.025610 0.167031 -0.110892 -0.979696 0.960429 0.370460
-1.108185 6.233222 -0.025610 0.198066 -0.031087 -0.979696 0.942676 0.363107
-1.164329 6.137205 -0.025610 0.167031 -0.110892 -0.979696 0.960429 0.370460
-1.317713 6.232143 -0.053748 0.110242 -0.042871 -0.992980 0.942311 0.389096
-1.320964 6.331220 -0.053748 0.108267 0.047639 -0.992980 0.923827 0.389096
-1.317713 6.232143 -0.053748 0.110242 -0.042871 -0.992980 0.942311 0.389096
-1.499169 6.279072 -0.053748 -0.000000 0.000000 -1.000000 0.933069 0.411408
-1.428604 6.399749 -0.053748 0.042871 0.110242 -0.992980 0.910756 0.402166
-1.320964 6.331220 -0.053748 0.108267 0.047639 -0.992980 0.923827 0.389096
-1.499169 6.279072 -0.053748 -0.000000 0.000000 -1.000000 0.933069 0.411408
-1.577581 6.397587 -0.053748 -0.047639 0.108267 -0.992980 0.910756 0.420649
-1.428604 6.399749 -0.053748 0.042871 0.110242 -0.992980 0.910756 0.402166
-1.499169 6.279072 -0.053748 -0.000000 0.000000 -1.000000 0.933069 0.411408
-1.680625 6.326001 -0.053748 -0.110242 0.042871 -0.992980 0.923826 0.433720
-1.577581 6.397587 -0.053748 -0.047639 0.108267 -0.992980 0.910756 0.420649
-1.499169 6.279072 -0.053748 -0.000000 0.000000 -1.000000 0.933069 0.411408
-1.677374 6.226923 -0.053748 -0.108267 -0.047639 -0.992980 0.942311 0.433720
-1.680625 6.326001 -0.053748 -0.110242 0.042871 -0.992980 0.923826 0.433720
-1.499169 6.279072 -0.053748 -0.000000 0.000000 -1.000000 0.933069 0.411408
-1.569733 6.158394 -0.053748 -0.042871 -0.110242 -0.992980 0.955381 0.420650
-1.677374 6.226923 -0.053748 -0.108267 -0.047639 -0.992980 0.942311 0.433720
-1.499169 6.279072 -0.053748 -0.000000 0.000000 -1.000000 0.933069 0.411408
-1.420757 6.160556 -0.053748 0.047639 -0.108267 -0.992980 0.955381 0.402166
-1.569733 6.158394 -0.053748 -0.042871 -0.110242 -0.992980 0.955381 0.420650
-1.499169 6.279072 -0.053748 -0.000000 0.000000 -1.000000 0.933069 0.411408
-1.317713 6.232143 -0.053748 0.110242 -0.042871 -0.992980 0.942311 0.389096
-1.420757 6.160556 -0.053748 0.047639 -0.108267 -0.992980 0.955381 0.402166
-1.499169 6.279072 -0.053748 -0.000000 0.000000 -1.000000 0.933069 0.411408
-1.108185 6.233222 0.032024 0.162797 -0.025533 0.986329 0.926746 0.259175
-1.111564 6.336219 0.032024 0.161528 0.032610 0.986329 0.945961 0.259175
-1.320964 6.331220 0.054996 0.088885 0.039110 0.995274 0.945595 0.285164
-1.320964 6.331220 0.054996 0.088885 0.039110 0.995274 0.945595 0.285164
-1.317713 6.232142 0.054996 0.090506 -0.035196 0.995274 0.927112 0.285164
-1.108185 6.233222 0.032024 0.162797 -0.025533 0.986329 0.926746 0.259175
-1.111564 6.336219 0.032024 0.161528 0.032610 0.986329 0.945961 0.259175
-1.173953 6.430516 0.032024 0.133170 0.097060 0.986329 0.963714 0.266529
-1.320964 6.331220 0.054996 0.088885 0.039110 0.995274 0.945595 0.285164
-1.173953 6.430516 0.032024 0.133170 0.097060 0.986329 0.963714 0.266529
-1.285853 6.501758 0.032024 0.091159 0.137276 0.986329 0.977301 0.280116
-1.428605 6.399749 0.054996 0.035196 0.090506 0.995274 0.958666 0.298234
-1.428605 6.399749 0.054996 0.035196 0.090506 0.995274 0.958666 0.298234
-1.320964 6.331220 0.054996 0.088885 0.039110 0.995274 0.945595 0.285164
-1.173953 6.430516 0.032024 0.133170 0.097060 0.986329 0.963714 0.266529
-1.285853 6.501758 0.032024 0.091159 0.137276 0.986329 0.977301 0.280116
-1.430228 6.539096 0.032024 0.025533 0.162797 0.986329 0.984654 0.297961
-1.428605 6.399749 0.054996 0.035196 0.090506 0.995274 0.958666 0.298234
-1.430228 6.539096 0.032024 0.025533 0.162797 0.986329 0.984654 0.297961
-1.585099 6.536849 0.032024 -0.032610 0.161528 0.986329 0.984654 0.316992
-1.577581 6.397587 0.054996 -0.039110 0.088885 0.995274 0.958666 0.316718
-1.577581 6.397587 0.054996 -0.039110 0.088885 0.995274 0.958666 0.316718
-1.428605 6.399749 0.054996 0.035196 0.090506 0.995274 0.958666 0.298234
-1.430228 6.539096 0.032024 0.025533 0.162797 0.986329 0.984654 0.297961
-1.585099 6.536849 0.032024 -0.032610 0.161528 0.986329 0.984654 0.316992
-1.726888 6.495358 0.032024 -0.097060 0.133169 0.986329 0.977301 0.334836
-1.577581 6.397587 0.054996 -0.039110 0.088885 0.995274 0.958666 0.316718
-1.726888 6.495358 0.032024 -0.097060 0.133169 0.986329 0.977301 0.334836
-1.834009 6.420938 0.032024 -0.137276 0.091159 0.986329 0.963714 0.348424
-1.680625 6.326001 0.054996 -0.090506 0.035196 0.995274 0.945595 0.329788
-1.680625 6.326001 0.054996 -0.090506 0.035196 0.995274 0.945595 0.329788
-1.577581 6.397587 0.054996 -0.039110 0.088885 0.995274 0.958666 0.316718
-1.726888 6.495358 0.032024 -0.097060 0.133169 0.986329 0.977301 0.334836
-1.834009 6.420938 0.032024 -0.137276 0.091159 0.986329 0.963714 0.348424
-1.890153 6.324921 0.032024 -0.162797 0.025533 0.986329 0.945961 0.355777
-1.680625 6.326001 0.054996 -0.090506 0.035196 0.995274 0.945595 0.329788
-1.890153 6.324921 0.032024 -0.162797 0.025533 0.986329 0.945961 0.355777
-1.886774 6.221924 0.032024 -0.161528 -0.032610 0.986329 0.926746 0.355777
-1.677374 6.226923 0.054996 -0.088885 -0.039110 0.995274 0.927112 0.329788
-1.677374 6.226923 0.054996 -0.088885 -0.039110 0.995274 0.927112 0.329788
-1.680625 6.326001 0.054996 -0.090506 0.035196 0.995274 0.945595 0.329788
-1.890153 6.324921 0.032024 -0.162797 0.025533 0.986329 0.945961 0.355777
-1.886774 6.221924 0.032024 -0.161528 -0.032610 0.986329 0.926746 0.355777
-1.824385 6.127627 0.032024 -0.133169 -0.097060 0.986329 0.908993 0.348424
-1.677374 6.226923 0.054996 -0.088885 -0.039110 0.995274 0.927112 0.329788
-1.824385 6.127627 0.032024 -0.133169 -0.097060 0.986329 0.908993 0.348424
-1.712486 6.056386 0.032024 -0.091159 -0.137276 0.986329 0.895406 0.334836
-1.569733 6.158394 0.054996 -0.035196 -0.090506 0.995274 0.914041 0.316718
-1.569733 6.158394 0.054996 -0.035196 -0.090506 0.995274 0.914041 0.316718
-1.677374 6.226923 0.054996 -0.088885 -0.039110 0.995274 0.927112 0.329788
-1.824385 6.127627 0.032024 -0.133169 -0.097060 0.986329 0.908993 0.348424
-1.712486 6.056386 0.032024 -0.091159 -0.137276 0.986329 0.895406 0.334836
-1.568110 6.019047 0.032024 -0.025533 -0.162797 0.986329 0.888052 0.317084
-1.569733 6.158394 0.054996 -0.035196 -0.090506 0.995274 0.914041 0.316718
-1.568110 6.019047 0.032024 -0.025533 -0.162797 0.986329 0.888052 0.317084
-1.413239 6.021295 0.032024 0.032610 -0.161528 0.986329 0.888052 0.297868
-1.420757 6.160556 0.054996 0.039110 -0.088885 0.995274 0.914041 0.298234
-1.420757 6.160556 0.054996 0.039110 -0.088885 0.995274 0.914041 0.298234
-1.569733 6.158394 0.054996 -0.035196 -0.090506 0.995274 0.914041 0.316718
-1.568110 6.019047 0.032024 -0.025533 -0.162797 0.986329 0.888052 0.317084
-1.413239 6.021295 0.032024 0.032610 -0.161528 0.986329 0.888052 0.297868
-1.271450 6.062786 0.032024 0.097060 -0.133170 0.986329 0.895406 0.280116
-1.420757 6.160556 0.054996 0.039110 -0.088885 0.995274 0.914041 0.298234
-1.271450 6.062786 0.032024 0.097060 -0.133170 0.986329 0.895406 0.280116
-1.164329 6.137206 0.032024 0.137277 -0.091159 0.986329 0.908993 0.266529
-1.317713 6.232142 0.054996 0.090506 -0.035196 0.995274 0.927112 0.285164
-1.317713 6.232142 0.054996 0.090506 -0.035196 0.995274 0.927112 0.285164
-1.420757 6.160556 0.054996 0.039110 -0.088885 0.995274 0.914041 0.298234
-1.271450 6.062786 0.032024 0.097060 -0.133170 0.986329 0.895406 0.280116
-1.164329 6.137206 0.032024 0.137277 -0.091159 0.986329 0.908993 0.266529
-1.108185 6.233222 0.032024 0.162797 -0.025533 0.986329 0.926746 0.259175
-1.317713 6.232142 0.054996 0.090506 -0.035196 0.995274 0.927112 0.285164
-1.317713 6.232142 0.054996 0.090506 -0.035196 0.995274 0.927112 0.285164
-1.320964 6.331220 0.054996 0.088885 0.039110 0.995274 0.945595 0.285164
-1.499169 6.279072 0.054996 -0.000000 -0.000000 1.000000 0.936353 0.307476
-1.320964 6.331220 0.054996 0.088885 0.039110 0.995274 0.945595 0.285164
-1.428605 6.399749 0.054996 0.035196 0.090506 0.995274 0.958666 0.298234
-1.499169 6.279072 0.054996 -0.000000 -0.000000 1.000000 0.936353 0.307476
-1.428605 6.399749 0.054996 0.035196 0.090506 0.995274 0.958666 0.298234
-1.577581 6.397587 0.054996 -0.039110 0.088885 0.995274 0.958666 0.316718
-1.499169 6.279072 0.054996 -0.000000 -0.000000 1.000000 0.936353 0.307476
-1.577581 6.397587 0.054996 -0.039110 0.088885 0.995274 0.958666 0.316718
-1.680625 6.326001 0.054996 -0.090506 0.035196 0.995274 0.945595 0.329788
-1.499169 6.279072 0.054996 -0.000000 -0.000000 1.000000 0.936353 0.307476
-1.680625 6.326001 0.054996 -0.090506 0.035196 0.995274 0.945595 0.329788
-1.677374 6.226923 0.054996 -0.088885 -0.039110 0.995274 0.927112 0.329788
-1.499169 6.279072 0.054996 -0.000000 -0.000000 1.000000 0.936353 0.307476
-1.677374 6.226923 0.054996 -0.088885 -0.039110 0.995274 0.927112 0.329788
-1.569733 6.158394 0.054996 -0.035196 -0.090506 0.995274 0.914041 0.316718
-1.499169 6.279072 0.054996 -0.000000 -0.000000 1.000000 0.936353 0.307476
-1.569733 6.158394 0.054996 -0.035196 -0.090506 0.995274 0.914041 0.316718
-1.420757 6.160556 0.054996 0.039110 -0.088885 0.995274 0.914041 0.298234
-1.499169 6.279072 0.054996 -0.000000 -0.000000 1.000000 0.936353 0.307476
-1.420757 6.160556 0.054996 0.039110 -0.088885 0.995274 0.914041 0.298234
-1.317713 6.232142 0.054996 0.090506 -0.035196 0.995274 0.927112 0.285164
-1.499169 6.279072 0.054996 -0.000000 -0.000000 1.000000 0.936353 0.307476
-1.375949 5.605729 -0.137694 1.000000 -0.000001 0.000001 0.966744 0.037532
-1.375949 6.021359 -0.103013 1.000000 -0.000001 0.000000 0.959828 0.120407
-1.375949 6.021359 0.119295 1.000000 -0.000001 0.000000 0.915413 0.120407
-1.375949 6.021359 0.119295 1.000000 -0.000001 0.000000 0.915413 0.120407
-1.375949 5.605729 0.153977 1.000000 -0.000001 0.000001 0.908497 0.037532
-1.375949 5.605729 -0.137694 1.000000 -0.000001 0.000001 0.966744 0.037532
-1.596823 5.605729 -0.137694 -1.000000 0.000001 -0.000000 0.966750 0.232837
-1.596823 5.605729 0.153977 -1.000000 0.000001 -0.000000 0.908491 0.232837
-1.596822 6.021359 0.119295 -1.000000 0.000001 -0.000001 0.915419 0.149819
-1.596822 6.021359 0.119295 -1.000000 0.000001 -0.000001 0.915419 0.149819
-1.596822 6.021359 -0.103013 -1.000000 0.000001 -0.000001 0.959822 0.149819
-1.596823 5.605729 -0.137694 -1.000000 0.000001 -0.000000 0.966750 0.232837
-1.375949 5.605729 -0.137694 -0.000000 -1.000000 -0.000000 0.966744 0.037532
-1.375949 5.605729 0.153977 -0.000001 -1.000000 -0.000001 0.908497 0.037532
-1.596823 5.605729 0.153977 -0.000001 -1.000000 -0.000001 0.908491 0.008120
-1.596823 5.605729 0.153977 -0.000001 -1.000000 -0.000001 0.908491 0.008120
-1.596823 5.605729 -0.137694 -0.000000 -1.000000 -0.000000 0.966750 0.008120
-1.375949 5.605729 -0.137694 -0.000000 -1.000000 -0.000000 0.966744 0.037532
-1.375949 5.605729 0.153977 -0.000001 0.083154 0.996537 0.908497 0.037532
-1.375949 6.021359 0.119295 -0.000000 0.083154 0.996537 0.915413 0.120407
-1.596822 6.021359 0.119295 -0.000000 0.083154 0.996537 0.886168 0.122775
-1.596822 6.021359 0.119295 -0.000000 0.083154 0.996537 0.886168 0.122775
-1.596823 5.605729 0.153977 -0.000001 0.083154 0.996537 0.879265 0.040044
-1.375949 5.605729 0.153977 -0.000001 0.083154 0.996537 0.908497 0.037532
-1.375949 6.021359 0.119295 0.000001 1.000000 0.000000 0.915413 0.120407
-1.375949 6.021359 -0.103013 0.000001 1.000000 0.000000 0.959828 0.120407
-1.596822 6.021359 -0.103013 0.000001 1.000000 0.000000 0.959822 0.149819
-1.596822 6.021359 -0.103013 0.000001 1.000000 0.000000 0.959822 0.149819
-1.596822 6.021359 0.119295 0.000002 1.000000 -0.000000 0.915419 0.149819
-1.375949 6.021359 0.119295 0.000001 1.000000 0.000000 0.915413 0.120407
-1.375949 6.021359 -0.103013 0.000000 0.083154 -0.996537 0.959828 0.120407
-1.375949 5.605729 -0.137694 0.000001 0.083154 -0.996537 0.966744 0.037532
-1.596823 5.605729 -0.137694 0.000001 0.083154 -0.996537 0.995976 0.040044
-1.596823 5.605729 -0.137694 0.000001 0.083154 -0.996537 0.995976 0.040044
-1.596822 6.021359 -0.103013 0.000000 0.083154 -0.996537 0.989073 0.122775
-1.375949 6.021359 -0.103013 0.000000 0.083154 -0.996537 0.959828 0.120407
Box
2
-2.366041 -1.187891
2.366042 1.187892
End