none
144
-181.904938 170.472229 -111.000000 0.849927 0.526900 -0.000000 0.500000 0.961691
-181.904938 170.472229 169.000000 0.849927 0.526900 -0.000000 0.500000 0.781739
-118.676956 68.480957 169.000000 0.849927 0.526900 -0.000000 0.012163 0.781739
-118.676956 68.480957 169.000000 0.849927 0.526900 -0.000000 0.012163 0.781739
-118.676956 68.480942 -111.000000 0.849927 0.526900 -0.000000 0.012163 0.961691
-181.904938 170.472229 -111.000000 0.849927 0.526900 -0.000000 0.500000 0.961691
-184.454727 168.891525 -111.000000 -0.849927 -0.526900 0.000000 0.983483 0.038187
-121.226738 66.900246 -111.000000 -0.849927 -0.526900 0.000000 0.984603 0.567347
-121.226738 66.900253 169.000000 -0.849927 -0.526900 0.000000 0.475479 0.569015
-121.226738 66.900253 169.000000 -0.849927 -0.526900 0.000000 0.475479 0.569015
-184.454727 168.891541 169.000000 -0.849927 -0.526900 0.000000 0.474358 0.039855
-184.454727 168.891525 -111.000000 -0.849927 -0.526900 0.000000 0.983483 0.038187
-184.454727 168.891541 169.000000 0.000000 0.000000 1.000000 0.720651 0.576408
-121.226738 66.900253 169.000000 0.000000 0.000000 1.000000 0.464398 0.576408
-118.676956 68.480957 169.000000 0.000000 0.000000 1.000000 0.464398 0.039679
-118.676956 68.480957 169.000000 0.000000 0.000000 1.000000 0.464398 0.039679
-181.904938 170.472229 169.000000 0.000000 0.000000 1.000000 0.720651 0.039679
-184.454727 168.891541 169.000000 0.000000 0.000000 1.000000 0.720651 0.576408
-184.454727 168.891525 -111.000000 -0.526899 0.849928 -0.000000 0.976900 0.576404
-184.454727 168.891541 169.000000 -0.526899 0.849928 -0.000000 0.976908 0.039675
-181.904938 170.472229 169.000000 -0.526899 0.849928 -0.000000 0.464402 0.039675
-181.904938 170.472229 169.000000 -0.526899 0.849928 -0.000000 0.464402 0.039675
-181.904938 170.472229 -111.000000 -0.526899 0.849928 -0.000000 0.464394 0.576404
-184.454727 168.891525 -111.000000 -0.526899 0.849928 -0.000000 0.976900 0.576404
-121.226738 66.900246 -111.000000 0.000000 -0.000000 -1.000000 0.464398 0.576400
-184.454727 168.891525 -111.000000 0.000000 -0.000000 -1.000000 0.720651 0.576400
-181.904938 170.472229 -111.000000 0.000000 -0.000000 -1.000000 0.720651 0.039671
-181.904938 170.472229 -111.000000 0.000000 -0.000000 -1.000000 0.720651 0.039671
-118.676956 68.480942 -111.000000 0.000000 -0.000000 -1.000000 0.464398 0.039671
-121.226738 66.900246 -111.000000 0.000000 -0.000000 -1.000000 0.464398 0.576400
-121.226738 66.900253 169.000000 0.526900 -0.849927 0.000000 0.976908 0.039675
-121.226738 66.900246 -111.000000 0.526900 -0.849928 0.000000 0.976900 0.576404
-118.676956 68.480942 -111.000000 0.526900 -0.849928 0.000000 0.464394 0.576404
-118.676956 68.480942 -111.000000 0.526900 -0.849928 0.000000 0.464394 0.576404
-118.676956 68.480957 169.000000 0.526900 -0.849927 0.000000 0.464402 0.039675
-121.226738 66.900253 169.000000 0.526900 -0.849927 0.000000 0.976908 0.039675
120.000000 147.635178 226.147629 0.000000 0.595337 -0.803476 0.987837 0.846007
120.000000 67.287567 166.613892 0.000000 0.595337 -0.803476 0.987837 0.781739
-120.000000 67.287567 166.613892 0.000000 0.595337 -0.803476 0.012163 0.781739
-120.000000 67.287567 166.613892 0.000000 0.595337 -0.803476 0.012163 0.781739
-120.000000 147.635178 226.147629 0.000000 0.595337 -0.803476 0.012163 0.846007
120.000000 147.635178 226.147629 0.000000 0.595337 -0.803476 0.987837 0.846007
120.000000 145.849167 228.558060 0.000000 -0.595337 0.803476 0.984513 0.573045
-120.000000 145.849167 228.558060 0.000000 -0.595337 0.803476 0.472007 0.573045
-120.000000 65.501556 169.024323 0.000000 -0.595337 0.803476 0.472007 0.070819
-120.000000 65.501556 169.024323 0.000000 -0.595337 0.803476 0.472007 0.070819
120.000000 65.501556 169.024323 -0.000000 -0.595337 0.803476 0.984513 0.070819
120.000000 145.849167 228.558060 0.000000 -0.595337 0.803476 0.984513 0.573045
120.000000 65.501556 169.024323 0.000000 -0.803476 -0.595336 0.976904 0.576408
-120.000000 65.501556 169.024323 0.000000 -0.803476 -0.595336 0.464398 0.576408
-120.000000 67.287567 166.613892 0.000000 -0.803476 -0.595336 0.464398 0.039679
-120.000000 67.287567 166.613892 0.000000 -0.803476 -0.595336 0.464398 0.039679
120.000000 67.287567 166.613892 0.000000 -0.803476 -0.595336 0.976904 0.039679
120.000000 65.501556 169.024323 0.000000 -0.803476 -0.595336 0.976904 0.576408
120.000000 145.849167 228.558060 1.000000 0.000000 0.000000 0.976905 0.231364
120.000000 65.501556 169.024323 1.000000 0.000000 0.000000 0.976908 0.039675
120.000000 67.287567 166.613892 1.000000 0.000000 0.000000 0.464402 0.039675
120.000000 67.287567 166.613892 1.000000 0.000000 0.000000 0.464402 0.039675
120.000000 147.635178 226.147629 1.000000 0.000000 0.000000 0.464399 0.231364
120.000000 145.849167 228.558060 1.000000 0.000000 0.000000 0.976905 0.231364
-120.000000 145.849167 228.558060 0.000000 0.803476 0.595336 0.464398 0.576406
120.000000 145.849167 228.558060 0.000000 0.803476 0.595336 0.976904 0.576406
120.000000 147.635178 226.147629 0.000000 0.803476 0.595336 0.976904 0.039676
120.000000 147.635178 226.147629 0.000000 0.803476 0.595336 0.976904 0.039676
-120.000000 147.635178 226.147629 0.000000 0.803476 0.595336 0.464398 0.039676
-120.000000 145.849167 228.558060 0.000000 0.803476 0.595336 0.464398 0.576406
-120.000000 65.501556 169.024323 -1.000000 0.000000 -0.000000 0.976908 0.039675
-120.000000 145.849167 228.558060 -1.000000 0.000000 -0.000000 0.976905 0.231364
-120.000000 147.635178 226.147629 -1.000000 0.000000 -0.000000 0.464399 0.231364
-120.000000 147.635178 226.147629 -1.000000 0.000000 -0.000000 0.464399 0.231364
-120.000000 67.287567 166.613892 -1.000000 0.000000 0.000000 0.464402 0.039675
-120.000000 65.501556 169.024323 -1.000000 0.000000 -0.000000 0.976908 0.039675
116.920868 68.397942 -111.000000 -0.761971 0.647611 -0.000000 0.987837 0.961691
116.920868 68.397957 169.000000 -0.761971 0.647611 -0.000000 0.987837 0.781739
194.634232 159.834473 169.000000 -0.761971 0.647611 -0.000000 0.500000 0.781739
194.634232 159.834473 169.000000 -0.761971 0.647611 -0.000000 0.500000 0.781739
194.634232 159.834473 -111.000000 -0.761971 0.647611 -0.000000 0.500000 0.961691
116.920868 68.397942 -111.000000 -0.761971 0.647611 -0.000000 0.987837 0.961691
119.206787 66.455101 -111.000000 0.761971 -0.647611 0.000000 0.979134 0.043451
196.920166 157.891632 -111.000000 0.761971 -0.647611 0.000000 0.981773 0.571534
196.920166 157.891647 169.000000 0.761971 -0.647611 0.000000 0.464799 0.572630
196.920166 157.891647 169.000000 0.761971 -0.647611 0.000000 0.464799 0.572630
119.206787 66.455116 169.000000 0.761971 -0.647611 0.000000 0.462160 0.044547
119.206787 66.455101 -111.000000 0.761971 -0.647611 0.000000 0.979134 0.043451
119.206787 66.455116 169.000000 0.000000 0.000000 1.000000 0.976904 0.576408
196.920166 157.891647 169.000000 0.000000 0.000000 1.000000 0.720651 0.576408
194.634232 159.834473 169.000000 0.000000 0.000000 1.000000 0.720651 0.039679
194.634232 159.834473 169.000000 0.000000 0.000000 1.000000 0.720651 0.039679
116.920868 68.397957 169.000000 0.000000 0.000000 1.000000 0.976904 0.039679
119.206787 66.455116 169.000000 0.000000 0.000000 1.000000 0.976904 0.576408
119.206787 66.455101 -111.000000 -0.647611 -0.761971 0.000000 0.976900 0.576404
119.206787 66.455116 169.000000 -0.647611 -0.761971 0.000000 0.976908 0.039675
116.920868 68.397957 169.000000 -0.647611 -0.761971 0.000000 0.464402 0.039675
116.920868 68.397957 169.000000 -0.647611 -0.761971 0.000000 0.464402 0.039675
116.920868 68.397942 -111.000000 -0.647611 -0.761971 0.000000 0.464394 0.576404
119.206787 66.455101 -111.000000 -0.647611 -0.761971 0.000000 0.976900 0.576404
196.920166 157.891632 -111.000000 0.000000 -0.000000 -1.000000 0.720651 0.576400
119.206787 66.455101 -111.000000 0.000000 -0.000000 -1.000000 0.976904 0.576400
116.920868 68.397942 -111.000000 0.000000 -0.000000 -1.000000 0.976904 0.039671
116.920868 68.397942 -111.000000 0.000000 -0.000000 -1.000000 0.976904 0.039671
194.634232 159.834473 -111.000000 0.000000 -0.000000 -1.000000 0.720651 0.039671
196.920166 157.891632 -111.000000 0.000000 -0.000000 -1.000000 0.720651 0.576400
196.920166 157.891647 169.000000 0.647608 0.761974 -0.000000 0.976908 0.039675
196.920166 157.891632 -111.000000 0.647608 0.761974 -0.000000 0.976900 0.576404
194.634232 159.834473 -111.000000 0.647608 0.761974 -0.000000 0.464394 0.576404
194.634232 159.834473 -111.000000 0.647608 0.761974 -0.000000 0.464394 0.576404
194.634232 159.834473 169.000000 0.647608 0.761974 -0.000000 0.464402 0.039675
196.920166 157.891647 169.000000 0.647608 0.761974 -0.000000 0.976908 0.039675
120.000000 67.106163 -109.146637 0.000000 0.602360 0.798225 0.987837 0.960405
120.000000 146.928650 -169.382599 0.000000 0.602360 0.798225 0.987837 0.896137
-120.000000 146.928650 -169.382599 0.000000 0.602360 0.798225 0.012163 0.896137
-120.000000 146.928650 -169.382599 0.000000 0.602360 0.798225 0.012163 0.896137
-120.000000 67.106163 -109.146637 0.000000 0.602360 0.798225 0.012163 0.960405
120.000000 67.106163 -109.146637 0.000000 0.602360 0.798225 0.987837 0.960405
120.000000 65.299088 -111.541321 0.000000 -0.602360 -0.798225 0.979440 0.580265
-120.000000 65.299088 -111.541321 0.000000 -0.602360 -0.798225 0.466935 0.580265
-120.000000 145.121582 -171.777283 0.000000 -0.602360 -0.798225 0.466935 0.035869
-120.000000 145.121582 -171.777283 0.000000 -0.602360 -0.798225 0.466935 0.035869
120.000000 145.121582 -171.777283 0.000000 -0.602360 -0.798225 0.979440 0.035869
120.000000 65.299088 -111.541321 0.000000 -0.602360 -0.798225 0.979440 0.580265
120.000000 145.121582 -171.777283 0.000000 0.798225 -0.602359 0.976904 0.576403
-120.000000 145.121582 -171.777283 0.000000 0.798225 -0.602359 0.464398 0.576403
-120.000000 146.928650 -169.382599 0.000000 0.798225 -0.602359 0.464398 0.039674
-120.000000 146.928650 -169.382599 0.000000 0.798225 -0.602359 0.464398 0.039674
120.000000 146.928650 -169.382599 0.000000 0.798225 -0.602359 0.976904 0.039674
120.000000 145.121582 -171.777283 0.000000 0.798225 -0.602359 0.976904 0.576403
120.000000 65.299088 -111.541321 1.000000 0.000000 0.000000 0.976900 0.572571
120.000000 145.121582 -171.777283 1.000000 0.000000 0.000000 0.976903 0.380882
120.000000 146.928650 -169.382599 1.000000 0.000000 0.000000 0.464397 0.380882
120.000000 146.928650 -169.382599 1.000000 0.000000 0.000000 0.464397 0.380882
120.000000 67.106163 -109.146637 1.000000 0.000000 0.000000 0.464394 0.572571
120.000000 65.299088 -111.541321 1.000000 0.000000 0.000000 0.976900 0.572571
-120.000000 65.299088 -111.541321 0.000000 -0.798227 0.602357 0.464398 0.576400
120.000000 65.299088 -111.541321 -0.000000 -0.798227 0.602357 0.976904 0.576400
120.000000 67.106163 -109.146637 0.000000 -0.798227 0.602357 0.976904 0.039671
120.000000 67.106163 -109.146637 0.000000 -0.798227 0.602357 0.976904 0.039671
-120.000000 67.106163 -109.146637 0.000000 -0.798227 0.602357 0.464398 0.039671
-120.000000 65.299088 -111.541321 0.000000 -0.798227 0.602357 0.464398 0.576400
-120.000000 145.121582 -171.777283 -1.000000 0.000000 -0.000000 0.976903 0.380882
-120.000000 65.299088 -111.541321 -1.000000 0.000000 -0.000000 0.976900 0.572571
-120.000000 67.106163 -109.146637 -1.000000 0.000000 -0.000000 0.464394 0.572571
-120.000000 67.106163 -109.146637 -1.000000 0.000000 -0.000000 0.464394 0.572571
-120.000000 146.928650 -169.382599 -1.000000 -0.000000 0.000000 0.464397 0.380882
-120.000000 145.121582 -171.777283 -1.000000 0.000000 -0.000000 0.976903 0.380882
Box
0
End