none
798
-28.244617 70.422256 68.639862 -0.186711 -0.961362 -0.202294 0.527394 0.632938
-21.982908 73.320908 49.085281 -0.186711 -0.961362 -0.202294 0.454735 0.652224
-13.299762 70.472977 54.605251 -0.186711 -0.961362 -0.202294 0.549873 0.652083
-15.405943 100.295914 57.678352 -0.594271 0.613975 0.519497 0.553279 0.663466
-23.686888 97.447983 51.571358 -0.594271 0.613975 0.519497 0.457489 0.661433
-30.113968 74.477478 71.367180 -0.594271 0.613975 0.519497 0.530416 0.631869
-28.787750 80.776566 45.504990 -0.471823 -0.058945 0.879721 0.384653 0.694470
-29.939085 89.992340 45.504990 -0.471823 -0.058945 0.879721 0.376431 0.705826
-50.832531 74.477478 33.259590 -0.471823 -0.058945 0.879721 0.153733 0.690043
-31.135027 99.566101 23.460350 -0.685989 0.516075 -0.512919 0.466517 0.707038
-29.939085 89.992325 12.228195 -0.685989 0.516075 -0.512919 0.504972 0.689847
-51.854290 75.730530 27.188538 -0.685989 0.516075 -0.512919 0.207817 0.689021
13.398501 70.472977 3.848658 -0.388827 -0.911693 -0.132776 0.435863 0.704705
1.737723 76.619751 -4.209669 -0.388827 -0.911693 -0.132776 0.304226 0.706515
20.130178 70.422256 -15.516413 -0.388827 -0.911693 -0.132776 0.367697 0.722669
29.347788 74.477478 -13.738272 0.722437 0.555775 -0.411337 0.444191 0.635115
19.907129 99.566116 3.579292 0.722437 0.555775 -0.411337 0.480723 0.676891
27.008190 94.149139 8.731867 0.722437 0.555775 -0.411337 0.562358 0.670097
-20.111143 72.449875 -17.467882 0.462700 0.095359 -0.881371 0.068627 0.650890
-2.883229 94.149139 -6.075891 0.462700 0.095359 -0.881371 0.260027 0.675051
0.108470 80.776566 -5.952150 0.462700 0.095359 -0.881371 0.282133 0.658099
-28.685600 71.383926 -11.184992 -0.559484 -0.761729 0.326722 0.045110 0.656107
-18.053694 71.202805 6.598980 -0.559484 -0.761729 0.326722 0.227776 0.660141
-28.252148 80.776550 11.455482 -0.559484 -0.761729 0.326722 0.184101 0.677904
21.982908 73.320908 49.085281 0.694701 -0.652339 -0.303059 0.768688 0.678792
27.751638 80.776566 46.260513 0.694701 -0.652339 -0.303059 0.792926 0.688024
30.034698 72.449875 69.417274 0.694701 -0.652339 -0.303059 0.939748 0.668053
21.076647 72.449875 75.556953 -0.563594 -0.212684 0.798202 0.921108 0.678933
0.954068 89.992325 66.023087 -0.563594 -0.212684 0.798202 0.720191 0.703209
2.059226 76.619751 63.240234 -0.563594 -0.212684 0.798202 0.711379 0.685623
30.458347 94.149124 14.713133 0.587842 0.223005 -0.777631 0.622896 0.671576
50.832527 74.477478 24.473448 0.587842 0.223005 -0.777631 0.826970 0.644791
29.363419 85.384445 11.371943 0.587842 0.223005 -0.777631 0.595023 0.660056
46.903885 69.659210 32.058254 -0.104124 -0.910172 0.400931 0.832504 0.704869
28.268486 76.619766 43.020050 -0.104124 -0.910172 0.400931 0.719830 0.691774
27.500603 70.472977 28.866520 -0.104124 -0.910172 0.400931 0.686729 0.695241
1.046413 90.410294 -2.216864 0.698134 -0.675743 -0.236602 0.311251 0.711539
11.122548 96.617157 9.787445 0.698134 -0.675743 -0.236602 0.455257 0.712092
6.551605 92.064972 9.301281 0.698134 -0.675743 -0.236602 0.419698 0.707410
0.305379 109.602600 10.897860 0.365811 0.844335 -0.391511 0.384678 0.700178
10.036996 105.230270 10.561293 0.365811 0.844335 -0.391511 0.452150 0.690921
-0.534678 101.301773 -7.788683 0.365811 0.844335 -0.391511 0.266517 0.681734
-24.267954 95.185120 7.289860 0.199082 -0.807029 -0.555941 0.187548 0.691788
-13.774985 95.086792 11.190096 0.199082 -0.807029 -0.555941 0.285887 0.695275
-25.576557 90.382584 13.792807 0.199082 -0.807029 -0.555941 0.217236 0.683928
-46.435551 69.084808 28.027529 0.082263 -0.959721 -0.268642 0.151228 0.650748
-27.856344 73.320908 18.583389 0.082263 -0.959721 -0.268642 0.229711 0.670602
-27.500603 70.472977 28.866520 0.082263 -0.959721 -0.268642 0.293974 0.662005
-13.074298 97.118805 21.725113 -0.769476 -0.441924 -0.461096 0.571038 0.696023
-18.558889 97.375549 30.631733 -0.769476 -0.441924 -0.461096 0.479434 0.702817
-23.109234 108.859589 27.218798 -0.769476 -0.441924 -0.461096 0.531286 0.716587
-2.249031 102.240570 22.585344 0.402569 0.778552 -0.481452 0.436590 0.698120
-19.781824 113.861588 26.717434 0.402569 0.778552 -0.481452 0.336193 0.720915
0.636543 105.712311 30.612268 0.402569 0.778552 -0.481452 0.505376 0.704913
23.183149 92.746658 9.197605 -0.228365 -0.804648 -0.548080 0.539512 0.717498
24.321655 89.985367 12.777153 -0.228365 -0.804648 -0.548080 0.567455 0.714613
12.322609 94.033905 11.832956 -0.228365 -0.804648 -0.548080 0.476104 0.710059
-26.987730 91.630951 45.503990 -0.345998 -0.603839 0.718097 0.397500 0.706571
-17.230257 93.202667 51.527031 -0.345998 -0.603839 0.718097 0.503329 0.707382
-27.973833 96.969208 49.517738 -0.345998 -0.603839 0.718097 0.414551 0.715205
-19.037947 108.602448 42.338398 -0.456145 0.882064 -0.117877 0.435267 0.676440
-23.665577 104.835754 32.059956 -0.456145 0.882064 -0.117877 0.340528 0.679155
-32.475876 101.601822 41.953674 -0.456145 0.882064 -0.117877 0.337000 0.665106
13.014627 106.681229 46.641541 0.044786 0.467420 0.882900 0.689978 0.691757
10.925499 97.955734 51.366917 0.044786 0.467420 0.882900 0.698988 0.685557
26.657810 98.668762 50.191399 0.044786 0.467420 0.882900 0.808710 0.693456
25.526829 90.023727 43.623989 0.702112 -0.655039 -0.279218 0.761214 0.693184
25.354643 96.084122 28.973497 0.702112 -0.655039 -0.279218 0.672047 0.706633
29.594992 95.007095 42.162804 0.702112 -0.655039 -0.279218 0.773604 0.697994
-3.297219 94.149124 65.046501 0.417761 0.095351 0.903539 0.315828 0.709369
-21.076647 72.449875 75.556953 0.417761 0.095351 0.903539 0.037693 0.695946
-0.303105 80.776566 65.073357 0.417761 0.095351 0.903539 0.269253 0.692369
4.557944 100.677658 20.756908 0.032134 0.228123 -0.973102 0.474223 0.692648
19.937534 112.191666 23.963985 0.032134 0.228123 -0.973102 0.603296 0.701588
10.220265 97.975922 20.310528 0.032134 0.228123 -0.973102 0.511977 0.686955
18.049997 99.706039 37.457035 0.617235 0.238775 0.749672 0.654985 0.694073
22.953529 110.529617 29.972387 0.617235 0.238775 0.749672 0.786228 0.701292
11.109194 104.082367 41.777794 0.617235 0.238775 0.749672 0.606084 0.704121
-6.199557 111.561600 32.323071 0.302118 0.861818 -0.407425 0.466829 0.715406
-0.894540 118.122223 50.134468 0.302118 0.861818 -0.407425 0.611621 0.729571
2.936363 108.843979 33.349094 0.302118 0.861818 -0.407425 0.538226 0.709000
-2.161445 114.086533 52.814785 -0.678222 -0.007093 0.734823 0.618662 0.726600
-14.084980 107.043640 41.741707 -0.678222 -0.007093 0.734823 0.492356 0.717166
-7.474771 104.173004 47.815033 -0.678222 -0.007093 0.734823 0.550711 0.714627
-19.907129 99.566116 3.579292 -0.796564 0.504230 -0.333523 0.667864 0.692960
-29.594988 73.515823 -12.666498 -0.796564 0.504230 -0.333523 0.599469 0.658283
-28.854380 89.992325 10.474350 -0.796564 0.504230 -0.333523 0.523278 0.688568
1.111339 113.944519 10.792154 -0.353291 -0.256544 -0.899650 0.808123 0.704933
-1.814014 103.432800 14.938452 -0.353291 -0.256544 -0.899650 0.712710 0.695682
-10.734556 105.980392 17.715059 -0.353291 -0.256544 -0.899650 0.654277 0.703626
-2.856235 111.201614 31.249451 0.357824 0.823842 0.439598 0.484259 0.695485
3.122616 108.843964 30.801222 0.357824 0.823842 0.439598 0.507560 0.696795
3.672709 117.554657 14.028924 0.357824 0.823842 0.439598 0.427518 0.714977
-15.070233 102.448547 51.734734 -0.766452 -0.066968 0.638801 0.520000 0.717537
-13.630785 93.043976 52.475910 -0.766452 -0.066968 0.638801 0.534728 0.706197
-5.898227 93.562531 61.808029 -0.766452 -0.066968 0.638801 0.645959 0.708170
10.422289 94.756058 51.487389 0.717537 -0.449801 0.531808 0.491031 0.698038
3.229879 97.048767 63.130844 0.717537 -0.449801 0.531808 0.380468 0.709241
1.304553 90.736908 60.390030 0.717537 -0.449801 0.531808 0.410254 0.698819
50.832527 74.477478 33.259590 0.672359 0.429763 0.602691 0.752924 0.649010
30.870348 97.447998 39.149651 0.672359 0.429763 0.602691 0.706616 0.687042
29.939083 89.992340 45.504990 0.672359 0.429763 0.602691 0.622094 0.681659
27.979944 100.208984 9.064877 0.242535 0.869884 -0.429509 0.571296 0.677027
13.977008 107.167816 15.251432 0.242535 0.869884 -0.429509 0.508437 0.693873
18.693714 108.632553 20.881363 0.242535 0.869884 -0.429509 0.575911 0.696404
31.090698 97.395569 15.523354 0.927532 0.165066 0.335316 0.869891 0.675547
25.369274 104.260223 27.970345 0.927532 0.165066 0.335316 0.784070 0.691946
26.682281 95.808945 28.498701 0.927532 0.165066 0.335316 0.747780 0.681681
-25.506516 102.190140 30.133211 -0.941461 -0.102253 0.321240 0.315817 0.711072
-29.507011 98.853195 17.346745 -0.941461 -0.102253 0.321240 0.210501 0.702603
-28.039471 92.924210 19.760433 -0.941461 -0.102253 0.321240 0.235468 0.696162
-23.567123 106.964661 26.586020 -0.531455 0.822286 -0.203473 0.308374 0.684211
-16.819536 109.163757 17.848888 -0.531455 0.822286 -0.203473 0.304114 0.695665
-26.791391 100.583176 9.218313 -0.531455 0.822286 -0.203473 0.181103 0.691567
11.122548 96.617157 9.787445 0.713964 -0.648519 -0.263966 0.455257 0.712092
1.046413 90.410294 -2.216864 0.713964 -0.648519 -0.263966 0.311251 0.711539
4.599287 95.591568 -5.336706 0.713964 -0.648519 -0.263966 0.321732 0.716841
-3.763917 91.487457 -2.049788 -0.829368 -0.428149 -0.358939 0.761242 0.674194
-12.079387 97.787247 9.649496 -0.829368 -0.428149 -0.358939 0.662893 0.690613
-5.652731 97.703445 -5.100016 -0.829368 -0.428149 -0.358939 0.800884 0.680838
25.443720 99.271164 28.388313 0.878612 0.394952 -0.268429 0.669171 0.686220
23.416529 105.267075 30.575047 0.878612 0.394952 -0.268429 0.667820 0.695175
30.513327 99.493195 45.308647 0.878612 0.394952 -0.268429 0.806933 0.692561
29.474800 75.240555 72.559570 0.661995 0.620985 0.419691 0.363377 0.677402
26.646338 94.149139 49.043369 0.661995 0.620985 0.419691 0.598580 0.689599
15.405945 100.295914 57.678352 0.661995 0.620985 0.419691 0.503661 0.705547
-9.847332 107.440292 51.072693 0.056096 0.909388 0.412149 0.553322 0.675135
0.230792 100.552490 64.898613 0.056096 0.909388 0.412149 0.708276 0.667852
6.136193 106.680786 50.573036 0.056096 0.909388 0.412149 0.664459 0.684774
-22.100824 112.150482 30.499466 -0.043467 0.744325 0.666401 0.342335 0.684868
-14.091231 102.734695 41.538689 -0.043467 0.744325 0.666401 0.465791 0.677079
-4.564906 105.810760 38.724293 -0.043467 0.744325 0.666401 0.516924 0.686392
51.991959 75.899460 28.866520 0.730444 0.569429 -0.377098 0.861618 0.648113
50.832527 74.477478 24.473448 0.730444 0.569429 -0.377098 0.826970 0.644791
30.458347 94.149124 14.713133 0.730444 0.569429 -0.377098 0.622896 0.671576
46.504383 69.169205 27.188538 -0.058863 -0.992758 0.104724 0.812360 0.707281
46.903885 69.659210 32.058254 -0.058863 -0.992758 0.104724 0.832504 0.704869
27.500603 70.472977 28.866520 -0.058863 -0.992758 0.104724 0.686729 0.695241
20.111141 72.449875 -17.467882 -0.497573 0.059284 -0.865394 0.914298 0.634656
2.883229 94.149139 -6.075891 -0.497573 0.059284 -0.865394 0.839936 0.672724
21.859732 74.477478 -18.334360 -0.497573 0.059284 -0.865394 0.939997 0.635930
28.418762 71.143494 -11.118792 0.556295 -0.787883 0.264151 0.448756 0.723890
25.862684 76.619751 10.598234 0.556295 -0.787883 0.264151 0.565380 0.710448
26.268860 69.659210 -11.018351 0.556295 -0.787883 0.264151 0.438531 0.722764
26.646338 94.149139 49.043369 0.984578 0.173656 0.021209 0.598580 0.689599
29.474800 75.240555 72.559570 0.984578 0.173656 0.021209 0.363377 0.677402
30.034698 72.449875 69.417274 0.984578 0.173656 0.021209 0.374901 0.672369
0.954068 89.992325 66.023087 -0.415291 0.017924 0.909512 0.720191 0.703209
21.076647 72.449875 75.556953 -0.415291 0.017924 0.909512 0.921108 0.678933
22.866720 74.477478 76.334358 -0.415291 0.017924 0.909512 0.938557 0.680980
-30.718620 97.677872 38.965385 -0.710452 -0.507200 -0.487859 0.353450 0.712083
-24.233574 96.802444 30.431557 -0.710452 -0.507200 -0.487859 0.445322 0.704334
-28.482584 92.760559 40.821381 -0.710452 -0.507200 -0.487859 0.330197 0.706261
-30.113968 74.477478 71.367180 -0.544444 0.613457 0.572058 0.530416 0.631869
-24.209419 75.240555 76.168411 -0.544444 0.613457 0.572058 0.601398 0.632365
-15.405943 100.295914 57.678352 -0.544444 0.613457 0.572058 0.553279 0.663466
-8.891916 71.202774 57.736885 0.270156 -0.949535 0.159372 0.600145 0.652859
-20.997515 70.422256 73.607040 0.270156 -0.949535 0.159372 0.608959 0.633746
-23.965630 69.000412 70.167107 0.270156 -0.949535 0.159372 0.567117 0.633717
-29.939085 89.992325 12.228195 -0.613596 0.125029 -0.779658 0.504972 0.689847
-48.310230 71.383926 23.702295 -0.613596 0.125029 -0.779658 0.231521 0.680780
-51.854290 75.730530 27.188538 -0.613596 0.125029 -0.779658 0.207817 0.689021
-28.268486 76.619766 43.020050 0.072490 -0.923632 0.376362 0.373445 0.688154
-48.310230 71.383926 34.030888 0.072490 -0.923632 0.376362 0.176374 0.685739
-46.435551 69.084808 28.027529 0.072490 -0.923632 0.376362 0.174576 0.682186
0.157626 106.121338 33.329346 -0.407022 0.900331 -0.154070 0.518265 0.693279
19.781822 113.861588 26.717434 -0.407022 0.900331 -0.154070 0.618711 0.713749
-0.504133 104.889587 27.879705 -0.407022 0.900331 -0.154070 0.480828 0.696183
4.232889 102.763535 44.597160 0.912123 -0.097090 0.398252 0.540749 0.706691
6.554446 104.481567 39.698891 0.912123 -0.097090 0.398252 0.595969 0.705433
2.345070 114.197281 51.708309 0.912123 -0.097090 0.398252 0.535457 0.724381
-20.111143 72.449875 -17.467882 0.518953 -0.692273 -0.501444 0.068627 0.700765
-1.737723 76.619751 -4.209669 0.518953 -0.692273 -0.501444 0.279408 0.704415
-20.828451 69.659210 -14.357550 0.518953 -0.692273 -0.501444 0.082174 0.696705
-24.708225 75.730530 -17.784834 -0.712277 0.542578 -0.445277 0.673373 0.656470
-29.594988 73.515823 -12.666498 -0.712277 0.542578 -0.445277 0.599469 0.658283
-19.907129 99.566116 3.579292 -0.712277 0.542578 -0.445277 0.667864 0.692960
-5.652731 97.703445 -5.100016 -0.912862 0.089835 -0.398262 0.800884 0.680838
-12.079387 97.787247 9.649496 -0.912862 0.089835 -0.398262 0.662893 0.690613
-11.785302 103.618637 10.290794 -0.912862 0.089835 -0.398262 0.687952 0.697694
1.279407 102.832001 15.877532 0.591709 -0.374920 -0.713664 0.421523 0.704863
5.465200 114.831055 13.044383 0.591709 -0.374920 -0.713664 0.424466 0.715144
6.040865 102.763519 19.861303 0.591709 -0.374920 -0.713664 0.479436 0.704842
-20.828451 69.659210 -14.357550 0.452984 -0.849896 -0.269224 0.082174 0.696705
-1.737723 76.619751 -4.209669 0.452984 -0.849896 -0.269224 0.279408 0.704415
-8.838782 71.202774 0.942911 0.452984 -0.849896 -0.269224 0.259628 0.693720
14.738786 89.828537 46.614834 0.058612 -0.625936 0.777669 0.702130 0.688133
23.962078 90.091354 46.131229 0.058612 -0.625936 0.777669 0.765089 0.684489
24.441561 95.292938 50.281792 0.058612 -0.625936 0.777669 0.793426 0.692435
23.962078 90.091354 46.131229 0.032487 -0.996418 0.078076 0.765089 0.690470
14.738786 89.828537 46.614834 0.032487 -0.996418 0.078076 0.699678 0.685883
21.006607 89.225571 36.311810 0.032487 -0.996418 0.078076 0.685045 0.695312
2.883229 94.149139 -6.075891 -0.462700 0.095359 -0.881371 0.839936 0.672724
20.111141 72.449875 -17.467882 -0.462700 0.095359 -0.881371 0.914298 0.634656
-0.108470 80.776566 -5.952150 -0.462700 0.095359 -0.881371 0.758143 0.658187
19.108698 89.797394 19.195566 -0.188790 -0.965081 -0.181595 0.568755 0.706755
14.125045 91.809525 13.683268 -0.188790 -0.965081 -0.181595 0.500081 0.708709
24.321655 89.985367 12.777153 -0.188790 -0.965081 -0.181595 0.567455 0.714613
31.090698 97.395569 15.523354 0.903893 -0.334874 0.266152 0.869891 0.675547
26.682281 95.808945 28.498701 0.903893 -0.334874 0.266152 0.747780 0.681681
28.923571 92.559235 16.798145 0.903893 -0.334874 0.266152 0.825598 0.671318
28.854382 89.992325 10.474350 0.997533 -0.061604 0.033651 0.856405 0.665276
28.252150 80.776550 11.455482 0.997533 -0.061604 0.033651 0.802310 0.655098
28.418762 71.143494 -11.118792 0.997533 -0.061604 0.033651 0.912432 0.632807
49.179413 72.449875 23.436481 0.142769 -0.652333 -0.744365 0.804330 0.711983
27.856344 73.320908 18.583389 0.142769 -0.652333 -0.744365 0.627546 0.704268
28.787752 80.776550 12.228195 0.142769 -0.652333 -0.744365 0.596051 0.713116
-3.614176 115.943314 52.050129 -0.710348 0.692973 0.123267 0.603699 0.682437
-11.888302 110.546814 34.706570 -0.710348 0.692973 0.123267 0.440513 0.687216
-14.084980 107.043640 41.741707 -0.710348 0.692973 0.123267 0.467054 0.679084
-50.832531 74.477478 33.259590 -0.764478 0.613972 0.196498 0.153733 0.646744
-30.870348 97.447998 39.149651 -0.764478 0.613972 0.196498 0.331634 0.666022
-31.226233 100.295914 28.866520 -0.764478 0.613972 0.196498 0.267370 0.674619
0.954068 89.992325 66.023087 -0.117023 0.429761 0.895327 0.720191 0.662217
22.866720 74.477478 76.334358 -0.117023 0.429761 0.895327 0.938557 0.660313
6.722799 97.447998 63.198326 -0.117023 0.429761 0.895327 0.744429 0.671450
13.299763 70.472977 54.605251 0.145582 -0.976559 -0.158553 0.739815 0.668157
28.244617 70.422256 68.639862 0.145582 -0.976559 -0.158553 0.930775 0.667073
22.659302 69.169205 71.229225 0.145582 -0.976559 -0.158553 0.906433 0.661212
-5.898227 93.562531 61.808029 -0.564869 -0.653119 0.504340 0.645959 0.708170
-13.630785 93.043976 52.475910 -0.564869 -0.653119 0.504340 0.534728 0.706197
-3.026434 89.845139 60.210457 -0.564869 -0.653119 0.504340 0.656877 0.701851
1.304553 90.736908 60.390030 0.444934 -0.861603 0.244285 0.686742 0.669179
1.324869 88.470901 52.360695 0.444934 -0.861603 0.244285 0.640832 0.671505
8.328043 91.932556 51.814720 0.444934 -0.861603 0.244285 0.687564 0.677855
50.832527 74.477478 33.259590 0.456607 -0.153815 0.876271 0.752924 0.649010
29.363419 85.384445 46.361240 0.456607 -0.153815 0.876271 0.590950 0.676856
48.310230 71.383926 34.030888 0.456607 -0.153815 0.876271 0.718337 0.646742
-4.564906 105.810760 38.724293 -0.059074 0.725782 0.685383 0.516924 0.686392
-20.484783 113.848221 28.840946 -0.059074 0.725782 0.685383 0.343920 0.687883
-22.100824 112.150482 30.499466 -0.059074 0.725782 0.685383 0.342335 0.684868
-13.074298 97.118805 21.725113 -0.689204 -0.275496 -0.670149 0.571038 0.696023
-23.109234 108.859589 27.218798 -0.689204 -0.275496 -0.670149 0.531286 0.716587
-20.428703 111.179428 23.508369 -0.689204 -0.275496 -0.670149 0.580292 0.716060
-28.039471 92.924210 19.760433 -0.870218 -0.242313 0.428957 0.235468 0.696162
-23.986370 94.082794 28.637362 -0.870218 -0.242313 0.428957 0.317693 0.700158
-25.506516 102.190140 30.133211 -0.870218 -0.242313 0.428957 0.315817 0.711072
-25.576557 90.382584 13.792807 0.233206 -0.848186 -0.475600 0.217236 0.683928
-13.774985 95.086792 11.190096 0.233206 -0.848186 -0.475600 0.285887 0.695275
-17.021416 91.360306 16.244072 0.233206 -0.848186 -0.475600 0.293040 0.687823
-14.782541 108.092560 14.977804 0.075063 0.584351 -0.808022 0.301427 0.706442
-12.395349 100.733765 9.877798 0.075063 0.584351 -0.808022 0.287862 0.694333
-25.008846 98.416214 7.030018 0.075063 0.584351 -0.808022 0.180697 0.695317
27.979944 100.208984 9.064877 0.452715 0.854830 -0.253603 0.571296 0.677027
18.693714 108.632553 20.881363 0.452715 0.854830 -0.253603 0.575911 0.696404
30.808548 99.872269 12.979317 0.452715 0.854830 -0.253603 0.614990 0.677366
-32.475876 101.601822 41.953674 -0.462153 0.886779 0.006191 0.337000 0.665106
-31.641077 102.003464 46.740990 -0.462153 0.886779 0.006191 0.371696 0.662370
-19.037947 108.602448 42.338398 -0.462153 0.886779 0.006191 0.435267 0.676440
21.554569 112.884705 30.249140 -0.232209 0.901242 0.365843 0.652568 0.711794
19.781822 113.861588 26.717434 -0.232209 0.901242 0.365843 0.618711 0.713749
0.157626 106.121338 33.329346 -0.232209 0.901242 0.365843 0.518265 0.693279
18.049997 99.706039 37.457035 0.936778 -0.273193 0.218661 0.654985 0.694073
23.109234 108.859589 27.218798 0.936778 -0.273193 0.218661 0.798085 0.697933
22.953529 110.529617 29.972387 0.936778 -0.273193 0.218661 0.786228 0.701292
15.568188 96.714615 24.082329 0.836137 -0.431824 -0.338235 0.572805 0.704550
23.109234 108.859589 27.218798 0.836137 -0.431824 -0.338235 0.645481 0.712906
18.558891 97.375549 30.631733 0.836137 -0.431824 -0.338235 0.633473 0.701978
-0.894540 118.122223 50.134468 0.569932 0.767278 -0.294044 0.611621 0.729571
2.620188 115.740433 50.731865 0.569932 0.767278 -0.294044 0.640305 0.725624
2.936363 108.843979 33.349094 0.569932 0.767278 -0.294044 0.538226 0.709000
-1.057352 102.832001 47.846146 -0.105400 -0.410258 0.905859 0.596723 0.710467
-0.026922 113.376831 52.741726 -0.105400 -0.410258 0.905859 0.633466 0.724864
-2.161445 114.086533 52.814785 -0.105400 -0.410258 0.905859 0.618662 0.726600
-30.718620 97.677872 38.965385 -0.774635 0.177793 -0.606901 0.353450 0.712083
-23.665577 104.835754 32.059956 -0.774635 0.177793 -0.606901 0.475669 0.714380
-24.233574 96.802444 30.431557 -0.774635 0.177793 -0.606901 0.445322 0.704334
-0.423296 117.301773 12.269962 -0.583164 0.812315 -0.008038 0.387711 0.713640
-13.228585 108.210754 22.574263 -0.583164 0.812315 -0.008038 0.375980 0.693036
-9.004293 111.308441 29.148100 -0.583164 0.812315 -0.008038 0.427743 0.693334
-28.783346 85.384445 46.251278 -0.787315 -0.521201 -0.329371 0.256050 0.700272
-21.982908 73.320908 49.085281 -0.787315 -0.521201 -0.329371 0.227029 0.689025
-28.244617 70.422256 68.639862 -0.787315 -0.521201 -0.329371 0.034164 0.693122
10.422289 94.756058 51.487389 0.850814 0.000502 0.525467 0.491031 0.698038
10.783570 101.218643 50.896240 0.850814 0.000502 0.525467 0.527948 0.705246
3.229879 97.048767 63.130844 0.850814 0.000502 0.525467 0.380468 0.709241
31.135023 99.566101 23.460350 0.750237 0.661169 -0.000000 0.680232 0.681905
31.135023 99.566101 34.272690 0.750237 0.661169 -0.000000 0.745131 0.687097
51.991959 75.899460 28.866520 0.750237 0.661169 -0.000000 0.861618 0.648113
-24.769743 69.169205 -11.469706 -0.459786 -0.847177 0.266249 0.071363 0.651773
-18.053694 71.202805 6.598980 -0.459786 -0.847177 0.266249 0.227776 0.660141
-28.685600 71.383926 -11.184992 -0.459786 -0.847177 0.266249 0.045110 0.656107
1.111339 113.944519 10.792154 0.485489 -0.357711 -0.797711 0.389799 0.713956
5.465200 114.831055 13.044383 0.485489 -0.357711 -0.797711 0.424466 0.715144
1.279407 102.832001 15.877532 0.485489 -0.357711 -0.797711 0.421523 0.704863
3.122616 108.843964 30.801222 0.846503 0.460603 0.266977 0.658035 0.707701
5.465200 114.831055 13.044383 0.846503 0.460603 0.266977 0.822010 0.705305
3.672709 117.554657 14.028924 0.846503 0.460603 0.266977 0.817870 0.709720
13.014627 106.681229 46.641541 0.215231 0.677910 0.702932 0.689978 0.691757
26.657810 98.668762 50.191399 0.215231 0.677910 0.702932 0.808710 0.693456
29.541433 100.406296 47.632767 0.215231 0.677910 0.702932 0.813943 0.697904
-15.905602 101.572693 53.346794 -0.299921 0.577774 0.759095 0.523711 0.666915
-16.859457 106.477097 49.237011 -0.299921 0.577774 0.759095 0.492231 0.671737
-29.825853 100.094193 48.972191 -0.299921 0.577774 0.759095 0.398051 0.660911
-10.528130 95.068176 9.504299 -0.410680 -0.910819 0.041842 0.316594 0.698947
-3.763917 91.487457 -2.049788 -0.410680 -0.910819 0.041842 0.287576 0.706523
-0.842401 90.688171 9.225986 -0.410680 -0.910819 0.041842 0.366447 0.702310
29.347788 74.477478 -13.738272 0.705801 0.562673 -0.430399 0.444191 0.635115
26.210327 75.899460 -17.024340 0.705801 0.562673 -0.430399 0.402063 0.636484
19.907129 99.566116 3.579292 0.705801 0.562673 -0.430399 0.480723 0.676891
21.859732 74.477478 -18.334360 0.039722 0.555775 -0.830384 0.373358 0.636334
2.883229 94.149139 -6.075891 0.039722 0.555775 -0.830384 0.301204 0.672724
10.692220 99.566101 -2.076782 0.039722 0.555775 -0.830384 0.380971 0.677894
22.659302 69.169205 71.229225 -0.156117 -0.987683 0.010435 0.906433 0.661212
8.891915 71.202774 57.736885 -0.156117 -0.987683 0.010435 0.727137 0.663606
13.299763 70.472977 54.605251 -0.156117 -0.987683 0.010435 0.739815 0.668157
-9.847332 107.440292 51.072693 -0.357781 0.705201 0.612115 0.553322 0.675135
-5.056892 98.633133 64.019203 -0.357781 0.705201 0.612115 0.665239 0.664333
0.230792 100.552490 64.898613 -0.357781 0.705201 0.612115 0.708276 0.667852
-10.692220 99.566101 -2.076782 -0.394804 0.656048 -0.643219 0.759900 0.686525
-24.708225 75.730530 -17.784834 -0.394804 0.656048 -0.643219 0.673373 0.656470
-19.907129 99.566116 3.579292 -0.394804 0.656048 -0.643219 0.667864 0.692960
11.891287 99.524765 10.061920 0.826309 0.309723 -0.470409 0.462394 0.683190
4.599287 95.591568 -5.336706 0.826309 0.309723 -0.470409 0.317895 0.674091
10.036996 105.230270 10.561293 0.826309 0.309723 -0.470409 0.452150 0.690921
26.268860 69.659210 -11.018351 0.287228 -0.910173 0.298473 0.438531 0.722764
25.862684 76.619751 10.598234 0.287228 -0.910173 0.298473 0.565380 0.710448
13.398501 70.472977 3.848658 0.287228 -0.910173 0.298473 0.435863 0.704705
-29.939085 89.992325 12.228195 -0.352869 -0.213372 -0.911019 0.504972 0.689847
-28.268486 76.619751 14.713134 -0.352869 -0.213372 -0.911019 0.467737 0.678491
-48.310230 71.383926 23.702295 -0.352869 -0.213372 -0.911019 0.231521 0.680780
-8.891916 71.202774 57.736885 0.438247 -0.849935 0.292489 0.600145 0.652859
-2.059226 76.619751 63.240234 0.438247 -0.849935 0.292489 0.681970 0.655732
-20.997515 70.422256 73.607040 0.438247 -0.849935 0.292489 0.608959 0.633746
-50.832531 74.477478 33.259590 -0.749427 0.612065 0.252458 0.153733 0.646744
-31.226233 100.295914 28.866520 -0.749427 0.612065 0.252458 0.267370 0.674619
-51.854290 75.730530 27.188538 -0.749427 0.612065 0.252458 0.109997 0.651116
21.006607 89.225571 36.311810 0.621726 -0.721147 -0.305620 0.685045 0.695312
25.354643 96.084122 28.973497 0.621726 -0.721147 -0.305620 0.672047 0.706633
25.526829 90.023727 43.623989 0.621726 -0.721147 -0.305620 0.761214 0.693184
-30.113968 74.477478 71.367180 -0.933821 -0.307410 -0.182971 0.023952 0.699978
-28.783346 85.384445 46.251278 -0.933821 -0.307410 -0.182971 0.256050 0.700272
-28.244617 70.422256 68.639862 -0.933821 -0.307410 -0.182971 0.034164 0.693122
23.183149 92.746658 9.197605 -0.244250 -0.082713 -0.966178 0.845550 0.670207
12.322609 94.033905 11.832956 -0.244250 -0.082713 -0.966178 0.770888 0.677377
11.128656 102.641052 11.397942 -0.244250 -0.082713 -0.966178 0.807966 0.687822
-0.534678 101.301773 -7.788683 0.734883 0.438604 -0.517276 0.266517 0.681734
10.036996 105.230270 10.561293 0.734883 0.438604 -0.517276 0.452150 0.690921
4.599287 95.591568 -5.336706 0.734883 0.438604 -0.517276 0.317895 0.674091
-28.268486 76.619766 43.020050 -0.076970 -0.850312 0.520619 0.373445 0.688154
-46.435551 69.084808 28.027529 -0.076970 -0.850312 0.520619 0.174576 0.682186
-27.591808 71.202789 34.272690 -0.076970 -0.850312 0.520619 0.353157 0.682231
21.554569 112.884705 30.249140 -0.203517 0.858350 0.470973 0.652568 0.711794
0.157626 106.121338 33.329346 -0.203517 0.858350 0.470973 0.518265 0.693279
11.109194 104.082367 41.777794 -0.203517 0.858350 0.470973 0.647178 0.692807
-10.895095 99.566101 60.659393 -0.072683 0.564153 0.822465 0.603383 0.663685
-24.209419 75.240555 76.168411 -0.072683 0.564153 0.822465 0.601398 0.632365
-3.297219 94.149124 65.046501 -0.072683 0.564153 0.822465 0.683971 0.662423
-19.477085 90.091934 45.582981 -0.178007 -0.842610 0.508254 0.451607 0.701758
-17.230257 93.202667 51.527031 -0.178007 -0.842610 0.508254 0.503329 0.707382
-26.987730 91.630951 45.503990 -0.178007 -0.842610 0.508254 0.397500 0.706571
-26.987730 91.630951 45.503990 -0.196207 -0.966122 -0.167665 0.397500 0.660901
-22.875669 92.773346 34.109276 -0.196207 -0.966122 -0.167665 0.358469 0.672147
-19.477085 90.091934 45.582981 -0.196207 -0.966122 -0.167665 0.451607 0.664615
-25.008846 98.416214 7.030018 -0.073336 0.678139 -0.731266 0.180697 0.695317
-26.791391 100.583176 9.218313 -0.073336 0.678139 -0.731266 0.181103 0.699648
-14.782541 108.092560 14.977804 -0.073336 0.678139 -0.731266 0.301427 0.706442
19.108698 89.797394 19.195566 0.315095 -0.921032 0.228944 0.568755 0.706755
24.321655 89.985367 12.777153 0.315095 -0.921032 0.228944 0.567455 0.714613
28.923571 92.559235 16.798145 0.315095 -0.921032 0.228944 0.624452 0.715786
-4.564906 105.810760 38.724293 0.336827 0.919019 0.204821 0.516924 0.686392
0.636543 105.712311 30.612268 0.336827 0.919019 0.204821 0.505376 0.695318
-20.484783 113.848221 28.840946 0.336827 0.919019 0.204821 0.343920 0.687883
48.310230 71.383926 34.030888 0.297109 -0.372304 0.879270 0.718337 0.646742
29.363419 85.384445 46.361240 0.297109 -0.372304 0.879270 0.590950 0.676856
28.268486 76.619766 43.020050 0.297109 -0.372304 0.879270 0.565842 0.665335
-24.209419 75.240555 76.168411 0.335420 0.173660 0.925924 0.031676 0.699438
-21.076647 72.449875 75.556953 0.335420 0.173660 0.925924 0.037693 0.695946
-3.297219 94.149124 65.046501 0.335420 0.173660 0.925924 0.315828 0.709369
3.122616 108.843964 30.801222 0.826732 0.491016 0.274624 0.658035 0.707701
7.625651 104.481567 25.044992 0.826732 0.491016 0.274624 0.702788 0.697964
5.465200 114.831055 13.044383 0.826732 0.491016 0.274624 0.822010 0.705305
-3.763917 91.487457 -2.049788 -0.218912 -0.975665 -0.012441 0.287576 0.706523
1.046413 90.410294 -2.216864 -0.218912 -0.975665 -0.012441 0.311251 0.711539
-0.842401 90.688171 9.225986 -0.218912 -0.975665 -0.012441 0.366447 0.702310
19.937534 112.191666 23.963985 0.255337 0.073230 -0.964075 0.603296 0.701588
21.893261 109.251572 24.258636 0.255337 0.073230 -0.964075 0.619030 0.697466
10.220265 97.975922 20.310528 0.255337 0.073230 -0.964075 0.511977 0.686955
27.751638 80.776566 46.260513 0.993406 0.095356 -0.063653 0.560398 0.672013
26.646338 94.149139 49.043369 0.993406 0.095356 -0.063653 0.598580 0.689599
30.034698 72.449875 69.417274 0.993406 0.095356 -0.063653 0.374901 0.672369
13.398501 70.472977 3.848658 -0.100040 -0.994463 -0.032171 0.435863 0.704705
20.130178 70.422256 -15.516413 -0.100040 -0.994463 -0.032171 0.367697 0.722669
26.268860 69.659210 -11.018351 -0.100040 -0.994463 -0.032171 0.438531 0.722764
-2.883229 94.149139 -6.075891 -0.032238 0.563132 -0.825738 0.260027 0.675051
-24.708225 75.730530 -17.784834 -0.032238 0.563132 -0.825738 0.033897 0.656470
-10.692220 99.566101 -2.076782 -0.032238 0.563132 -0.825738 0.228268 0.686525
25.443720 99.271164 28.388313 0.957896 0.005217 -0.287070 0.669171 0.686220
30.513327 99.493195 45.308647 0.957896 0.005217 -0.287070 0.806933 0.692561
29.594992 95.007095 42.162804 0.957896 0.005217 -0.287070 0.781493 0.686119
-46.435551 69.084808 28.027529 -0.030708 -0.888042 -0.458736 0.151228 0.650748
-48.310230 71.383926 23.702295 -0.030708 -0.888042 -0.458736 0.114379 0.653597
-27.856344 73.320908 18.583389 -0.030708 -0.888042 -0.458736 0.229711 0.670602
-7.285820 99.202271 19.976948 -0.280715 -0.025143 -0.959462 0.626378 0.695310
-13.074298 97.118805 21.725113 -0.280715 -0.025143 -0.959462 0.571038 0.696023
-20.428703 111.179428 23.508369 -0.280715 -0.025143 -0.959462 0.580292 0.716060
-23.109234 108.859589 27.218798 -0.860668 -0.202141 0.467323 0.315442 0.716587
-18.558889 97.375549 30.631733 -0.860668 -0.202141 0.467323 0.368421 0.702817
-22.100824 112.150482 30.499466 -0.860668 -0.202141 0.467323 0.338320 0.720834
25.369274 104.260223 27.970345 0.571605 0.819882 -0.032586 0.666130 0.691946
30.808548 99.872269 12.979317 0.571605 0.819882 -0.032586 0.614990 0.677366
18.693714 108.632553 20.881363 0.571605 0.819882 -0.032586 0.575911 0.696404
-28.039471 92.924210 19.760433 -0.604778 -0.706118 0.368295 0.235468 0.696162
-26.802048 90.681213 17.492010 -0.604778 -0.706118 0.368295 0.230689 0.691923
-23.986370 94.082794 28.637362 -0.604778 -0.706118 0.368295 0.317693 0.700158
-20.428703 111.179428 23.508369 0.310278 0.697712 -0.645697 0.312312 0.716465
-19.781824 113.861588 26.717434 0.310278 0.697712 -0.645697 0.336193 0.720915
-2.249031 102.240570 22.585344 0.310278 0.697712 -0.645697 0.436590 0.698120
-18.053694 71.202805 6.598980 0.055925 -0.994269 0.091117 0.227776 0.684086
-24.769743 69.169205 -11.469706 0.055925 -0.994269 0.091117 0.071363 0.692003
-8.838782 71.202774 0.942911 0.055925 -0.994269 0.091117 0.259628 0.693720
-13.630785 93.043976 52.475910 -0.494923 -0.795532 0.349543 0.534728 0.706197
-7.023417 88.963745 52.545097 -0.494923 -0.795532 0.349543 0.582325 0.698742
-3.026434 89.845139 60.210457 -0.494923 -0.795532 0.349543 0.656877 0.701851
51.991959 75.899460 28.866520 0.745156 0.551375 0.375137 0.783434 0.648775
30.870348 97.447998 39.149651 0.745156 0.551375 0.375137 0.706616 0.687042
50.832527 74.477478 33.259590 0.745156 0.551375 0.375137 0.752924 0.649010
8.891915 71.202774 57.736885 -0.404066 -0.850852 0.335831 0.727137 0.673820
21.076647 72.449875 75.556953 -0.404066 -0.850852 0.335831 0.921108 0.678933
2.059226 76.619751 63.240234 -0.404066 -0.850852 0.335831 0.711379 0.685623
11.627605 94.756058 50.798496 0.057576 -0.624776 0.778678 0.705025 0.697221
14.738786 89.828537 46.614834 0.057576 -0.624776 0.778678 0.702130 0.688133
24.441561 95.292938 50.281792 0.057576 -0.624776 0.778678 0.793426 0.692435
-20.111143 72.449875 -17.467882 0.497573 0.059284 -0.865394 0.068627 0.650890
-21.859732 74.477478 -18.334360 0.497573 0.059284 -0.865394 0.050939 0.653576
-2.883229 94.149139 -6.075891 0.497573 0.059284 -0.865394 0.260027 0.675051
13.014627 106.681229 46.641541 0.310847 0.876695 0.367124 0.689978 0.691757
29.541433 100.406296 47.632767 0.310847 0.876695 0.367124 0.813943 0.697904
19.374794 108.743652 36.331276 0.310847 0.876695 0.367124 0.673510 0.704040
-26.802048 90.681213 17.492010 -0.274164 -0.898275 0.343418 0.230689 0.691923
-20.611935 91.023041 23.327942 -0.274164 -0.898275 0.343418 0.309921 0.692631
-23.986370 94.082794 28.637362 -0.274164 -0.898275 0.343418 0.317693 0.700158
-29.507011 98.853195 17.346745 -0.740672 0.663411 -0.106256 0.210501 0.683220
-23.567123 106.964661 26.586020 -0.740672 0.663411 -0.106256 0.308374 0.684211
-26.791391 100.583176 9.218313 -0.740672 0.663411 -0.106256 0.181103 0.691567
28.923571 92.559235 16.798145 0.592048 -0.769056 0.240900 0.624452 0.715786
25.684954 93.269012 27.023453 0.592048 -0.769056 0.240900 0.662701 0.706832
24.025015 91.316132 24.868542 0.592048 -0.769056 0.240900 0.637913 0.706404
-11.785302 103.618637 10.290794 -0.805419 0.369920 -0.463097 0.687952 0.697694
-3.251792 100.494080 -7.046579 -0.805419 0.369920 -0.463097 0.841399 0.682233
-5.652731 97.703445 -5.100016 -0.805419 0.369920 -0.463097 0.800884 0.680838
-0.423296 117.301773 12.269962 -0.555227 0.109135 -0.824508 0.805101 0.710230
1.111339 113.944519 10.792154 -0.555227 0.109135 -0.824508 0.808123 0.704933
-10.734556 105.980392 17.715059 -0.555227 0.109135 -0.824508 0.654277 0.703626
-11.888302 110.546814 34.706570 -0.606409 0.794030 0.042236 0.440513 0.687216
-3.614176 115.943314 52.050129 -0.606409 0.794030 0.042236 0.603699 0.682437
-0.894540 118.122223 50.134468 -0.606409 0.794030 0.042236 0.611621 0.686544
22.659302 69.169205 71.229225 -0.503079 -0.767305 0.397686 0.906433 0.672339
21.076647 72.449875 75.556953 -0.503079 -0.767305 0.397686 0.921108 0.678933
8.891915 71.202774 57.736885 -0.503079 -0.767305 0.397686 0.727137 0.673820
3.229879 97.048767 63.130844 0.741736 0.344594 0.575398 0.380468 0.709241
10.783570 101.218643 50.896240 0.741736 0.344594 0.575398 0.527948 0.705246
0.230792 100.552490 64.898613 0.741736 0.344594 0.575398 0.367699 0.715441
-15.070233 102.448547 51.734734 -0.508753 0.612545 0.604946 0.520000 0.669015
-5.056892 98.633133 64.019203 -0.508753 0.612545 0.604946 0.665239 0.664333
-9.847332 107.440292 51.072693 -0.508753 0.612545 0.604946 0.553322 0.675135
-23.686888 97.447983 51.571358 -0.877255 0.429755 0.213858 0.457489 0.661433
-28.402458 89.992340 47.210243 -0.877255 0.429755 0.213858 0.397639 0.658002
-30.113968 74.477478 71.367180 -0.877255 0.429755 0.213858 0.530416 0.631869
-50.832531 74.477478 33.259590 -0.672359 0.429763 0.602691 0.153733 0.646744
-29.939085 89.992340 45.504990 -0.672359 0.429763 0.602691 0.357808 0.661844
-30.870348 97.447998 39.149651 -0.672359 0.429763 0.602691 0.331634 0.666022
22.866720 74.477478 76.334358 0.084801 0.599557 0.795827 0.938557 0.660313
27.145855 75.899460 74.807106 0.084801 0.599557 0.795827 0.959947 0.664705
15.405945 100.295914 57.678352 0.084801 0.599557 0.795827 0.773301 0.682085
-28.482584 92.760559 40.821381 -0.200053 -0.965108 -0.168951 0.358719 0.663927
-22.875669 92.773346 34.109276 -0.200053 -0.965108 -0.168951 0.358469 0.672147
-26.987730 91.630951 45.503990 -0.200053 -0.965108 -0.168951 0.397500 0.660901
27.500603 70.472977 28.866520 -0.089523 -0.959052 -0.268708 0.686729 0.695241
27.856344 73.320908 18.583389 -0.089523 -0.959052 -0.268708 0.627546 0.704268
46.504383 69.169205 27.188538 -0.089523 -0.959052 -0.268708 0.812360 0.707281
46.504383 69.169205 27.188538 0.106819 -0.784998 -0.610220 0.812360 0.707281
27.856344 73.320908 18.583389 0.106819 -0.784998 -0.610220 0.627546 0.704268
49.179413 72.449875 23.436481 0.106819 -0.784998 -0.610220 0.804330 0.711983
1.324869 88.470901 52.360695 0.183682 -0.945912 0.267417 0.640832 0.671505
1.304553 90.736908 60.390030 0.183682 -0.945912 0.267417 0.686742 0.669179
-3.026434 89.845139 60.210457 0.183682 -0.945912 0.267417 0.656877 0.663917
-17.230257 93.202667 51.527031 -0.238466 -0.170137 0.956132 0.503329 0.707382
-15.905602 101.572693 53.346794 -0.238466 -0.170137 0.956132 0.523711 0.717613
-27.973833 96.969208 49.517738 -0.238466 -0.170137 0.956132 0.414551 0.715205
-20.611935 91.023041 23.327942 -0.015868 -0.997040 0.075231 0.309921 0.680393
-26.802048 90.681213 17.492010 -0.015868 -0.997040 0.075231 0.230689 0.680677
-25.576557 90.382584 13.792807 -0.015868 -0.997040 0.075231 0.217236 0.683928
21.006607 89.225571 36.311810 0.065861 -0.995512 0.067951 0.685045 0.695312
25.526829 90.023727 43.623989 0.065861 -0.995512 0.067951 0.761214 0.693184
23.962078 90.091354 46.131229 0.065861 -0.995512 0.067951 0.765089 0.690470
18.558891 97.375549 30.631733 0.931843 -0.316465 0.177535 0.693699 0.687836
23.109234 108.859589 27.218798 0.931843 -0.316465 0.177535 0.798085 0.697933
18.049997 99.706039 37.457035 0.931843 -0.316465 0.177535 0.654985 0.694073
-28.787750 80.776566 45.504990 -0.448292 -0.145621 0.881946 0.384653 0.694470
-50.832531 74.477478 33.259590 -0.448292 -0.145621 0.881946 0.153733 0.690043
-48.310230 71.383926 34.030888 -0.448292 -0.145621 0.881946 0.176374 0.685739
30.034698 72.449875 69.417274 0.767095 -0.551692 -0.327416 0.939748 0.668053
28.244617 70.422256 68.639862 0.767095 -0.551692 -0.327416 0.930775 0.667073
21.982908 73.320908 49.085281 0.767095 -0.551692 -0.327416 0.768688 0.678792
6.267608 105.826691 37.210545 0.781682 0.584462 -0.217662 0.585191 0.705943
2.936363 108.843979 33.349094 0.781682 0.584462 -0.217662 0.538226 0.709000
2.620188 115.740433 50.731865 0.781682 0.584462 -0.217662 0.640305 0.725624
-24.233574 96.802444 30.431557 -0.585762 -0.645176 -0.490542 0.445322 0.704334
-22.875669 92.773346 34.109276 -0.585762 -0.645176 -0.490542 0.408720 0.700790
-28.482584 92.760559 40.821381 -0.585762 -0.645176 -0.490542 0.330197 0.706261
24.441561 95.292938 50.281792 0.075524 -0.022890 0.996881 0.793426 0.692435
26.657810 98.668762 50.191399 0.075524 -0.022890 0.996881 0.801127 0.694132
10.925499 97.955734 51.366917 0.075524 -0.022890 0.996881 0.773404 0.695801
-29.283005 85.384445 11.412857 -0.995801 0.086567 -0.029766 0.492418 0.683745
-28.854380 89.992325 10.474350 -0.995801 0.086567 -0.029766 0.523278 0.688568
-29.594988 73.515823 -12.666498 -0.995801 0.086567 -0.029766 0.599469 0.658283
30.458347 94.149124 14.713133 0.731191 0.553205 -0.399153 0.622896 0.671576
31.135023 99.566101 23.460350 0.731191 0.553205 -0.399153 0.680232 0.681905
51.991959 75.899460 28.866520 0.731191 0.553205 -0.399153 0.861618 0.648113
-1.057352 102.832001 47.846146 -0.089994 -0.409609 0.907812 0.596723 0.710467
-2.161445 114.086533 52.814785 -0.089994 -0.409609 0.907812 0.618662 0.726600
-7.474771 104.173004 47.815033 -0.089994 -0.409609 0.907812 0.550711 0.714627
13.977008 107.167816 15.251432 -0.077304 0.571027 -0.817284 0.508437 0.693873
27.979944 100.208984 9.064877 -0.077304 0.571027 -0.817284 0.571296 0.677027
25.454090 98.010162 7.767500 -0.077304 0.571027 -0.817284 0.545472 0.674824
-0.026922 113.376831 52.741726 0.479314 -0.405085 0.778565 0.510761 0.724864
4.232889 102.763535 44.597160 0.479314 -0.405085 0.778565 0.540749 0.706691
2.345070 114.197281 51.708309 0.479314 -0.405085 0.778565 0.535457 0.724381
0.502145 103.699890 25.146004 -0.314811 0.620548 -0.718201 0.657251 0.699964
19.937534 112.191666 23.963985 -0.314811 0.620548 -0.718201 0.817995 0.701588
4.557944 100.677658 20.756908 -0.314811 0.620548 -0.718201 0.696415 0.692648
-22.100824 112.150482 30.499466 -0.929319 -0.220128 0.296496 0.338320 0.720834
-18.558889 97.375549 30.631733 -0.929319 -0.220128 0.296496 0.368421 0.702817
-16.466494 101.220947 40.044975 -0.929319 -0.220128 0.296496 0.439864 0.711037
6.722799 97.447998 63.198326 0.270115 0.613974 0.741669 0.744429 0.671450
22.866720 74.477478 76.334358 0.270115 0.613974 0.741669 0.938557 0.660313
15.405945 100.295914 57.678352 0.270115 0.613974 0.741669 0.773301 0.682085
-3.026434 89.845139 60.210457 -0.055197 -0.988267 0.142416 0.656877 0.663917
-7.023417 88.963745 52.545097 -0.055197 -0.988267 0.142416 0.582325 0.666573
1.324869 88.470901 52.360695 -0.055197 -0.988267 0.142416 0.640832 0.671505
-2.249031 102.240570 22.585344 0.178642 0.453482 -0.873179 0.436590 0.698120
-7.285820 99.202271 19.976948 0.178642 0.453482 -0.873179 0.384967 0.695310
-20.428703 111.179428 23.508369 0.178642 0.453482 -0.873179 0.312312 0.716465
-10.734556 105.980392 17.715059 -0.729755 0.396886 -0.556722 0.654277 0.703626
-13.228585 108.210754 22.574263 -0.729755 0.396886 -0.556722 0.617130 0.709602
-0.423296 117.301773 12.269962 -0.729755 0.396886 -0.556722 0.805101 0.710230
7.625651 104.481567 25.044992 0.960281 -0.101106 -0.260073 0.521867 0.697964
6.040865 102.763519 19.861303 0.960281 -0.101106 -0.260073 0.479436 0.694084
5.465200 114.831055 13.044383 0.960281 -0.101106 -0.260073 0.434408 0.705305
-7.748788 107.646744 10.677757 -0.207298 0.897462 -0.389346 0.325844 0.705546
0.305379 109.602600 10.897860 -0.207298 0.897462 -0.389346 0.384678 0.711229
-0.534678 101.301773 -7.788683 -0.207298 0.897462 -0.389346 0.266517 0.720018
28.418762 71.143494 -11.118792 0.976819 -0.170643 0.129250 0.912432 0.632807
29.347788 74.477478 -13.738272 0.976819 -0.170643 0.129250 0.941146 0.634393
28.854382 89.992325 10.474350 0.976819 -0.170643 0.129250 0.856405 0.665276
-25.506516 102.190140 30.133211 -0.871655 0.466269 0.151030 0.315817 0.678109
-23.567123 106.964661 26.586020 -0.871655 0.466269 0.151030 0.308374 0.684211
-29.507011 98.853195 17.346745 -0.871655 0.466269 0.151030 0.210501 0.683220
10.692220 99.566101 -2.076782 0.392459 0.661170 -0.639399 0.380971 0.677894
19.907129 99.566116 3.579292 0.392459 0.661170 -0.639399 0.480723 0.676891
26.210327 75.899460 -17.024340 0.392459 0.661170 -0.639399 0.402063 0.636484
-23.665577 104.835754 32.059956 -0.761770 0.140487 -0.632432 0.475669 0.714380
-30.718620 97.677872 38.965385 -0.761770 0.140487 -0.632432 0.353450 0.712083
-32.475876 101.601822 41.953674 -0.761770 0.140487 -0.632432 0.341468 0.718865
3.672709 117.554657 14.028924 -0.167541 0.952807 0.253157 0.427518 0.714977
-0.423296 117.301773 12.269962 -0.167541 0.952807 0.253157 0.387711 0.713640
-9.004293 111.308441 29.148100 -0.167541 0.952807 0.253157 0.427743 0.693334
30.513327 99.493195 45.308647 0.650937 0.758690 -0.025871 0.806933 0.692561
19.374794 108.743652 36.331276 0.650937 0.758690 -0.025871 0.673510 0.703678
29.541433 100.406296 47.632767 0.650937 0.758690 -0.025871 0.810948 0.693857
-20.997515 70.422256 73.607040 0.534784 -0.519738 0.666242 0.041886 0.692582
-2.059226 76.619751 63.240234 0.534784 -0.519738 0.666242 0.251912 0.687285
-0.303105 80.776566 65.073357 0.534784 -0.519738 0.666242 0.269253 0.692369
3.672709 117.554657 14.028924 -0.090954 0.945006 0.314150 0.427518 0.714977
-9.004293 111.308441 29.148100 -0.090954 0.945006 0.314150 0.427743 0.693334
-2.856235 111.201614 31.249451 -0.090954 0.945006 0.314150 0.484259 0.695485
-30.113968 74.477478 71.367180 -0.996208 0.085595 -0.015608 0.023952 0.699978
-28.402458 89.992340 47.210243 -0.996208 0.085595 -0.015608 0.273604 0.706024
-28.783346 85.384445 46.251278 -0.996208 0.085595 -0.015608 0.256050 0.700272
28.787752 80.776550 12.228195 0.401292 -0.215558 -0.890224 0.596051 0.655253
29.363419 85.384445 11.371943 0.401292 -0.215558 -0.890224 0.595023 0.660056
49.179413 72.449875 23.436481 0.401292 -0.215558 -0.890224 0.808941 0.642564
25.862684 76.619751 10.598234 0.823067 -0.520154 0.228038 0.774611 0.650739
28.418762 71.143494 -11.118792 0.823067 -0.520154 0.228038 0.912432 0.632807
28.252150 80.776550 11.455482 0.823067 -0.520154 0.228038 0.802310 0.655098
28.854382 89.992325 10.474350 0.924222 0.329792 -0.192488 0.586000 0.665276
29.347788 74.477478 -13.738272 0.924222 0.329792 -0.192488 0.444191 0.635115
27.008190 94.149139 8.731867 0.924222 0.329792 -0.192488 0.562358 0.670097
21.893261 109.251572 24.258636 0.414002 -0.112297 -0.903323 0.619030 0.697466
13.074299 97.118805 21.725113 0.414002 -0.112297 -0.903323 0.540848 0.685469
10.220265 97.975922 20.310528 0.414002 -0.112297 -0.903323 0.511977 0.686955
-11.888302 110.546814 34.706570 -0.273932 0.926073 -0.259519 0.440513 0.687216
-0.894540 118.122223 50.134468 -0.273932 0.926073 -0.259519 0.611621 0.686544
-6.199557 111.561600 32.323071 -0.273932 0.926073 -0.259519 0.466829 0.692872
-24.769743 69.169205 -11.469706 0.124950 -0.992161 0.002181 0.071363 0.692003
-20.828451 69.659210 -14.357550 0.124950 -0.992161 0.002181 0.082174 0.696705
-8.838782 71.202774 0.942911 0.124950 -0.992161 0.002181 0.259628 0.693720
-29.825853 100.094193 48.972191 -0.298776 -0.010477 0.954266 0.408127 0.717499
-27.973833 96.969208 49.517738 -0.298776 -0.010477 0.954266 0.414551 0.715205
-15.905602 101.572693 53.346794 -0.298776 -0.010477 0.954266 0.523711 0.717613
23.416529 105.267075 30.575047 0.643704 0.765207 -0.010182 0.667820 0.695175
19.374794 108.743652 36.331276 0.643704 0.765207 -0.010182 0.673510 0.703678
30.513327 99.493195 45.308647 0.643704 0.765207 -0.010182 0.806933 0.692561
25.369274 104.260223 27.970345 0.911297 0.340946 0.230854 0.784070 0.691946
31.090698 97.395569 15.523354 0.911297 0.340946 0.230854 0.869891 0.675547
30.808548 99.872269 12.979317 0.911297 0.340946 0.230854 0.897526 0.677366
-0.026922 113.376831 52.741726 0.473833 -0.408492 0.780139 0.510761 0.724864
-1.057352 102.832001 47.846146 0.473833 -0.408492 0.780139 0.488224 0.710467
4.232889 102.763535 44.597160 0.473833 -0.408492 0.780139 0.540749 0.706691
-27.500603 70.472977 28.866520 0.066518 -0.988666 0.134588 0.293974 0.662005
-27.591808 71.202789 34.272690 0.066518 -0.988666 0.134588 0.325773 0.658428
-46.435551 69.084808 28.027529 0.066518 -0.988666 0.134588 0.153727 0.650475
10.692220 99.566101 -2.076782 0.064262 0.562676 -0.824176 0.380971 0.677894
26.210327 75.899460 -17.024340 0.064262 0.562676 -0.824176 0.402063 0.636484
21.859732 74.477478 -18.334360 0.064262 0.562676 -0.824176 0.373358 0.636334
-13.299762 70.472977 54.605251 -0.226161 -0.942974 -0.244237 0.549873 0.652083
-23.965630 69.000412 70.167107 -0.226161 -0.942974 -0.244237 0.567117 0.633717
-28.244617 70.422256 68.639862 -0.226161 -0.942974 -0.244237 0.527394 0.632938
25.454090 98.010162 7.767500 -0.284261 -0.135244 -0.949160 0.890164 0.674464
23.183149 92.746658 9.197605 -0.284261 -0.135244 -0.949160 0.845550 0.670207
11.128656 102.641052 11.397942 -0.284261 -0.135244 -0.949160 0.807966 0.687822
-12.801100 97.794510 10.024557 0.304264 -0.466858 -0.830342 0.285845 0.698051
-13.774985 95.086792 11.190096 0.304264 -0.466858 -0.830342 0.285887 0.695275
-24.267954 95.185120 7.289860 0.304264 -0.466858 -0.830342 0.187548 0.691788
28.244617 70.422256 68.639862 0.186711 -0.961362 -0.202294 0.930775 0.667073
13.299763 70.472977 54.605251 0.186711 -0.961362 -0.202294 0.739815 0.668157
21.982908 73.320908 49.085281 0.186711 -0.961362 -0.202294 0.768688 0.678792
19.781822 113.861588 26.717434 -0.372716 0.783934 -0.496519 0.618711 0.713749
19.937534 112.191666 23.963985 -0.372716 0.783934 -0.496519 0.606059 0.714696
0.502145 103.699890 25.146004 -0.372716 0.783934 -0.496519 0.471606 0.698163
-28.685600 71.383926 -11.184992 -0.970359 -0.216083 0.108222 0.045110 0.656107
-28.252148 80.776550 11.455482 -0.970359 -0.216083 0.108222 0.184101 0.677904
-29.283005 85.384445 11.412857 -0.970359 -0.216083 0.108222 0.176484 0.683745
0.230792 100.552490 64.898613 0.640116 0.574797 0.509765 0.367699 0.715441
10.783570 101.218643 50.896240 0.640116 0.574797 0.509765 0.527948 0.705246
6.136193 106.680786 50.573036 0.640116 0.574797 0.509765 0.529348 0.713422
46.903885 69.659210 32.058254 0.077088 -0.777175 0.624545 0.844442 0.644324
48.310230 71.383926 34.030888 0.077088 -0.777175 0.624545 0.856097 0.645552
28.268486 76.619766 43.020050 0.077088 -0.777175 0.624545 0.777166 0.665335
-14.782541 108.092560 14.977804 -0.273556 0.821361 -0.500533 0.301427 0.706442
-26.791391 100.583176 9.218313 -0.273556 0.821361 -0.500533 0.181103 0.699648
-16.819536 109.163757 17.848888 -0.273556 0.821361 -0.500533 0.273362 0.707344
1.046413 90.410294 -2.216864 0.182261 -0.981770 0.053927 0.311251 0.711539
6.551605 92.064972 9.301281 0.182261 -0.981770 0.053927 0.419698 0.707410
-0.842401 90.688171 9.225986 0.182261 -0.981770 0.053927 0.366447 0.702310
-29.283005 85.384445 11.412857 -0.943070 -0.293318 0.156794 0.176484 0.683745
-29.594988 73.515823 -12.666498 -0.943070 -0.293318 0.156794 0.036634 0.657353
-28.685600 71.383926 -11.184992 -0.943070 -0.293318 0.156794 0.045110 0.656107
-16.859457 106.477097 49.237011 -0.325821 0.869673 0.370822 0.492231 0.671737
-19.037947 108.602448 42.338398 -0.325821 0.869673 0.370822 0.435267 0.676440
-31.641077 102.003464 46.740990 -0.325821 0.869673 0.370822 0.371696 0.662370
19.108698 89.797394 19.195566 0.275105 -0.961228 0.018922 0.568755 0.706755
28.923571 92.559235 16.798145 0.275105 -0.961228 0.018922 0.624452 0.715786
24.025015 91.316132 24.868542 0.275105 -0.961228 0.018922 0.637913 0.706404
-25.008846 98.416214 7.030018 0.224829 -0.026777 -0.974030 0.180697 0.695317
-12.395349 100.733765 9.877798 0.224829 -0.026777 -0.974030 0.287862 0.694333
-24.267954 95.185120 7.289860 0.224829 -0.026777 -0.974030 0.186480 0.691788
1.737723 76.619751 -4.209669 -0.574262 -0.520082 -0.632248 0.737041 0.653365
-0.108470 80.776566 -5.952150 -0.574262 -0.520082 -0.632248 0.758143 0.658187
20.111141 72.449875 -17.467882 -0.574262 -0.520082 -0.632248 0.914298 0.634656
11.109194 104.082367 41.777794 0.602283 0.269462 0.751429 0.606084 0.704121
22.953529 110.529617 29.972387 0.602283 0.269462 0.751429 0.786228 0.701292
21.554569 112.884705 30.249140 0.602283 0.269462 0.751429 0.787466 0.704772
-12.079387 97.787247 9.649496 -0.823861 -0.451740 -0.342322 0.662893 0.690613
-3.763917 91.487457 -2.049788 -0.823861 -0.451740 -0.342322 0.761242 0.674194
-10.528130 95.068176 9.504299 -0.823861 -0.451740 -0.342322 0.659898 0.686704
-14.091231 102.734695 41.538689 -0.636212 0.294734 0.712998 0.465791 0.677079
-22.100824 112.150482 30.499466 -0.636212 0.294734 0.712998 0.428735 0.678640
-16.466494 101.220947 40.044975 -0.636212 0.294734 0.712998 0.439864 0.675963
6.554446 104.481567 39.698891 0.956211 0.289037 0.046021 0.595969 0.705433
6.267608 105.826691 37.210545 0.956211 0.289037 0.046021 0.617807 0.705943
2.620188 115.740433 50.731865 0.956211 0.289037 0.046021 0.551099 0.725624
-28.268486 76.619766 43.020050 -0.232631 -0.520276 0.821703 0.373445 0.688154
-28.787750 80.776566 45.504990 -0.232631 -0.520276 0.821703 0.384653 0.694470
-48.310230 71.383926 34.030888 -0.232631 -0.520276 0.821703 0.176374 0.685739
20.130178 70.422256 -15.516413 -0.559899 -0.577286 -0.594352 0.891352 0.633189
1.737723 76.619751 -4.209669 -0.559899 -0.577286 -0.594352 0.737041 0.653365
20.111141 72.449875 -17.467882 -0.559899 -0.577286 -0.594352 0.914298 0.634656
-5.898227 93.562531 61.808029 -0.787999 -0.131536 0.601462 0.645959 0.708170
-5.056892 98.633133 64.019203 -0.787999 -0.131536 0.601462 0.665239 0.714885
-15.070233 102.448547 51.734734 -0.787999 -0.131536 0.601462 0.520000 0.717537
-20.111143 72.449875 -17.467882 0.574262 -0.520082 -0.632248 0.068627 0.700765
0.108470 80.776566 -5.952150 0.574262 -0.520082 -0.632248 0.282133 0.708856
-1.737723 76.619751 -4.209669 0.574262 -0.520082 -0.632248 0.279408 0.704415
-29.825853 100.094193 48.972191 -0.304361 0.587168 0.750065 0.398051 0.660911
-16.859457 106.477097 49.237011 -0.304361 0.587168 0.750065 0.492231 0.671737
-31.641077 102.003464 46.740990 -0.304361 0.587168 0.750065 0.371696 0.662370
-7.748788 107.646744 10.677757 -0.619094 0.661106 -0.423865 0.727776 0.701012
-3.251792 100.494080 -7.046579 -0.619094 0.661106 -0.423865 0.841399 0.682233
-11.785302 103.618637 10.290794 -0.619094 0.661106 -0.423865 0.687952 0.697694
1.279407 102.832001 15.877532 0.192377 -0.405943 -0.893421 0.421523 0.704863
-1.814014 103.432800 14.938452 0.192377 -0.405943 -0.893421 0.393797 0.703968
1.111339 113.944519 10.792154 0.192377 -0.405943 -0.893421 0.389799 0.713956
8.328043 91.932556 51.814720 0.714059 -0.469420 0.519389 0.463250 0.695704
10.422289 94.756058 51.487389 0.714059 -0.469420 0.519389 0.491031 0.698038
1.304553 90.736908 60.390030 0.714059 -0.469420 0.519389 0.410254 0.698819
-21.076647 72.449875 75.556953 0.540597 -0.572086 0.616824 0.037693 0.695946
-20.997515 70.422256 73.607040 0.540597 -0.572086 0.616824 0.041886 0.692582
-0.303105 80.776566 65.073357 0.540597 -0.572086 0.616824 0.269253 0.692369
21.893261 109.251572 24.258636 0.823371 -0.409883 -0.392501 0.619030 0.714494
23.109234 108.859589 27.218798 0.823371 -0.409883 -0.392501 0.645481 0.712906
15.568188 96.714615 24.082329 0.823371 -0.409883 -0.392501 0.572805 0.704550
50.832527 74.477478 33.259590 0.550327 0.085583 0.830551 0.752924 0.649010
29.939083 89.992340 45.504990 0.550327 0.085583 0.830551 0.622094 0.681659
29.363419 85.384445 46.361240 0.550327 0.085583 0.830551 0.590950 0.676856
-21.859732 74.477478 -18.334360 0.049511 0.493386 -0.868400 0.050939 0.653576
-24.708225 75.730530 -17.784834 0.049511 0.493386 -0.868400 0.033897 0.656470
-2.883229 94.149139 -6.075891 0.049511 0.493386 -0.868400 0.260027 0.675051
13.977008 107.167816 15.251432 0.013843 0.643081 -0.765673 0.508437 0.693873
25.454090 98.010162 7.767500 0.013843 0.643081 -0.765673 0.545472 0.674824
11.128656 102.641052 11.397942 0.013843 0.643081 -0.765673 0.464967 0.687822
27.145855 75.899460 74.807106 0.625499 0.627010 0.464337 0.337635 0.680200
29.474800 75.240555 72.559570 0.625499 0.627010 0.464337 0.363377 0.677402
15.405945 100.295914 57.678352 0.625499 0.627010 0.464337 0.503661 0.705547
-17.021416 91.360306 16.244072 0.111009 -0.993779 0.008951 0.293040 0.687823
-20.611935 91.023041 23.327942 0.111009 -0.993779 0.008951 0.309921 0.680393
-25.576557 90.382584 13.792807 0.111009 -0.993779 0.008951 0.217236 0.683928
-2.161445 114.086533 52.814785 -0.616774 -0.165660 0.769511 0.618662 0.726600
-3.614176 115.943314 52.050129 -0.616774 -0.165660 0.769511 0.603699 0.729014
-14.084980 107.043640 41.741707 -0.616774 -0.165660 0.769511 0.492356 0.717166
-0.504133 104.889587 27.879705 -0.377206 0.790331 -0.482797 0.480828 0.696183
19.781822 113.861588 26.717434 -0.377206 0.790331 -0.482797 0.618711 0.713749
0.502145 103.699890 25.146004 -0.377206 0.790331 -0.482797 0.471606 0.698163
-24.267954 95.185120 7.289860 0.248924 -0.082545 -0.964999 0.186480 0.691788
-12.395349 100.733765 9.877798 0.248924 -0.082545 -0.964999 0.287862 0.694333
-12.801100 97.794510 10.024557 0.248924 -0.082545 -0.964999 0.285845 0.691093
-28.268486 76.619751 14.713134 -0.088121 -0.762705 -0.640715 0.203538 0.674780
-27.856344 73.320908 18.583389 -0.088121 -0.762705 -0.640715 0.229711 0.670602
-48.310230 71.383926 23.702295 -0.088121 -0.762705 -0.640715 0.114379 0.653597
24.321655 89.985367 12.777153 -0.187637 -0.713544 -0.675016 0.567455 0.714613
14.125045 91.809525 13.683268 -0.187637 -0.713544 -0.675016 0.500081 0.708709
12.322609 94.033905 11.832956 -0.187637 -0.713544 -0.675016 0.476104 0.710059
25.354643 96.084122 28.973497 0.946667 -0.083596 -0.311179 0.672047 0.682770
25.443720 99.271164 28.388313 0.946667 -0.083596 -0.311179 0.669171 0.686220
29.594992 95.007095 42.162804 0.946667 -0.083596 -0.311179 0.781493 0.686119
11.122548 96.617157 9.787445 0.903961 -0.203494 -0.376092 0.455257 0.679932
4.599287 95.591568 -5.336706 0.903961 -0.203494 -0.376092 0.317895 0.674091
11.891287 99.524765 10.061920 0.903961 -0.203494 -0.376092 0.462394 0.683190
-0.534678 101.301773 -7.788683 -0.362769 0.828592 -0.426420 0.266517 0.720018
-3.251792 100.494080 -7.046579 -0.362769 0.828592 -0.426420 0.251569 0.717440
-7.748788 107.646744 10.677757 -0.362769 0.828592 -0.426420 0.325844 0.705546
24.441561 95.292938 50.281792 0.046632 -0.164792 0.985225 0.793426 0.692435
10.925499 97.955734 51.366917 0.046632 -0.164792 0.985225 0.703424 0.701559
11.627605 94.756058 50.798496 0.046632 -0.164792 0.985225 0.705025 0.697221
-10.895095 99.566101 60.659393 -0.353112 0.632688 0.689215 0.603383 0.663685
-15.405943 100.295914 57.678352 -0.353112 0.632688 0.689215 0.553279 0.663466
-24.209419 75.240555 76.168411 -0.353112 0.632688 0.689215 0.601398 0.632365
26.682281 95.808945 28.498701 0.819372 -0.492317 0.293690 0.747780 0.681681
25.684954 93.269012 27.023453 0.819372 -0.492317 0.293690 0.740061 0.678374
28.923571 92.559235 16.798145 0.819372 -0.492317 0.293690 0.825598 0.671318
-19.781824 113.861588 26.717434 0.347955 0.929665 0.121037 0.336193 0.689841
-20.484783 113.848221 28.840946 0.347955 0.929665 0.121037 0.343920 0.687883
0.636543 105.712311 30.612268 0.347955 0.929665 0.121037 0.505376 0.695318
-13.299762 70.472977 54.605251 0.154666 -0.987887 0.012526 0.549873 0.652083
-8.891916 71.202774 57.736885 0.154666 -0.987887 0.012526 0.600145 0.652859
-23.965630 69.000412 70.167107 0.154666 -0.987887 0.012526 0.567117 0.633717
30.870348 97.447998 39.149651 0.748923 0.591995 0.297753 0.706616 0.687042
51.991959 75.899460 28.866520 0.748923 0.591995 0.297753 0.783434 0.648775
31.135023 99.566101 34.272690 0.748923 0.591995 0.297753 0.751721 0.687097
6.554446 104.481567 39.698891 0.950054 0.027337 0.310885 0.595969 0.705433
2.620188 115.740433 50.731865 0.950054 0.027337 0.310885 0.551099 0.725624
2.345070 114.197281 51.708309 0.950054 0.027337 0.310885 0.535457 0.724381
13.074299 97.118805 21.725113 0.627190 -0.306356 -0.716085 0.540848 0.704939
21.893261 109.251572 24.258636 0.627190 -0.306356 -0.716085 0.619030 0.714494
15.568188 96.714615 24.082329 0.627190 -0.306356 -0.716085 0.572805 0.704550
-31.226233 100.295914 28.866520 -0.758629 0.643847 -0.099715 0.267370 0.674619
-31.135027 99.566101 23.460350 -0.758629 0.643847 -0.099715 0.235572 0.678197
-51.854290 75.730530 27.188538 -0.758629 0.643847 -0.099715 0.109997 0.651116
49.179413 72.449875 23.436481 0.523988 0.008362 -0.851685 0.808941 0.642564
29.363419 85.384445 11.371943 0.523988 0.008362 -0.851685 0.595023 0.660056
50.832527 74.477478 24.473448 0.523988 0.008362 -0.851685 0.826970 0.644791
-10.795968 69.761292 171.373657 0.000000 0.707393 0.706820 0.026747 0.730309
11.590325 69.761292 171.373657 0.000000 0.707393 0.706820 0.026574 0.621589
11.590325 69.761276 -113.545258 0.000000 0.707223 -0.706991 0.973254 0.621586
11.590325 69.761276 -113.545258 0.000000 0.707223 -0.706991 0.973254 0.621586
-10.795968 69.761276 -113.545258 0.000000 0.707223 -0.706991 0.973427 0.730305
-10.795968 69.761292 171.373657 0.000000 0.707393 0.706820 0.026747 0.730309
122.022934 69.761284 41.102455 0.706780 0.707434 -0.000000 0.972823 0.618397
122.022934 69.761284 18.716164 0.706780 0.707434 -0.000000 0.972823 0.724957
-124.012665 69.761284 18.716114 -0.707251 0.706962 -0.000000 0.032023 0.724957
-124.012665 69.761284 18.716114 -0.707251 0.706962 -0.000000 0.032023 0.724957
-124.012665 69.761284 41.102409 -0.707251 0.706962 -0.000000 0.032023 0.618397
122.022934 69.761284 41.102455 0.706780 0.707434 -0.000000 0.972823 0.618397
122.022934 69.761284 41.102455 0.706780 0.707434 -0.000000 0.055777 0.624147
122.107742 -21.917641 41.102413 1.000000 0.000925 -0.000000 0.940921 0.624147
122.107742 -21.917641 18.716118 1.000000 0.000925 -0.000000 0.940921 0.727747
122.107742 -21.917641 18.716118 1.000000 0.000925 -0.000000 0.940921 0.727747
122.022934 69.761284 18.716164 0.706780 0.707434 -0.000000 0.055777 0.727747
122.022934 69.761284 41.102455 0.706780 0.707434 -0.000000 0.055777 0.624147
-10.795968 69.761292 171.373657 0.000000 0.707393 0.706820 0.980031 0.732035
-10.795968 -21.878792 171.447830 0.000000 0.000809 1.000000 0.019631 0.731998
11.590325 -21.878792 171.447830 0.000000 0.000809 1.000000 0.019969 0.628398
11.590325 -21.878792 171.447830 0.000000 0.000809 1.000000 0.019969 0.628398
11.590325 69.761292 171.373657 0.000000 0.707393 0.706820 0.980369 0.628435
-10.795968 69.761292 171.373657 0.000000 0.707393 0.706820 0.980031 0.732035
-123.975243 -21.713348 41.102463 -1.000000 -0.000409 0.000000 0.044247 0.628417
-124.012665 69.761284 41.102409 -0.707251 0.706962 -0.000000 0.965447 0.628417
-124.012665 69.761284 18.716114 -0.707251 0.706962 -0.000000 0.965447 0.732017
-124.012665 69.761284 18.716114 -0.707251 0.706962 -0.000000 0.965447 0.732017
-123.975243 -21.713348 18.716167 -1.000000 -0.000409 0.000000 0.044247 0.732017
-123.975243 -21.713348 41.102463 -1.000000 -0.000409 0.000000 0.044247 0.628417
-10.795968 -21.460121 -113.575272 0.000000 0.000329 -1.000000 0.035320 0.720885
-10.795968 69.761276 -113.545258 0.000000 0.707223 -0.706991 0.959992 0.720868
11.590325 69.761276 -113.545258 0.000000 0.707223 -0.706991 0.959833 0.622470
11.590325 69.761276 -113.545258 0.000000 0.707223 -0.706991 0.959833 0.622470
11.590325 -21.460121 -113.575272 0.000000 0.000329 -1.000000 0.035161 0.622487
-10.795968 -21.460121 -113.575272 0.000000 0.000329 -1.000000 0.035320 0.720885
Box
0
End