none
78
-117.577843 -18.784706 167.639069 0.000000 1.000000 -0.000000 0.035575 0.781160
117.577843 -18.784706 167.639069 0.000000 1.000000 -0.000000 0.979406 0.781174
117.577843 -18.784718 -109.639069 0.000000 1.000000 -0.000000 0.974569 0.973366
117.577843 -18.784718 -109.639069 0.000000 1.000000 -0.000000 0.974569 0.973366
-117.577843 -18.784718 -109.639069 0.000000 1.000000 -0.000000 0.030738 0.973351
-117.577843 -18.784706 167.639069 0.000000 1.000000 -0.000000 0.035575 0.781160
-120.000000 -21.999992 169.000000 0.000000 0.000000 1.000000 0.090211 0.109061
120.000000 -21.999992 169.000000 0.000000 0.000000 1.000000 0.414731 0.109061
120.000000 68.000008 169.000000 0.000000 0.000000 1.000000 0.414731 0.515896
120.000000 68.000008 169.000000 0.000000 0.000000 1.000000 0.414731 0.515896
-120.000000 68.000008 169.000000 0.000000 0.000000 1.000000 0.090211 0.515896
-120.000000 -21.999992 169.000000 0.000000 0.000000 1.000000 0.090211 0.109061
120.000000 -21.999992 169.000000 1.000000 0.000000 0.000000 0.587648 0.517126
120.000000 -22.000004 -111.000000 1.000000 0.000000 0.000000 0.888566 0.516867
120.000000 67.999992 -111.000000 1.000000 0.000000 0.000000 0.888121 0.105223
120.000000 67.999992 -111.000000 1.000000 0.000000 0.000000 0.888121 0.105223
120.000000 68.000008 169.000000 1.000000 0.000000 0.000000 0.587203 0.105481
120.000000 -21.999992 169.000000 1.000000 0.000000 0.000000 0.587648 0.517126
120.000000 -22.000004 -111.000000 0.000000 -0.000000 -1.000000 0.414731 0.109060
-120.000000 -22.000004 -111.000000 0.000000 -0.000000 -1.000000 0.090211 0.109060
-120.000000 67.999992 -111.000000 0.000000 -0.000000 -1.000000 0.090211 0.515896
-120.000000 67.999992 -111.000000 0.000000 -0.000000 -1.000000 0.090211 0.515896
120.000000 67.999992 -111.000000 0.000000 -0.000000 -1.000000 0.414731 0.515896
120.000000 -22.000004 -111.000000 0.000000 -0.000000 -1.000000 0.414731 0.109060
-120.000000 -22.000004 -111.000000 -1.000000 0.000000 -0.000000 0.888566 0.516867
-120.000000 -21.999992 169.000000 -1.000000 0.000000 -0.000000 0.587648 0.517126
-120.000000 68.000008 169.000000 -1.000000 0.000000 -0.000000 0.587203 0.105481
-120.000000 68.000008 169.000000 -1.000000 0.000000 -0.000000 0.587203 0.105481
-120.000000 67.999992 -111.000000 -1.000000 0.000000 0.000000 0.888121 0.105223
-120.000000 -22.000004 -111.000000 -1.000000 0.000000 -0.000000 0.888566 0.516867
-120.000000 68.000008 169.000000 0.000000 1.000000 -0.000000 0.587295 0.097313
120.000000 68.000008 169.000000 0.000000 1.000000 -0.000000 0.888474 0.097313
118.246223 68.000008 167.713394 0.000000 1.000000 -0.000000 0.886273 0.099901
118.246223 68.000008 167.713394 0.000000 1.000000 -0.000000 0.886273 0.099901
-118.246223 68.000008 167.713394 0.000000 1.000000 -0.000000 0.589496 0.099901
-120.000000 68.000008 169.000000 0.000000 1.000000 -0.000000 0.587295 0.097313
120.000000 68.000008 169.000000 0.000000 1.000000 -0.000000 0.888474 0.097313
120.000000 67.999992 -111.000000 0.000000 1.000000 -0.000000 0.888474 0.513754
118.246223 67.999992 -109.713394 0.000000 1.000000 -0.000000 0.886273 0.511166
118.246223 67.999992 -109.713394 0.000000 1.000000 -0.000000 0.886273 0.511166
118.246223 68.000008 167.713394 0.000000 1.000000 -0.000000 0.886273 0.099901
120.000000 68.000008 169.000000 0.000000 1.000000 -0.000000 0.888474 0.097313
120.000000 67.999992 -111.000000 0.000000 1.000000 -0.000000 0.888474 0.513754
-120.000000 67.999992 -111.000000 0.000000 1.000000 -0.000000 0.587295 0.513754
-118.246223 67.999992 -109.713394 0.000000 1.000000 -0.000000 0.589496 0.511166
-118.246223 67.999992 -109.713394 0.000000 1.000000 -0.000000 0.589496 0.511166
118.246223 67.999992 -109.713394 0.000000 1.000000 -0.000000 0.886273 0.511166
120.000000 67.999992 -111.000000 0.000000 1.000000 -0.000000 0.888474 0.513754
-120.000000 67.999992 -111.000000 0.000000 1.000000 -0.000000 0.587295 0.513754
-120.000000 68.000008 169.000000 0.000000 1.000000 -0.000000 0.587295 0.097313
-118.246223 68.000008 167.713394 0.000000 1.000000 -0.000000 0.589496 0.099901
-118.246223 68.000008 167.713394 0.000000 1.000000 -0.000000 0.589496 0.099901
-118.246223 67.999992 -109.713394 0.000000 1.000000 -0.000000 0.589496 0.511166
-120.000000 67.999992 -111.000000 0.000000 1.000000 -0.000000 0.587295 0.513754
-118.246223 68.000008 167.713394 0.000000 0.000856 -1.000000 0.032894 0.781108
118.246223 68.000008 167.713394 0.000000 0.000856 -1.000000 0.982090 0.781123
117.577843 -18.784706 167.639069 0.000000 0.000856 -1.000000 0.974567 0.973417
117.577843 -18.784706 167.639069 0.000000 0.000856 -1.000000 0.974567 0.973417
-117.577843 -18.784706 167.639069 0.000000 0.000856 -1.000000 0.030736 0.973403
-118.246223 68.000008 167.713394 0.000000 0.000856 -1.000000 0.032894 0.781108
118.246223 68.000008 167.713394 -0.999970 0.007701 -0.000000 0.982090 0.781123
118.246223 67.999992 -109.713394 -0.999970 0.007701 -0.000000 0.977250 0.973417
117.577843 -18.784718 -109.639069 -0.999970 0.007701 -0.000000 0.028055 0.973351
117.577843 -18.784718 -109.639069 -0.999970 0.007701 -0.000000 0.028055 0.973351
117.577843 -18.784706 167.639069 -0.999970 0.007701 -0.000000 0.032892 0.781160
118.246223 68.000008 167.713394 -0.999970 0.007701 -0.000000 0.982090 0.781123
118.246223 67.999992 -109.713394 0.000000 0.000856 1.000000 0.982090 0.781123
-118.246223 67.999992 -109.713394 0.000000 0.000856 1.000000 0.032894 0.781108
-117.577843 -18.784718 -109.639069 0.000000 0.000856 1.000000 0.030736 0.973403
-117.577843 -18.784718 -109.639069 0.000000 0.000856 1.000000 0.030736 0.973403
117.577843 -18.784718 -109.639069 0.000000 0.000856 1.000000 0.974568 0.973417
118.246223 67.999992 -109.713394 0.000000 0.000856 1.000000 0.982090 0.781123
-118.246223 67.999992 -109.713394 0.999970 0.007701 -0.000000 0.977250 0.973417
-118.246223 68.000008 167.713394 0.999970 0.007701 -0.000000 0.982091 0.781123
-117.577843 -18.784706 167.639069 0.999970 0.007701 -0.000000 0.032893 0.781160
-117.577843 -18.784706 167.639069 0.999970 0.007701 -0.000000 0.032893 0.781160
-117.577843 -18.784718 -109.639069 0.999970 0.007701 -0.000000 0.028055 0.973351
-118.246223 67.999992 -109.713394 0.999970 0.007701 -0.000000 0.977250 0.973417
Box
0
End