none
1212
-809.761841 -258.966431 734.614929 0.000000 1.000000 -0.000000 0.042579 0.017381
690.238159 -258.966431 734.614929 0.000000 1.000000 -0.000000 0.630579 0.017381
690.238159 -258.966461 -265.385071 0.000000 1.000000 -0.000000 0.630579 0.441455
690.238159 -258.966461 -265.385071 0.000000 1.000000 -0.000000 0.630579 0.441455
-809.761841 -258.966461 -265.385071 0.000000 1.000000 -0.000000 0.042579 0.441455
-809.761841 -258.966431 734.614929 0.000000 1.000000 -0.000000 0.042579 0.017381
-809.761963 423.000000 734.614929 1.000000 0.000000 0.000000 0.966599 0.984332
-809.761902 -258.966431 734.614929 1.000000 0.000000 0.000000 0.966599 0.663994
-809.761719 -258.966461 -265.385071 1.000000 0.000000 0.000000 0.413823 0.663994
-809.761719 -258.966461 -265.385071 1.000000 0.000000 0.000000 0.413823 0.663994
-809.761780 423.000000 -265.385071 1.000000 0.000000 0.000000 0.413823 0.984332
-809.761963 423.000000 734.614929 1.000000 0.000000 0.000000 0.966599 0.984332
-809.761841 328.431946 -265.385071 0.000000 0.000000 1.000000 0.395569 0.940599
690.238159 328.431946 -265.385071 0.000000 0.000000 1.000000 0.995569 0.940599
690.238159 423.000000 -265.385071 0.000000 0.000000 1.000000 0.995569 0.982200
690.238159 423.000000 -265.385071 0.000000 0.000000 1.000000 0.995569 0.982200
-809.761841 423.000000 -265.385071 0.000000 0.000000 1.000000 0.395569 0.982200
-809.761841 328.431946 -265.385071 0.000000 0.000000 1.000000 0.395569 0.940599
190.238174 -17.000000 -265.385071 0.000000 0.000000 1.000000 0.795569 0.788642
690.238159 -17.000000 -265.385071 0.000000 0.000000 1.000000 0.995569 0.788642
690.238159 328.431946 -265.385071 0.000000 0.000000 1.000000 0.995569 0.940599
690.238159 328.431946 -265.385071 0.000000 0.000000 1.000000 0.995569 0.940599
190.238174 328.431946 -265.385071 0.000000 0.000000 1.000000 0.795569 0.940599
190.238174 -17.000000 -265.385071 0.000000 0.000000 1.000000 0.795569 0.788642
-809.761841 -17.000000 -265.385071 0.000000 0.000000 1.000000 0.395569 0.788642
-309.761841 -17.000000 -265.385071 0.000000 0.000000 1.000000 0.595569 0.788642
-309.761841 328.431946 -265.385071 0.000000 0.000000 1.000000 0.595569 0.940599
-309.761841 328.431946 -265.385071 0.000000 0.000000 1.000000 0.595569 0.940599
-809.761841 328.431946 -265.385071 0.000000 0.000000 1.000000 0.395569 0.940599
-809.761841 -17.000000 -265.385071 0.000000 0.000000 1.000000 0.395569 0.788642
-809.761841 -258.966461 -265.385071 0.000000 0.000000 1.000000 0.395569 0.682200
690.238159 -258.966461 -265.385071 0.000000 0.000000 1.000000 0.995569 0.682200
690.238159 -17.000000 -265.385071 0.000000 0.000000 1.000000 0.995569 0.788642
690.238159 -17.000000 -265.385071 0.000000 0.000000 1.000000 0.995569 0.788642
-809.761841 -17.000000 -265.385071 0.000000 0.000000 1.000000 0.395569 0.788642
-809.761841 -258.966461 -265.385071 0.000000 0.000000 1.000000 0.395569 0.682200
690.238281 -258.966461 -265.385071 -1.000000 -0.000000 -0.000000 0.413823 0.663994
690.238098 -258.966431 734.614929 -1.000000 -0.000000 -0.000000 0.966599 0.663994
690.238037 423.000000 734.614929 -1.000000 -0.000000 -0.000000 0.966599 0.984332
690.238037 423.000000 734.614929 -1.000000 -0.000000 -0.000000 0.966599 0.984332
690.238220 423.000000 -265.385071 -1.000000 -0.000000 -0.000000 0.413823 0.984332
690.238281 -258.966461 -265.385071 -1.000000 -0.000000 -0.000000 0.413823 0.663994
-53.761829 316.431946 -259.385071 0.000000 0.000000 1.000000 0.048848 0.708160
-65.761826 316.431946 -259.385071 0.000000 0.000000 1.000000 0.050768 0.708160
-65.761826 -5.000000 -259.385071 0.000000 0.000000 1.000000 0.050768 0.456920
-65.761826 -5.000000 -259.385071 0.000000 0.000000 1.000000 0.050768 0.456920
-53.761829 -5.000000 -259.385071 0.000000 0.000000 1.000000 0.048848 0.456920
-53.761829 316.431946 -259.385071 0.000000 0.000000 1.000000 0.048848 0.708160
-53.761829 316.431946 -271.385071 1.000000 0.000000 0.000000 0.009808 0.708160
-53.761829 316.431946 -259.385071 1.000000 0.000000 0.000000 0.089808 0.708160
-53.761829 -5.000000 -259.385071 1.000000 0.000000 0.000000 0.089808 0.456920
-53.761829 -5.000000 -259.385071 1.000000 0.000000 0.000000 0.089808 0.456920
-53.761829 -5.000000 -271.385071 1.000000 0.000000 0.000000 0.009808 0.456920
-53.761829 316.431946 -271.385071 1.000000 0.000000 0.000000 0.009808 0.708160
-65.761826 316.431946 -259.385071 -1.000000 0.000000 -0.000000 0.089808 0.708160
-65.761826 316.431946 -271.385071 -1.000000 0.000000 0.000000 0.009808 0.708160
-65.761826 -5.000000 -271.385071 -1.000000 0.000000 -0.000000 0.009808 0.456920
-65.761826 -5.000000 -271.385071 -1.000000 0.000000 -0.000000 0.009808 0.456920
-65.761826 -5.000000 -259.385071 -1.000000 0.000000 -0.000000 0.089808 0.456920
-65.761826 316.431946 -259.385071 -1.000000 0.000000 -0.000000 0.089808 0.708160
190.238174 -17.000000 -271.385071 0.000000 -1.000000 0.000000 0.009808 0.717540
190.238174 -17.000000 -259.385071 0.000000 -1.000000 0.000000 0.009808 0.447540
178.238174 -17.000000 -259.385071 0.000000 -1.000000 0.000000 0.011728 0.447540
178.238174 -17.000000 -259.385071 0.000000 -1.000000 0.000000 0.011728 0.447540
178.238174 -17.000000 -271.385071 0.000000 -1.000000 0.000000 0.011728 0.717540
190.238174 -17.000000 -271.385071 0.000000 -1.000000 0.000000 0.009808 0.717540
190.238174 328.431946 -271.385071 0.000000 1.000000 -0.000000 0.009808 0.717541
178.238174 328.431946 -271.385071 0.000000 1.000000 -0.000000 0.011728 0.717541
178.238174 328.431946 -259.385071 0.000000 1.000000 -0.000000 0.011728 0.447541
178.238174 328.431946 -259.385071 0.000000 1.000000 -0.000000 0.011728 0.447541
190.238174 328.431946 -259.385071 0.000000 1.000000 -0.000000 0.009808 0.447541
190.238174 328.431946 -271.385071 0.000000 1.000000 -0.000000 0.009808 0.717541
190.238174 328.431946 -259.385071 0.000000 0.000000 1.000000 0.009808 0.717540
178.238174 328.431946 -259.385071 0.000000 0.000000 1.000000 0.011728 0.717540
178.238174 -17.000000 -259.385071 0.000000 0.000000 1.000000 0.011728 0.447540
178.238174 -17.000000 -259.385071 0.000000 0.000000 1.000000 0.011728 0.447540
190.238174 -17.000000 -259.385071 0.000000 0.000000 1.000000 0.009808 0.447540
190.238174 328.431946 -259.385071 0.000000 0.000000 1.000000 0.009808 0.717540
190.238174 328.431946 -271.385071 1.000000 0.000000 0.000000 0.009808 0.717540
190.238174 328.431946 -259.385071 1.000000 0.000000 0.000000 0.089808 0.717540
190.238174 -17.000000 -259.385071 1.000000 0.000000 0.000000 0.089808 0.447540
190.238174 -17.000000 -259.385071 1.000000 0.000000 0.000000 0.089808 0.447540
190.238174 -17.000000 -271.385071 1.000000 0.000000 0.000000 0.009808 0.447540
190.238174 328.431946 -271.385071 1.000000 0.000000 0.000000 0.009808 0.717540
178.238174 328.431946 -259.385071 -1.000000 0.000000 -0.000000 0.089808 0.717540
178.238174 328.431946 -271.385071 -1.000000 0.000000 0.000000 0.009808 0.717540
178.238174 -17.000000 -271.385071 -1.000000 0.000000 -0.000000 0.009808 0.447540
178.238174 -17.000000 -271.385071 -1.000000 0.000000 -0.000000 0.009808 0.447540
178.238174 -17.000000 -259.385071 -1.000000 0.000000 -0.000000 0.089808 0.447540
178.238174 328.431946 -259.385071 -1.000000 0.000000 -0.000000 0.089808 0.717540
178.238174 -17.000000 -271.385071 0.000000 -1.000000 0.000000 0.011728 0.717540
178.238174 -17.000000 -259.385071 0.000000 -1.000000 0.000000 0.011728 0.447540
-297.761841 -17.000000 -259.385071 0.000000 -1.000000 0.000000 0.087888 0.447540
-297.761841 -17.000000 -259.385071 0.000000 -1.000000 0.000000 0.087888 0.447540
-297.761841 -17.000000 -271.385071 0.000000 -1.000000 0.000000 0.087888 0.717540
178.238174 -17.000000 -271.385071 0.000000 -1.000000 0.000000 0.011728 0.717540
178.238174 -5.000000 -271.385071 0.000000 1.000000 -0.000000 0.011728 0.717540
-297.761841 -5.000000 -271.385071 0.000000 1.000000 -0.000000 0.087888 0.717540
-297.761841 -5.000000 -259.385071 0.000000 1.000000 -0.000000 0.087888 0.447540
-297.761841 -5.000000 -259.385071 0.000000 1.000000 -0.000000 0.087888 0.447540
178.238174 -5.000000 -259.385071 0.000000 1.000000 -0.000000 0.011728 0.447540
178.238174 -5.000000 -271.385071 0.000000 1.000000 -0.000000 0.011728 0.717540
178.238174 -5.000000 -259.385071 0.000000 0.000000 1.000000 0.011728 0.456920
-297.761841 -5.000000 -259.385071 0.000000 0.000000 1.000000 0.087888 0.456920
-297.761841 -17.000000 -259.385071 0.000000 0.000000 1.000000 0.087888 0.447540
-297.761841 -17.000000 -259.385071 0.000000 0.000000 1.000000 0.087888 0.447540
178.238174 -17.000000 -259.385071 0.000000 0.000000 1.000000 0.011728 0.447540
178.238174 -5.000000 -259.385071 0.000000 0.000000 1.000000 0.011728 0.456920
-297.761841 -17.000000 -271.385071 0.000000 -1.000000 0.000000 0.087888 0.717540
-297.761841 -17.000000 -259.385071 0.000000 -1.000000 0.000000 0.087888 0.447540
-309.761841 -17.000000 -259.385071 0.000000 -1.000000 0.000000 0.089808 0.447540
-309.761841 -17.000000 -259.385071 0.000000 -1.000000 0.000000 0.089808 0.447540
-309.761841 -17.000000 -271.385071 0.000000 -1.000000 0.000000 0.089808 0.717540
-297.761841 -17.000000 -271.385071 0.000000 -1.000000 0.000000 0.087888 0.717540
-297.761841 328.431946 -271.385071 0.000000 1.000000 -0.000000 0.087888 0.717541
-309.761841 328.431946 -271.385071 0.000000 1.000000 -0.000000 0.089808 0.717541
-309.761841 328.431946 -259.385071 0.000000 1.000000 -0.000000 0.089808 0.447541
-309.761841 328.431946 -259.385071 0.000000 1.000000 -0.000000 0.089808 0.447541
-297.761841 328.431946 -259.385071 0.000000 1.000000 -0.000000 0.087888 0.447541
-297.761841 328.431946 -271.385071 0.000000 1.000000 -0.000000 0.087888 0.717541
-297.761841 328.431946 -259.385071 0.000000 0.000000 1.000000 0.087888 0.717540
-309.761841 328.431946 -259.385071 0.000000 0.000000 1.000000 0.089808 0.717540
-309.761841 -17.000000 -259.385071 0.000000 0.000000 1.000000 0.089808 0.447540
-309.761841 -17.000000 -259.385071 0.000000 0.000000 1.000000 0.089808 0.447540
-297.761841 -17.000000 -259.385071 0.000000 0.000000 1.000000 0.087888 0.447540
-297.761841 328.431946 -259.385071 0.000000 0.000000 1.000000 0.087888 0.717540
-297.761841 328.431946 -271.385071 1.000000 0.000000 0.000000 0.009808 0.717540
-297.761841 328.431946 -259.385071 1.000000 0.000000 0.000000 0.089808 0.717540
-297.761841 -17.000000 -259.385071 1.000000 0.000000 0.000000 0.089808 0.447540
-297.761841 -17.000000 -259.385071 1.000000 0.000000 0.000000 0.089808 0.447540
-297.761841 -17.000000 -271.385071 1.000000 0.000000 0.000000 0.009808 0.447540
-297.761841 328.431946 -271.385071 1.000000 0.000000 0.000000 0.009808 0.717540
-309.761841 328.431946 -259.385071 -1.000000 0.000000 -0.000000 0.089808 0.717540
-309.761841 328.431946 -271.385071 -1.000000 0.000000 0.000000 0.009808 0.717540
-309.761841 -17.000000 -271.385071 -1.000000 0.000000 -0.000000 0.009808 0.447540
-309.761841 -17.000000 -271.385071 -1.000000 0.000000 -0.000000 0.009808 0.447540
-309.761841 -17.000000 -259.385071 -1.000000 0.000000 -0.000000 0.089808 0.447540
-309.761841 328.431946 -259.385071 -1.000000 0.000000 -0.000000 0.089808 0.717540
178.238174 316.431946 -271.385071 0.000000 -1.000000 0.000000 0.011728 0.717541
178.238174 316.431946 -259.385071 0.000000 -1.000000 0.000000 0.011728 0.447541
-297.761841 316.431946 -259.385071 0.000000 -1.000000 0.000000 0.087888 0.447541
-297.761841 316.431946 -259.385071 0.000000 -1.000000 0.000000 0.087888 0.447541
-297.761841 316.431946 -271.385071 0.000000 -1.000000 0.000000 0.087888 0.717541
178.238174 316.431946 -271.385071 0.000000 -1.000000 0.000000 0.011728 0.717541
178.238174 328.431946 -271.385071 0.000000 1.000000 -0.000000 0.011728 0.717541
-297.761841 328.431946 -271.385071 0.000000 1.000000 -0.000000 0.087888 0.717541
-297.761841 328.431946 -259.385071 0.000000 1.000000 -0.000000 0.087888 0.447541
-297.761841 328.431946 -259.385071 0.000000 1.000000 -0.000000 0.087888 0.447541
178.238174 328.431946 -259.385071 0.000000 1.000000 -0.000000 0.011728 0.447541
178.238174 328.431946 -271.385071 0.000000 1.000000 -0.000000 0.011728 0.717541
178.238174 328.431946 -259.385071 0.000000 0.000000 1.000000 0.011728 0.717540
-297.761841 328.431946 -259.385071 0.000000 0.000000 1.000000 0.087888 0.717540
-297.761841 316.431946 -259.385071 0.000000 0.000000 1.000000 0.087888 0.708160
-297.761841 316.431946 -259.385071 0.000000 0.000000 1.000000 0.087888 0.708160
178.238174 316.431946 -259.385071 0.000000 0.000000 1.000000 0.011728 0.708160
178.238174 328.431946 -259.385071 0.000000 0.000000 1.000000 0.011728 0.717540
-57.128162 -7.517853 -265.000000 0.000000 0.000000 1.000000 0.120277 0.453015
182.871841 -7.517853 -265.000000 0.000000 0.000000 1.000000 0.364277 0.453015
182.871841 317.914063 -265.000000 0.000000 0.000000 1.000000 0.364277 0.985811
182.871841 317.914063 -265.000000 0.000000 0.000000 1.000000 0.364277 0.985811
-57.128162 317.914063 -265.000000 0.000000 0.000000 1.000000 0.120277 0.985811
-57.128162 -7.517853 -265.000000 0.000000 0.000000 1.000000 0.120277 0.453015
-301.651215 -7.517853 -265.000000 0.000000 0.000000 1.000000 0.120277 0.453015
-61.651218 -7.517853 -265.000000 0.000000 0.000000 1.000000 0.364277 0.453015
-61.651218 317.914063 -265.000000 0.000000 0.000000 1.000000 0.364277 0.985811
-61.651218 317.914063 -265.000000 0.000000 0.000000 1.000000 0.364277 0.985811
-301.651215 317.914063 -265.000000 0.000000 0.000000 1.000000 0.120277 0.985811
-301.651215 -7.517853 -265.000000 0.000000 0.000000 1.000000 0.120277 0.453015
89.381668 162.569443 -230.142624 0.214070 0.098866 0.971802 0.685530 0.568093
79.602432 282.391479 -223.032669 0.013418 0.040324 0.999097 0.661914 0.613919
48.972149 328.390747 -232.848679 0.005591 -0.010684 0.999927 0.590735 0.631452
153.800674 247.939560 -227.639542 -0.354014 -0.028354 0.934810 0.836805 0.600743
183.568893 53.497971 -227.230179 -0.326841 -0.042445 0.944126 0.906774 0.526434
183.507889 88.510361 -221.158279 -0.086215 -0.043658 0.995319 0.906103 0.539842
183.507889 88.510361 -221.158279 -0.086215 -0.043658 0.995319 0.906103 0.539842
160.855637 279.767090 -222.942123 -0.157536 0.068621 0.985126 0.852987 0.612930
153.800674 247.939560 -227.639542 -0.354014 -0.028354 0.934810 0.836805 0.600743
193.679199 4.404053 -218.780746 0.047540 0.107063 0.993115 0.929815 0.507709
185.506729 7.409576 -223.767624 -0.042238 0.087626 0.995258 0.911030 0.508834
188.809372 -117.190140 -231.853287 -0.157908 0.084638 0.983820 0.919500 0.461177
188.809372 -117.190140 -231.853287 -0.157908 0.084638 0.983820 0.919500 0.461177
195.111496 -86.077721 -214.331833 -0.899690 0.004636 0.436506 0.932797 0.473146
193.679199 4.404053 -218.780746 0.047540 0.107063 0.993115 0.929815 0.507709
160.855637 279.767090 -222.942123 -0.157536 0.068621 0.985126 0.852987 0.612930
155.880051 329.366211 -231.915512 -0.009300 0.026887 0.999595 0.842067 0.631846
153.800674 247.939560 -227.639542 -0.354014 -0.028354 0.934810 0.836805 0.600743
66.761902 193.122238 -223.239456 0.381783 0.158028 0.910642 0.631735 0.579797
89.381668 162.569443 -230.142624 0.214070 0.098866 0.971802 0.685530 0.568093
30.631641 328.169067 -231.365067 0.032523 0.012241 0.999396 0.547475 0.631371
167.779343 10.920609 -223.275833 0.128068 -0.060295 0.989931 0.869298 0.510175
154.504486 10.892593 -222.987473 -0.245460 0.141186 0.959071 0.838055 0.510164
125.938019 -89.381432 -233.975021 -0.371271 -0.002131 0.928522 0.771832 0.471786
147.736923 -78.250801 -231.577316 0.089626 0.004017 0.995967 0.822887 0.476054
163.554276 -67.008736 -219.688339 0.085380 0.057223 0.994704 0.859050 0.480406
175.771469 23.187012 -223.935715 0.721838 0.256777 0.642663 0.888151 0.514862
92.732559 92.519516 -228.409653 0.546420 0.400696 0.735437 0.693259 0.541328
38.990734 208.612106 -229.512650 0.106441 0.088567 0.990367 0.566972 0.585685
-3.163471 292.810974 -227.844620 0.126908 0.116517 0.985047 0.450242 0.617194
131.255096 326.834778 -231.860123 0.009917 0.025733 0.999620 0.784152 0.630875
120.031998 285.008972 -223.462112 -0.022770 0.049389 0.998520 0.757028 0.614924
131.877945 271.857727 -225.063583 0.390768 0.084100 0.916639 0.785025 0.609893
106.220230 328.638672 -232.601242 0.008173 0.065602 0.997812 0.725342 0.631557
59.938427 338.734314 -231.773819 -0.018314 -0.076574 0.996896 0.616431 0.635412
83.668839 326.714783 -231.461227 0.017770 0.121553 0.992426 0.672210 0.630823
83.668839 326.714783 -231.461227 0.017770 0.121553 0.992426 0.672210 0.630823
120.031998 285.008972 -223.462112 -0.022770 0.049389 0.998520 0.757028 0.614924
106.220230 328.638672 -232.601242 0.008173 0.065602 0.997812 0.725342 0.631557
122.764755 56.171661 -228.422440 -0.704504 -0.624756 -0.336681 0.763886 0.527441
163.448929 32.969009 -223.089462 0.092939 0.162383 0.982341 0.859098 0.518602
136.629074 61.084015 -221.457474 0.239467 0.178488 0.954357 0.795885 0.529351
38.990734 208.612106 -229.512650 0.106441 0.088567 0.990367 0.566972 0.585685
122.764755 56.171661 -228.422440 -0.704504 -0.624756 -0.336681 0.763886 0.527441
96.377304 113.605209 -221.194748 -0.399190 -0.213621 0.891635 0.701203 0.549419
96.377304 113.605209 -221.194748 -0.399190 -0.213621 0.891635 0.701203 0.549419
46.750973 200.943344 -227.012375 -0.453284 -0.191771 0.870493 0.585004 0.582767
38.990734 208.612106 -229.512650 0.106441 0.088567 0.990367 0.566972 0.585685
135.651779 -78.365685 -216.708359 -0.220605 0.240502 0.945247 0.793174 0.476074
167.779343 10.920609 -223.275833 0.128068 -0.060295 0.989931 0.869298 0.510175
125.938019 -89.381432 -233.975021 -0.371271 -0.002131 0.928522 0.771832 0.471786
193.910568 326.779602 -231.235550 0.005529 0.077343 0.996989 0.931443 0.630867
155.880051 329.366211 -231.915512 -0.009300 0.026887 0.999595 0.842067 0.631846
173.340744 324.881592 -232.144852 -0.011708 0.010723 0.999874 0.883148 0.630134
173.340744 324.881592 -232.144852 -0.011708 0.010723 0.999874 0.883148 0.630134
194.993790 292.809509 -224.100815 -0.011627 0.066009 0.997751 0.933370 0.617915
193.910568 326.779602 -231.235550 0.005529 0.077343 0.996989 0.931443 0.630867
194.993790 292.809509 -224.100815 -0.011627 0.066009 0.997751 0.933370 0.617915
189.838028 239.996445 -226.197220 -0.518921 -0.016270 0.854667 0.921427 0.597720
198.581833 237.340866 -220.268570 -0.002335 0.005200 0.999984 0.941474 0.596732
142.345108 65.344482 -222.085129 -0.285987 -0.266134 0.920534 0.809382 0.530977
79.602432 282.391479 -223.032669 0.013418 0.040324 0.999097 0.661914 0.613919
124.424622 80.233994 -229.507004 0.488893 0.375064 0.787598 0.767884 0.536633
124.424622 80.233994 -229.507004 0.488893 0.375064 0.787598 0.767884 0.536633
175.771469 23.187012 -223.935715 0.721838 0.256777 0.642663 0.888151 0.514862
142.345108 65.344482 -222.085129 -0.285987 -0.266134 0.920534 0.809382 0.530977
124.424622 80.233994 -229.507004 0.488893 0.375064 0.787598 0.767884 0.536633
136.629074 61.084015 -221.457474 0.239467 0.178488 0.954357 0.795885 0.529351
163.448929 32.969009 -223.089462 0.092939 0.162383 0.982341 0.859098 0.518602
-0.256153 219.441452 -220.990555 -0.165533 -0.053069 0.984775 0.453362 0.591984
116.392700 58.082764 -219.581375 0.142472 0.074727 0.986974 0.748132 0.528209
92.732559 92.519516 -228.409653 0.546420 0.400696 0.735437 0.693259 0.541328
183.354111 28.322922 -223.798050 0.909619 -0.015284 0.415161 0.905971 0.516827
174.058090 -52.060547 -229.561905 -0.067581 0.035620 0.997078 0.884611 0.486077
180.982773 -51.779556 -220.771255 -0.010008 0.071534 0.997388 0.900131 0.486225
-0.256153 219.441452 -220.990555 -0.165533 -0.053069 0.984775 0.453362 0.591984
-43.887806 282.282227 -230.032852 -0.098370 0.049183 0.993934 0.402452 0.613558
-9.722713 201.444199 -228.686478 -0.362643 -0.198603 0.910520 0.442566 0.585762
-53.571980 329.535034 -232.958328 -0.043134 0.005385 0.999055 0.391192 0.629799
-3.163471 292.810974 -227.844620 0.126908 0.116517 0.985047 0.450242 0.617194
-4.802402 329.731750 -232.764511 -0.003899 -0.005396 0.999978 0.448529 0.629875
-4.802402 329.731750 -232.764511 -0.003899 -0.005396 0.999978 0.448529 0.629875
-1.226406 338.478699 -231.835556 -0.023192 -0.097473 0.994968 0.452693 0.632888
-53.571980 329.535034 -232.958328 -0.043134 0.005385 0.999055 0.391192 0.629799
102.834625 211.153183 -224.800247 0.478021 0.150624 0.865337 0.716702 0.586688
163.551956 58.619736 -226.761917 -0.172207 -0.071001 0.982499 0.859660 0.528390
107.025711 245.273849 -230.714005 0.004128 0.029926 0.999544 0.727072 0.599703
25.044910 282.386536 -225.618729 -0.694508 -0.063196 0.716704 0.533837 0.613897
66.761902 193.122238 -223.239456 0.381783 0.158028 0.910642 0.631735 0.579797
30.631641 328.169067 -231.365067 0.032523 0.012241 0.999396 0.547475 0.631371
30.631641 328.169067 -231.365067 0.032523 0.012241 0.999396 0.547475 0.631371
17.905025 326.777405 -231.590317 -0.055978 0.095357 0.993868 0.517566 0.630836
25.044910 282.386536 -225.618729 -0.694508 -0.063196 0.716704 0.533837 0.613897
198.581833 237.340866 -220.268570 -0.002335 0.005200 0.999984 0.941474 0.596732
212.278244 290.236938 -230.324997 0.366239 0.060413 0.928558 0.974558 0.616907
194.993790 292.809509 -224.100815 -0.011627 0.066009 0.997751 0.933370 0.617915
209.204056 -85.437828 -214.798508 -0.118663 -0.032390 0.992406 0.965979 0.473391
205.605667 16.459351 -222.963333 -0.284988 0.032986 0.957963 0.958226 0.512300
202.149124 -42.282486 -231.210007 -0.001276 0.051395 0.998678 0.950815 0.489812
205.605667 16.459351 -222.963333 -0.284988 0.032986 0.957963 0.958226 0.512300
189.838028 239.996445 -226.197220 -0.518921 -0.016270 0.854667 0.921427 0.597720
197.095627 88.737564 -228.018021 -0.433068 -0.034816 0.900688 0.938653 0.539901
197.095627 88.737564 -228.018021 -0.433068 -0.034816 0.900688 0.938653 0.539901
198.838669 19.069946 -229.613327 0.128690 0.160874 0.978549 0.942891 0.513267
205.605667 16.459351 -222.963333 -0.284988 0.032986 0.957963 0.958226 0.512300
106.220230 328.638672 -232.601242 0.008173 0.065602 0.997812 0.725342 0.631557
99.228363 338.197632 -231.435226 0.010964 -0.115221 0.993279 0.708798 0.635215
59.938427 338.734314 -231.773819 -0.018314 -0.076574 0.996896 0.616431 0.635412
131.255096 326.834778 -231.860123 0.009917 0.025733 0.999620 0.784152 0.630875
131.877945 271.857727 -225.063583 0.390768 0.084100 0.916639 0.785025 0.609893
174.784592 54.054245 -227.608078 0.466758 0.192557 0.863168 0.886149 0.526643
174.058090 -52.060547 -229.561905 -0.067581 0.035620 0.997078 0.884611 0.486077
183.354111 28.322922 -223.798050 0.909619 -0.015284 0.415161 0.905971 0.516827
176.354233 22.403137 -226.650986 0.356371 0.076764 0.931186 0.889757 0.514551
176.354233 22.403137 -226.650986 0.356371 0.076764 0.931186 0.889757 0.514551
163.554276 -67.008736 -219.688339 0.085380 0.057223 0.994704 0.859050 0.480406
174.058090 -52.060547 -229.561905 -0.067581 0.035620 0.997078 0.884611 0.486077
135.651779 -78.365685 -216.708359 -0.220605 0.240502 0.945247 0.793174 0.476074
147.736923 -78.250801 -231.577316 0.089626 0.004017 0.995967 0.822887 0.476054
167.779343 10.920609 -223.275833 0.128068 -0.060295 0.989931 0.869298 0.510175
168.919083 338.862061 -231.609604 -0.013105 -0.040190 0.999106 0.872703 0.635479
155.880051 329.366211 -231.915512 -0.009300 0.026887 0.999595 0.842067 0.631846
193.910568 326.779602 -231.235550 0.005529 0.077343 0.996989 0.931443 0.630867
193.910568 326.779602 -231.235550 0.005529 0.077343 0.996989 0.931443 0.630867
199.360794 338.196289 -230.663589 0.052257 -0.077004 0.995660 0.944210 0.635234
168.919083 338.862061 -231.609604 -0.013105 -0.040190 0.999106 0.872703 0.635479
79.602432 282.391479 -223.032669 0.013418 0.040324 0.999097 0.661914 0.613919
102.834625 211.153183 -224.800247 0.478021 0.150624 0.865337 0.716702 0.586688
83.668839 326.714783 -231.461227 0.017770 0.121553 0.992426 0.672210 0.630823
83.668839 326.714783 -231.461227 0.017770 0.121553 0.992426 0.672210 0.630823
48.972149 328.390747 -232.848679 0.005591 -0.010684 0.999927 0.590735 0.631452
79.602432 282.391479 -223.032669 0.013418 0.040324 0.999097 0.661914 0.613919
92.732559 92.519516 -228.409653 0.546420 0.400696 0.735437 0.693259 0.541328
122.764755 56.171661 -228.422440 -0.704504 -0.624756 -0.336681 0.763886 0.527441
38.990734 208.612106 -229.512650 0.106441 0.088567 0.990367 0.566972 0.585685
92.732559 92.519516 -228.409653 0.546420 0.400696 0.735437 0.693259 0.541328
116.392700 58.082764 -219.581375 0.142472 0.074727 0.986974 0.748132 0.528209
154.761063 26.117294 -227.115128 -0.248336 -0.096182 0.963887 0.839017 0.515965
125.938019 -89.381432 -233.975021 -0.371271 -0.002131 0.928522 0.771832 0.471786
154.504486 10.892593 -222.987473 -0.245460 0.141186 0.959071 0.838055 0.510164
123.078995 -68.449623 -212.009933 -0.018243 0.013069 0.999748 0.763198 0.479882
160.855637 279.767090 -222.942123 -0.157536 0.068621 0.985126 0.852987 0.612930
190.429062 106.587631 -227.797928 0.355701 0.048788 0.933326 0.922956 0.546723
173.340744 324.881592 -232.144852 -0.011708 0.010723 0.999874 0.883148 0.630134
173.340744 324.881592 -232.144852 -0.011708 0.010723 0.999874 0.883148 0.630134
155.880051 329.366211 -231.915512 -0.009300 0.026887 0.999595 0.842067 0.631846
160.855637 279.767090 -222.942123 -0.157536 0.068621 0.985126 0.852987 0.612930
197.875351 -119.798859 -209.127914 -0.122154 0.102995 0.987153 0.938844 0.460281
211.820908 -115.938896 -228.470596 -0.477249 -0.030003 0.878256 0.973322 0.461674
202.149124 -42.282486 -231.210007 -0.001276 0.051395 0.998678 0.950815 0.489812
38.990734 208.612106 -229.512650 0.106441 0.088567 0.990367 0.566972 0.585685
-4.802402 329.731750 -232.764511 -0.003899 -0.005396 0.999978 0.448529 0.629875
-3.163471 292.810974 -227.844620 0.126908 0.116517 0.985047 0.450242 0.617194
17.905025 326.777405 -231.590317 -0.055978 0.095357 0.993868 0.517566 0.630836
-4.802402 329.731750 -232.764511 -0.003899 -0.005396 0.999978 0.448529 0.629875
38.990734 208.612106 -229.512650 0.106441 0.088567 0.990367 0.566972 0.585685
118.922180 -60.300430 -227.576218 -0.830180 0.350276 0.433714 0.754776 0.482928
154.504486 10.892593 -222.987473 -0.245460 0.141186 0.959071 0.838055 0.510164
148.797501 21.194504 -230.536880 -0.404975 -0.121073 0.906276 0.825291 0.514067
135.453079 27.648392 -226.667526 -0.048143 -0.301993 0.952094 0.793572 0.516549
148.797501 21.194504 -230.536880 -0.404975 -0.121073 0.906276 0.825291 0.514067
154.761063 26.117294 -227.115128 -0.248336 -0.096182 0.963887 0.839017 0.515965
142.498077 154.317062 -221.885635 -0.275640 -0.075754 0.958271 0.809724 0.564984
107.025711 245.273849 -230.714005 0.004128 0.029926 0.999544 0.727072 0.599703
163.551956 58.619736 -226.761917 -0.172207 -0.071001 0.982499 0.859660 0.528390
183.354111 28.322922 -223.798050 0.909619 -0.015284 0.415161 0.905971 0.516827
168.935089 60.936523 -222.080490 0.099690 -0.043707 0.994058 0.871912 0.529297
163.551956 58.619736 -226.761917 -0.172207 -0.071001 0.982499 0.859660 0.528390
163.551956 58.619736 -226.761917 -0.172207 -0.071001 0.982499 0.859660 0.528390
176.354233 22.403137 -226.650986 0.356371 0.076764 0.931186 0.889757 0.514551
183.354111 28.322922 -223.798050 0.909619 -0.015284 0.415161 0.905971 0.516827
193.679199 4.404053 -218.780746 0.047540 0.107063 0.993115 0.929815 0.507709
197.875351 -119.798859 -209.127914 -0.122154 0.102995 0.987153 0.938844 0.460281
202.149124 -42.282486 -231.210007 -0.001276 0.051395 0.998678 0.950815 0.489812
195.604324 19.004349 -224.063553 0.448869 0.197872 0.871415 0.934802 0.513266
198.838669 19.069946 -229.613327 0.128690 0.160874 0.978549 0.942891 0.513267
183.507889 88.510361 -221.158279 -0.086215 -0.043658 0.995319 0.906103 0.539842
183.507889 88.510361 -221.158279 -0.086215 -0.043658 0.995319 0.906103 0.539842
183.568893 53.497971 -227.230179 -0.326841 -0.042445 0.944126 0.906774 0.526434
195.604324 19.004349 -224.063553 0.448869 0.197872 0.871415 0.934802 0.513266
188.809372 -117.190140 -231.853287 -0.157908 0.084638 0.983820 0.919500 0.461177
185.506729 7.409576 -223.767624 -0.042238 0.087626 0.995258 0.911030 0.508834
180.982773 -51.779556 -220.771255 -0.010008 0.071534 0.997388 0.900131 0.486225
180.982773 -51.779556 -220.771255 -0.010008 0.071534 0.997388 0.900131 0.486225
185.443359 -115.131805 -214.182358 0.606058 0.124382 0.785635 0.910047 0.462041
188.809372 -117.190140 -231.853287 -0.157908 0.084638 0.983820 0.919500 0.461177
106.220230 328.638672 -232.601242 0.008173 0.065602 0.997812 0.725342 0.631557
114.664337 349.414856 -231.232010 -0.020858 -0.069836 0.997340 0.745081 0.639505
99.228363 338.197632 -231.435226 0.010964 -0.115221 0.993279 0.708798 0.635215
131.255096 326.834778 -231.860123 0.009917 0.025733 0.999620 0.784152 0.630875
148.422211 349.527039 -230.131546 0.026710 -0.096002 0.995023 0.824373 0.639558
132.732925 338.145020 -230.661880 -0.015904 -0.103285 0.994525 0.787523 0.635203
132.732925 338.145020 -230.661880 -0.015904 -0.103285 0.994525 0.787523 0.635203
114.664337 349.414856 -231.232010 -0.020858 -0.069836 0.997340 0.745081 0.639505
131.255096 326.834778 -231.860123 0.009917 0.025733 0.999620 0.784152 0.630875
48.972149 328.390747 -232.848679 0.005591 -0.010684 0.999927 0.590735 0.631452
83.668839 326.714783 -231.461227 0.017770 0.121553 0.992426 0.672210 0.630823
59.938427 338.734314 -231.773819 -0.018314 -0.076574 0.996896 0.616431 0.635412
59.938427 338.734314 -231.773819 -0.018314 -0.076574 0.996896 0.616431 0.635412
45.168240 348.796692 -230.703049 0.047607 -0.096375 0.994206 0.581603 0.639260
48.972149 328.390747 -232.848679 0.005591 -0.010684 0.999927 0.590735 0.631452
34.503292 339.492493 -230.639847 0.040618 -0.079832 0.995980 0.556517 0.635702
-1.226406 338.478699 -231.835556 -0.023192 -0.097473 0.994968 0.452693 0.632888
30.631641 328.169067 -231.365067 0.032523 0.012241 0.999396 0.547475 0.631371
-1.226406 338.478699 -231.835556 -0.023192 -0.097473 0.994968 0.452693 0.632888
-39.234562 338.432495 -231.510788 -0.017237 -0.130231 0.991334 0.407988 0.632868
-53.571980 329.535034 -232.958328 -0.043134 0.005385 0.999055 0.391192 0.629799
-3.163471 292.810974 -227.844620 0.126908 0.116517 0.985047 0.450242 0.617194
-43.887806 282.282227 -230.032852 -0.098370 0.049183 0.993934 0.402452 0.613558
-0.256153 219.441452 -220.990555 -0.165533 -0.053069 0.984775 0.453362 0.591984
-0.256153 219.441452 -220.990555 -0.165533 -0.053069 0.984775 0.453362 0.591984
17.572781 219.293076 -222.421555 0.209408 0.098092 0.972896 0.474389 0.591930
-3.163471 292.810974 -227.844620 0.126908 0.116517 0.985047 0.450242 0.617194
-0.256153 219.441452 -220.990555 -0.165533 -0.053069 0.984775 0.453362 0.591984
92.732559 92.519516 -228.409653 0.546420 0.400696 0.735437 0.693259 0.541328
17.572781 219.293076 -222.421555 0.209408 0.098092 0.972896 0.474389 0.591930
-0.256153 219.441452 -220.990555 -0.165533 -0.053069 0.984775 0.453362 0.591984
75.274643 100.267868 -219.525864 -0.187453 -0.139232 0.972356 0.651431 0.544326
116.392700 58.082764 -219.581375 0.142472 0.074727 0.986974 0.748132 0.528209
212.278244 290.236938 -230.324997 0.366239 0.060413 0.928558 0.974558 0.616907
214.458755 330.026001 -233.034958 0.125420 0.016624 0.991964 0.979922 0.632103
194.993790 292.809509 -224.100815 -0.011627 0.066009 0.997751 0.933370 0.617915
-38.771183 337.399109 -233.605484 0.000000 -1.000000 0.000000 0.408624 0.632504
-36.660580 337.393982 -233.605515 0.000000 -1.000000 0.000000 0.411105 0.632503
-32.282490 339.057922 -233.766556 0.000000 -1.000000 0.000000 0.416260 0.633075
-36.660580 337.393982 -233.605515 0.000000 -1.000000 0.000000 0.411105 0.632503
-38.771183 337.399109 -233.605484 0.000000 -1.000000 0.000000 0.408624 0.632504
-32.282490 339.057922 -233.766556 0.000000 -1.000000 0.000000 0.416260 0.633075
167.779343 10.920609 -223.275833 0.128068 -0.060295 0.989931 0.869298 0.510175
163.448929 32.969009 -223.089462 0.092939 0.162383 0.982341 0.859098 0.518602
154.761063 26.117294 -227.115128 -0.248336 -0.096182 0.963887 0.839017 0.515965
154.761063 26.117294 -227.115128 -0.248336 -0.096182 0.963887 0.839017 0.515965
154.504486 10.892593 -222.987473 -0.245460 0.141186 0.959071 0.838055 0.510164
167.779343 10.920609 -223.275833 0.128068 -0.060295 0.989931 0.869298 0.510175
147.736923 -78.250801 -231.577316 0.089626 0.004017 0.995967 0.822887 0.476054
175.771469 23.187012 -223.935715 0.721838 0.256777 0.642663 0.888151 0.514862
167.779343 10.920609 -223.275833 0.128068 -0.060295 0.989931 0.869298 0.510175
154.504486 10.892593 -222.987473 -0.245460 0.141186 0.959071 0.838055 0.510164
154.761063 26.117294 -227.115128 -0.248336 -0.096182 0.963887 0.839017 0.515965
148.797501 21.194504 -230.536880 -0.404975 -0.121073 0.906276 0.825291 0.514067
174.784592 54.054245 -227.608078 0.466758 0.192557 0.863168 0.886149 0.526643
153.800674 247.939560 -227.639542 -0.354014 -0.028354 0.934810 0.836805 0.600743
131.255096 326.834778 -231.860123 0.009917 0.025733 0.999620 0.784152 0.630875
183.568893 53.497971 -227.230179 -0.326841 -0.042445 0.944126 0.906774 0.526434
153.800674 247.939560 -227.639542 -0.354014 -0.028354 0.934810 0.836805 0.600743
174.784592 54.054245 -227.608078 0.466758 0.192557 0.863168 0.886149 0.526643
174.784592 54.054245 -227.608078 0.466758 0.192557 0.863168 0.886149 0.526643
195.604324 19.004349 -224.063553 0.448869 0.197872 0.871415 0.934802 0.513266
183.568893 53.497971 -227.230179 -0.326841 -0.042445 0.944126 0.906774 0.526434
14.628269 349.128235 -230.564163 -0.031307 -0.072404 0.996884 0.509771 0.639382
-1.226406 338.478699 -231.835556 -0.023192 -0.097473 0.994968 0.452693 0.632888
34.503292 339.492493 -230.639847 0.040618 -0.079832 0.995980 0.556517 0.635702
120.031998 285.008972 -223.462112 -0.022770 0.049389 0.998520 0.757028 0.614924
142.498077 154.317062 -221.885635 -0.275640 -0.075754 0.958271 0.809724 0.564984
131.877945 271.857727 -225.063583 0.390768 0.084100 0.916639 0.785025 0.609893
174.784592 54.054245 -227.608078 0.466758 0.192557 0.863168 0.886149 0.526643
131.877945 271.857727 -225.063583 0.390768 0.084100 0.916639 0.785025 0.609893
168.935089 60.936523 -222.080490 0.099690 -0.043707 0.994058 0.871912 0.529297
211.820908 -115.938896 -228.470596 -0.477249 -0.030003 0.878256 0.973322 0.461674
211.608780 -119.281418 -215.167831 0.151240 -0.105964 0.982801 0.971666 0.460455
202.149124 -42.282486 -231.210007 -0.001276 0.051395 0.998678 0.950815 0.489812
46.750973 200.943344 -227.012375 -0.453284 -0.191771 0.870493 0.585004 0.582767
96.377304 113.605209 -221.194748 -0.399190 -0.213621 0.891635 0.701203 0.549419
39.692677 242.551498 -222.254288 -0.133112 0.028194 0.990700 0.567991 0.598689
25.044910 282.386536 -225.618729 -0.694508 -0.063196 0.716704 0.533837 0.613897
17.905025 326.777405 -231.590317 -0.055978 0.095357 0.993868 0.517566 0.630836
38.990734 208.612106 -229.512650 0.106441 0.088567 0.990367 0.566972 0.585685
-0.256153 219.441452 -220.990555 -0.165533 -0.053069 0.984775 0.453362 0.591984
-9.722713 201.444199 -228.686478 -0.362643 -0.198603 0.910520 0.442566 0.585762
63.870716 88.497787 -228.203110 -0.371858 -0.296982 0.879502 0.625367 0.539787
120.031998 285.008972 -223.462112 -0.022770 0.049389 0.998520 0.757028 0.614924
107.025711 245.273849 -230.714005 0.004128 0.029926 0.999544 0.727072 0.599703
142.498077 154.317062 -221.885635 -0.275640 -0.075754 0.958271 0.809724 0.564984
205.605667 16.459351 -222.963333 -0.284988 0.032986 0.957963 0.958226 0.512300
212.278244 290.236938 -230.324997 0.366239 0.060413 0.928558 0.974558 0.616907
198.581833 237.340866 -220.268570 -0.002335 0.005200 0.999984 0.941474 0.596732
198.581833 237.340866 -220.268570 -0.002335 0.005200 0.999984 0.941474 0.596732
189.838028 239.996445 -226.197220 -0.518921 -0.016270 0.854667 0.921427 0.597720
205.605667 16.459351 -222.963333 -0.284988 0.032986 0.957963 0.958226 0.512300
66.761902 193.122238 -223.239456 0.381783 0.158028 0.910642 0.631735 0.579797
136.629074 61.084015 -221.457474 0.239467 0.178488 0.954357 0.795885 0.529351
124.424622 80.233994 -229.507004 0.488893 0.375064 0.787598 0.767884 0.536633
124.424622 80.233994 -229.507004 0.488893 0.375064 0.787598 0.767884 0.536633
89.381668 162.569443 -230.142624 0.214070 0.098866 0.971802 0.685530 0.568093
66.761902 193.122238 -223.239456 0.381783 0.158028 0.910642 0.631735 0.579797
66.761902 193.122238 -223.239456 0.381783 0.158028 0.910642 0.631735 0.579797
39.692677 242.551498 -222.254288 -0.133112 0.028194 0.990700 0.567991 0.598689
96.377304 113.605209 -221.194748 -0.399190 -0.213621 0.891635 0.701203 0.549419
96.377304 113.605209 -221.194748 -0.399190 -0.213621 0.891635 0.701203 0.549419
136.629074 61.084015 -221.457474 0.239467 0.178488 0.954357 0.795885 0.529351
66.761902 193.122238 -223.239456 0.381783 0.158028 0.910642 0.631735 0.579797
-3.163471 292.810974 -227.844620 0.126908 0.116517 0.985047 0.450242 0.617194
17.572781 219.293076 -222.421555 0.209408 0.098092 0.972896 0.474389 0.591930
92.732559 92.519516 -228.409653 0.546420 0.400696 0.735437 0.693259 0.541328
193.679199 4.404053 -218.780746 0.047540 0.107063 0.993115 0.929815 0.507709
202.149124 -42.282486 -231.210007 -0.001276 0.051395 0.998678 0.950815 0.489812
202.249313 1.626434 -225.005447 0.269398 -0.050821 0.961687 0.950511 0.506621
202.249313 1.626434 -225.005447 0.269398 -0.050821 0.961687 0.950511 0.506621
202.149124 -42.282486 -231.210007 -0.001276 0.051395 0.998678 0.950815 0.489812
205.605667 16.459351 -222.963333 -0.284988 0.032986 0.957963 0.958226 0.512300
123.078995 -68.449623 -212.009933 -0.018243 0.013069 0.999748 0.763198 0.479882
154.504486 10.892593 -222.987473 -0.245460 0.141186 0.959071 0.838055 0.510164
118.922180 -60.300430 -227.576218 -0.830180 0.350276 0.433714 0.754776 0.482928
59.938427 338.734314 -231.773819 -0.018314 -0.076574 0.996896 0.616431 0.635412
99.228363 338.197632 -231.435226 0.010964 -0.115221 0.993279 0.708798 0.635215
82.035797 350.022766 -229.900589 -0.010490 -0.143676 0.989569 0.668234 0.639738
179.912567 350.303833 -230.397446 -0.032598 -0.074271 0.996705 0.898451 0.639859
168.919083 338.862061 -231.609604 -0.013105 -0.040190 0.999106 0.872703 0.635479
199.360794 338.196289 -230.663589 0.052257 -0.077004 0.995660 0.944210 0.635234
102.834625 211.153183 -224.800247 0.478021 0.150624 0.865337 0.716702 0.586688
142.345108 65.344482 -222.085129 -0.285987 -0.266134 0.920534 0.809382 0.530977
163.551956 58.619736 -226.761917 -0.172207 -0.071001 0.982499 0.859660 0.528390
79.602432 282.391479 -223.032669 0.013418 0.040324 0.999097 0.661914 0.613919
142.345108 65.344482 -222.085129 -0.285987 -0.266134 0.920534 0.809382 0.530977
102.834625 211.153183 -224.800247 0.478021 0.150624 0.865337 0.716702 0.586688
158.605011 -111.628860 -210.036942 0.188672 0.136449 0.972515 0.846572 0.463393
163.554276 -67.008736 -219.688339 0.085380 0.057223 0.994704 0.859050 0.480406
147.736923 -78.250801 -231.577316 0.089626 0.004017 0.995967 0.822887 0.476054
158.605011 -111.628860 -210.036942 0.188672 0.136449 0.972515 0.846572 0.463393
166.203476 -110.436615 -229.504074 -0.090881 0.112869 0.989445 0.866134 0.463765
163.554276 -67.008736 -219.688339 0.085380 0.057223 0.994704 0.859050 0.480406
142.345108 65.344482 -222.085129 -0.285987 -0.266134 0.920534 0.809382 0.530977
175.771469 23.187012 -223.935715 0.721838 0.256777 0.642663 0.888151 0.514862
176.354233 22.403137 -226.650986 0.356371 0.076764 0.931186 0.889757 0.514551
176.354233 22.403137 -226.650986 0.356371 0.076764 0.931186 0.889757 0.514551
163.551956 58.619736 -226.761917 -0.172207 -0.071001 0.982499 0.859660 0.528390
142.345108 65.344482 -222.085129 -0.285987 -0.266134 0.920534 0.809382 0.530977
175.771469 23.187012 -223.935715 0.721838 0.256777 0.642663 0.888151 0.514862
163.554276 -67.008736 -219.688339 0.085380 0.057223 0.994704 0.859050 0.480406
176.354233 22.403137 -226.650986 0.356371 0.076764 0.931186 0.889757 0.514551
202.249313 1.626434 -225.005447 0.269398 -0.050821 0.961687 0.950511 0.506621
195.604324 19.004349 -224.063553 0.448869 0.197872 0.871415 0.934802 0.513266
193.679199 4.404053 -218.780746 0.047540 0.107063 0.993115 0.929815 0.507709
193.679199 4.404053 -218.780746 0.047540 0.107063 0.993115 0.929815 0.507709
195.604324 19.004349 -224.063553 0.448869 0.197872 0.871415 0.934802 0.513266
185.506729 7.409576 -223.767624 -0.042238 0.087626 0.995258 0.911030 0.508834
154.761063 26.117294 -227.115128 -0.248336 -0.096182 0.963887 0.839017 0.515965
163.448929 32.969009 -223.089462 0.092939 0.162383 0.982341 0.859098 0.518602
122.764755 56.171661 -228.422440 -0.704504 -0.624756 -0.336681 0.763886 0.527441
122.764755 56.171661 -228.422440 -0.704504 -0.624756 -0.336681 0.763886 0.527441
92.732559 92.519516 -228.409653 0.546420 0.400696 0.735437 0.693259 0.541328
154.761063 26.117294 -227.115128 -0.248336 -0.096182 0.963887 0.839017 0.515965
173.340744 324.881592 -232.144852 -0.011708 0.010723 0.999874 0.883148 0.630134
197.095627 88.737564 -228.018021 -0.433068 -0.034816 0.900688 0.938653 0.539901
189.838028 239.996445 -226.197220 -0.518921 -0.016270 0.854667 0.921427 0.597720
173.340744 324.881592 -232.144852 -0.011708 0.010723 0.999874 0.883148 0.630134
189.838028 239.996445 -226.197220 -0.518921 -0.016270 0.854667 0.921427 0.597720
194.993790 292.809509 -224.100815 -0.011627 0.066009 0.997751 0.933370 0.617915
185.443359 -115.131805 -214.182358 0.606058 0.124382 0.785635 0.910047 0.462041
180.982773 -51.779556 -220.771255 -0.010008 0.071534 0.997388 0.900131 0.486225
170.865967 -114.296974 -217.097733 -0.584927 0.120429 0.802096 0.876020 0.462345
-4.802402 329.731750 -232.764511 -0.003899 -0.005396 0.999978 0.448529 0.629875
30.631641 328.169067 -231.365067 0.032523 0.012241 0.999396 0.547475 0.631371
-1.226406 338.478699 -231.835556 -0.023192 -0.097473 0.994968 0.452693 0.632888
214.458755 330.026001 -233.034958 0.125420 0.016624 0.991964 0.979922 0.632103
199.360794 338.196289 -230.663589 0.052257 -0.077004 0.995660 0.944210 0.635234
193.910568 326.779602 -231.235550 0.005529 0.077343 0.996989 0.931443 0.630867
153.800674 247.939560 -227.639542 -0.354014 -0.028354 0.934810 0.836805 0.600743
155.880051 329.366211 -231.915512 -0.009300 0.026887 0.999595 0.842067 0.631846
131.255096 326.834778 -231.860123 0.009917 0.025733 0.999620 0.784152 0.630875
155.880051 329.366211 -231.915512 -0.009300 0.026887 0.999595 0.842067 0.631846
168.919083 338.862061 -231.609604 -0.013105 -0.040190 0.999106 0.872703 0.635479
131.255096 326.834778 -231.860123 0.009917 0.025733 0.999620 0.784152 0.630875
-21.957752 349.040833 -230.059311 0.008630 -0.149340 0.988748 0.428239 0.636525
-39.234562 338.432495 -231.510788 -0.017237 -0.130231 0.991334 0.407988 0.632868
-1.226406 338.478699 -231.835556 -0.023192 -0.097473 0.994968 0.452693 0.632888
30.631641 328.169067 -231.365067 0.032523 0.012241 0.999396 0.547475 0.631371
89.381668 162.569443 -230.142624 0.214070 0.098866 0.971802 0.685530 0.568093
48.972149 328.390747 -232.848679 0.005591 -0.010684 0.999927 0.590735 0.631452
48.972149 328.390747 -232.848679 0.005591 -0.010684 0.999927 0.590735 0.631452
45.168240 348.796692 -230.703049 0.047607 -0.096375 0.994206 0.581603 0.639260
30.631641 328.169067 -231.365067 0.032523 0.012241 0.999396 0.547475 0.631371
190.429062 106.587631 -227.797928 0.355701 0.048788 0.933326 0.922956 0.546723
197.095627 88.737564 -228.018021 -0.433068 -0.034816 0.900688 0.938653 0.539901
173.340744 324.881592 -232.144852 -0.011708 0.010723 0.999874 0.883148 0.630134
183.507889 88.510361 -221.158279 -0.086215 -0.043658 0.995319 0.906103 0.539842
198.838669 19.069946 -229.613327 0.128690 0.160874 0.978549 0.942891 0.513267
190.429062 106.587631 -227.797928 0.355701 0.048788 0.933326 0.922956 0.546723
190.429062 106.587631 -227.797928 0.355701 0.048788 0.933326 0.922956 0.546723
160.855637 279.767090 -222.942123 -0.157536 0.068621 0.985126 0.852987 0.612930
183.507889 88.510361 -221.158279 -0.086215 -0.043658 0.995319 0.906103 0.539842
174.784592 54.054245 -227.608078 0.466758 0.192557 0.863168 0.886149 0.526643
185.506729 7.409576 -223.767624 -0.042238 0.087626 0.995258 0.911030 0.508834
195.604324 19.004349 -224.063553 0.448869 0.197872 0.871415 0.934802 0.513266
174.784592 54.054245 -227.608078 0.466758 0.192557 0.863168 0.886149 0.526643
168.935089 60.936523 -222.080490 0.099690 -0.043707 0.994058 0.871912 0.529297
183.354111 28.322922 -223.798050 0.909619 -0.015284 0.415161 0.905971 0.516827
124.424622 80.233994 -229.507004 0.488893 0.375064 0.787598 0.767884 0.536633
79.602432 282.391479 -223.032669 0.013418 0.040324 0.999097 0.661914 0.613919
89.381668 162.569443 -230.142624 0.214070 0.098866 0.971802 0.685530 0.568093
168.935089 60.936523 -222.080490 0.099690 -0.043707 0.994058 0.871912 0.529297
131.877945 271.857727 -225.063583 0.390768 0.084100 0.916639 0.785025 0.609893
142.498077 154.317062 -221.885635 -0.275640 -0.075754 0.958271 0.809724 0.564984
163.551956 58.619736 -226.761917 -0.172207 -0.071001 0.982499 0.859660 0.528390
168.935089 60.936523 -222.080490 0.099690 -0.043707 0.994058 0.871912 0.529297
142.498077 154.317062 -221.885635 -0.275640 -0.075754 0.958271 0.809724 0.564984
217.904129 -118.697777 -229.052780 0.903693 0.054366 0.424715 0.987678 0.460618
209.371933 16.312256 -223.665604 0.219213 0.054130 0.974174 0.967145 0.512241
209.204056 -85.437828 -214.798508 -0.118663 -0.032390 0.992406 0.965979 0.473391
209.371933 16.312256 -223.665604 0.219213 0.054130 0.974174 0.967145 0.512241
205.605667 16.459351 -222.963333 -0.284988 0.032986 0.957963 0.958226 0.512300
209.204056 -85.437828 -214.798508 -0.118663 -0.032390 0.992406 0.965979 0.473391
212.278244 290.236938 -230.324997 0.366239 0.060413 0.928558 0.974558 0.616907
205.605667 16.459351 -222.963333 -0.284988 0.032986 0.957963 0.958226 0.512300
209.371933 16.312256 -223.665604 0.219213 0.054130 0.974174 0.967145 0.512241
175.771469 23.187012 -223.935715 0.721838 0.256777 0.642663 0.888151 0.514862
163.448929 32.969009 -223.089462 0.092939 0.162383 0.982341 0.859098 0.518602
167.779343 10.920609 -223.275833 0.128068 -0.060295 0.989931 0.869298 0.510175
124.424622 80.233994 -229.507004 0.488893 0.375064 0.787598 0.767884 0.536633
163.448929 32.969009 -223.089462 0.092939 0.162383 0.982341 0.859098 0.518602
175.771469 23.187012 -223.935715 0.721838 0.256777 0.642663 0.888151 0.514862
135.651779 -78.365685 -216.708359 -0.220605 0.240502 0.945247 0.793174 0.476074
135.399429 -99.490273 -212.408310 0.445852 -0.094360 0.890119 0.792206 0.468019
147.736923 -78.250801 -231.577316 0.089626 0.004017 0.995967 0.822887 0.476054
135.651779 -78.365685 -216.708359 -0.220605 0.240502 0.945247 0.793174 0.476074
125.938019 -89.381432 -233.975021 -0.371271 -0.002131 0.928522 0.771832 0.471786
135.399429 -99.490273 -212.408310 0.445852 -0.094360 0.890119 0.792206 0.468019
170.865967 -114.296974 -217.097733 -0.584927 0.120429 0.802096 0.876020 0.462345
180.982773 -51.779556 -220.771255 -0.010008 0.071534 0.997388 0.900131 0.486225
174.058090 -52.060547 -229.561905 -0.067581 0.035620 0.997078 0.884611 0.486077
166.203476 -110.436615 -229.504074 -0.090881 0.112869 0.989445 0.866134 0.463765
174.058090 -52.060547 -229.561905 -0.067581 0.035620 0.997078 0.884611 0.486077
163.554276 -67.008736 -219.688339 0.085380 0.057223 0.994704 0.859050 0.480406
148.422211 349.527039 -230.131546 0.026710 -0.096002 0.995023 0.824373 0.639558
131.255096 326.834778 -231.860123 0.009917 0.025733 0.999620 0.784152 0.630875
168.919083 338.862061 -231.609604 -0.013105 -0.040190 0.999106 0.872703 0.635479
83.668839 326.714783 -231.461227 0.017770 0.121553 0.992426 0.672210 0.630823
107.025711 245.273849 -230.714005 0.004128 0.029926 0.999544 0.727072 0.599703
120.031998 285.008972 -223.462112 -0.022770 0.049389 0.998520 0.757028 0.614924
83.668839 326.714783 -231.461227 0.017770 0.121553 0.992426 0.672210 0.630823
102.834625 211.153183 -224.800247 0.478021 0.150624 0.865337 0.716702 0.586688
107.025711 245.273849 -230.714005 0.004128 0.029926 0.999544 0.727072 0.599703
-53.571980 329.535034 -232.958328 -0.043134 0.005385 0.999055 0.391192 0.629799
-43.887806 282.282227 -230.032852 -0.098370 0.049183 0.993934 0.402452 0.613558
-3.163471 292.810974 -227.844620 0.126908 0.116517 0.985047 0.450242 0.617194
147.736923 -78.250801 -231.577316 0.089626 0.004017 0.995967 0.822887 0.476054
135.399429 -99.490273 -212.408310 0.445852 -0.094360 0.890119 0.792206 0.468019
140.586105 -104.935944 -235.585403 -0.028329 -0.141045 0.989598 0.806419 0.465836
158.605011 -111.628860 -210.036942 0.188672 0.136449 0.972515 0.846572 0.463393
147.736923 -78.250801 -231.577316 0.089626 0.004017 0.995967 0.822887 0.476054
140.586105 -104.935944 -235.585403 -0.028329 -0.141045 0.989598 0.806419 0.465836
198.838669 19.069946 -229.613327 0.128690 0.160874 0.978549 0.942891 0.513267
197.095627 88.737564 -228.018021 -0.433068 -0.034816 0.900688 0.938653 0.539901
190.429062 106.587631 -227.797928 0.355701 0.048788 0.933326 0.922956 0.546723
75.274643 100.267868 -219.525864 -0.187453 -0.139232 0.972356 0.651431 0.544326
63.870716 88.497787 -228.203110 -0.371858 -0.296982 0.879502 0.625367 0.539787
116.392700 58.082764 -219.581375 0.142472 0.074727 0.986974 0.748132 0.528209
-0.256153 219.441452 -220.990555 -0.165533 -0.053069 0.984775 0.453362 0.591984
63.870716 88.497787 -228.203110 -0.371858 -0.296982 0.879502 0.625367 0.539787
75.274643 100.267868 -219.525864 -0.187453 -0.139232 0.972356 0.651431 0.544326
96.377304 113.605209 -221.194748 -0.399190 -0.213621 0.891635 0.701203 0.549419
122.764755 56.171661 -228.422440 -0.704504 -0.624756 -0.336681 0.763886 0.527441
136.629074 61.084015 -221.457474 0.239467 0.178488 0.954357 0.795885 0.529351
170.865967 -114.296974 -217.097733 -0.584927 0.120429 0.802096 0.876020 0.462345
174.058090 -52.060547 -229.561905 -0.067581 0.035620 0.997078 0.884611 0.486077
166.203476 -110.436615 -229.504074 -0.090881 0.112869 0.989445 0.866134 0.463765
214.458755 330.026001 -233.034958 0.125420 0.016624 0.991964 0.979922 0.632103
193.910568 326.779602 -231.235550 0.005529 0.077343 0.996989 0.931443 0.630867
194.993790 292.809509 -224.100815 -0.011627 0.066009 0.997751 0.933370 0.617915
118.922180 -60.300430 -227.576218 -0.830180 0.350276 0.433714 0.754776 0.482928
119.058197 -81.144615 -213.112534 0.651760 -0.268048 0.709478 0.753838 0.475025
123.078995 -68.449623 -212.009933 -0.018243 0.013069 0.999748 0.763198 0.479882
123.078995 -68.449623 -212.009933 -0.018243 0.013069 0.999748 0.763198 0.479882
119.058197 -81.144615 -213.112534 0.651760 -0.268048 0.709478 0.753838 0.475025
125.938019 -89.381432 -233.975021 -0.371271 -0.002131 0.928522 0.771832 0.471786
39.692677 242.551498 -222.254288 -0.133112 0.028194 0.990700 0.567991 0.598689
66.761902 193.122238 -223.239456 0.381783 0.158028 0.910642 0.631735 0.579797
25.044910 282.386536 -225.618729 -0.694508 -0.063196 0.716704 0.533837 0.613897
39.692677 242.551498 -222.254288 -0.133112 0.028194 0.990700 0.567991 0.598689
25.044910 282.386536 -225.618729 -0.694508 -0.063196 0.716704 0.533837 0.613897
46.750973 200.943344 -227.012375 -0.453284 -0.191771 0.870493 0.585004 0.582767
17.905025 326.777405 -231.590317 -0.055978 0.095357 0.993868 0.517566 0.630836
30.631641 328.169067 -231.365067 0.032523 0.012241 0.999396 0.547475 0.631371
-4.802402 329.731750 -232.764511 -0.003899 -0.005396 0.999978 0.448529 0.629875
211.608780 -119.281418 -215.167831 0.151240 -0.105964 0.982801 0.971666 0.460455
217.904129 -118.697777 -229.052780 0.903693 0.054366 0.424715 0.987678 0.460618
209.204056 -85.437828 -214.798508 -0.118663 -0.032390 0.992406 0.965979 0.473391
209.204056 -85.437828 -214.798508 -0.118663 -0.032390 0.992406 0.965979 0.473391
202.149124 -42.282486 -231.210007 -0.001276 0.051395 0.998678 0.950815 0.489812
211.608780 -119.281418 -215.167831 0.151240 -0.105964 0.982801 0.971666 0.460455
63.870716 88.497787 -228.203110 -0.371858 -0.296982 0.879502 0.625367 0.539787
135.453079 27.648392 -226.667526 -0.048143 -0.301993 0.952094 0.793572 0.516549
116.392700 58.082764 -219.581375 0.142472 0.074727 0.986974 0.748132 0.528209
135.453079 27.648392 -226.667526 -0.048143 -0.301993 0.952094 0.793572 0.516549
154.761063 26.117294 -227.115128 -0.248336 -0.096182 0.963887 0.839017 0.515965
116.392700 58.082764 -219.581375 0.142472 0.074727 0.986974 0.748132 0.528209
131.255096 326.834778 -231.860123 0.009917 0.025733 0.999620 0.784152 0.630875
114.664337 349.414856 -231.232010 -0.020858 -0.069836 0.997340 0.745081 0.639505
106.220230 328.638672 -232.601242 0.008173 0.065602 0.997812 0.725342 0.631557
106.220230 328.638672 -232.601242 0.008173 0.065602 0.997812 0.725342 0.631557
120.031998 285.008972 -223.462112 -0.022770 0.049389 0.998520 0.757028 0.614924
131.255096 326.834778 -231.860123 0.009917 0.025733 0.999620 0.784152 0.630875
214.458755 330.026001 -233.034958 0.125420 0.016624 0.991964 0.979922 0.632103
214.593735 351.401001 -231.092606 0.106467 -0.090650 0.990175 0.980071 0.640281
199.360794 338.196289 -230.663589 0.052257 -0.077004 0.995660 0.944210 0.635234
30.631641 328.169067 -231.365067 0.032523 0.012241 0.999396 0.547475 0.631371
45.168240 348.796692 -230.703049 0.047607 -0.096375 0.994206 0.581603 0.639260
34.503292 339.492493 -230.639847 0.040618 -0.079832 0.995980 0.556517 0.635702
38.990734 208.612106 -229.512650 0.106441 0.088567 0.990367 0.566972 0.585685
46.750973 200.943344 -227.012375 -0.453284 -0.191771 0.870493 0.585004 0.582767
25.044910 282.386536 -225.618729 -0.694508 -0.063196 0.716704 0.533837 0.613897
197.875351 -119.798859 -209.127914 -0.122154 0.102995 0.987153 0.938844 0.460281
193.679199 4.404053 -218.780746 0.047540 0.107063 0.993115 0.929815 0.507709
195.111496 -86.077721 -214.331833 -0.899690 0.004636 0.436506 0.932797 0.473146
195.111496 -86.077721 -214.331833 -0.899690 0.004636 0.436506 0.932797 0.473146
188.809372 -117.190140 -231.853287 -0.157908 0.084638 0.983820 0.919500 0.461177
197.875351 -119.798859 -209.127914 -0.122154 0.102995 0.987153 0.938844 0.460281
185.506729 7.409576 -223.767624 -0.042238 0.087626 0.995258 0.911030 0.508834
174.784592 54.054245 -227.608078 0.466758 0.192557 0.863168 0.886149 0.526643
183.354111 28.322922 -223.798050 0.909619 -0.015284 0.415161 0.905971 0.516827
183.354111 28.322922 -223.798050 0.909619 -0.015284 0.415161 0.905971 0.516827
180.982773 -51.779556 -220.771255 -0.010008 0.071534 0.997388 0.900131 0.486225
185.506729 7.409576 -223.767624 -0.042238 0.087626 0.995258 0.911030 0.508834
-39.234562 338.432495 -231.510788 -0.017237 -0.130231 0.991334 0.407988 0.632868
-49.960545 346.315613 -232.236923 -0.085395 -0.024442 0.996047 0.395407 0.635575
-53.571980 329.535034 -232.958328 -0.043134 0.005385 0.999055 0.391192 0.629799
202.249313 1.626434 -225.005447 0.269398 -0.050821 0.961687 0.950511 0.506621
205.605667 16.459351 -222.963333 -0.284988 0.032986 0.957963 0.958226 0.512300
198.838669 19.069946 -229.613327 0.128690 0.160874 0.978549 0.942891 0.513267
202.249313 1.626434 -225.005447 0.269398 -0.050821 0.961687 0.950511 0.506621
198.838669 19.069946 -229.613327 0.128690 0.160874 0.978549 0.942891 0.513267
195.604324 19.004349 -224.063553 0.448869 0.197872 0.871415 0.934802 0.513266
-206.677963 162.569382 -230.138687 -0.214053 0.098870 0.971806 0.689535 0.565020
-166.268341 328.390686 -232.845840 -0.005564 -0.010684 0.999927 0.784330 0.628379
-196.898880 282.391418 -223.029007 -0.013400 0.040326 0.999097 0.713151 0.610846
-271.097015 247.939499 -227.633835 0.354033 -0.028354 0.934803 0.538260 0.597670
-278.152100 279.767029 -222.936234 0.157543 0.068621 0.985125 0.522078 0.609857
-300.804443 88.510361 -221.151810 0.086215 -0.043655 0.995320 0.468962 0.536769
-300.804443 88.510361 -221.151810 0.086215 -0.043655 0.995320 0.468962 0.536769
-300.865265 53.497955 -227.223709 0.326856 -0.042442 0.944121 0.468290 0.523361
-271.097015 247.939499 -227.633835 0.354033 -0.028354 0.934803 0.538260 0.597670
-310.975800 4.404037 -218.774002 -0.047532 0.107062 0.993115 0.445249 0.504636
-312.408234 -86.077721 -214.325027 0.899682 0.004636 0.436520 0.442268 0.470073
-306.105621 -117.190140 -231.846664 0.157886 0.084642 0.983823 0.455564 0.458104
-306.105621 -117.190140 -231.846664 0.157886 0.084642 0.983823 0.455564 0.458104
-302.803192 7.409576 -223.761093 0.042254 0.087623 0.995257 0.464034 0.505761
-310.975800 4.404037 -218.774002 -0.047532 0.107062 0.993115 0.445249 0.504636
-278.152100 279.767029 -222.936234 0.157543 0.068621 0.985125 0.522078 0.609857
-271.097015 247.939499 -227.633835 0.354033 -0.028354 0.934803 0.538260 0.597670
-273.176270 329.366150 -231.909775 0.009328 0.026886 0.999595 0.532998 0.628773
-184.058365 193.122177 -223.236130 -0.381767 0.158031 0.910648 0.743330 0.576724
-147.927856 328.169006 -231.362717 -0.032496 0.012242 0.999397 0.827590 0.628298
-206.677963 162.569382 -230.138687 -0.214053 0.098870 0.971806 0.689535 0.565020
-285.075836 10.920593 -223.269791 -0.128043 -0.060296 0.989934 0.505766 0.507103
-243.234177 -89.381439 -233.970108 0.371259 -0.002139 0.928527 0.603233 0.468713
-271.800964 10.892578 -222.981766 0.245476 0.141182 0.959067 0.537009 0.507091
-265.033203 -78.250801 -231.571823 -0.089629 0.004011 0.995967 0.552177 0.472981
-293.067932 23.187012 -223.929428 -0.721839 0.256779 0.642661 0.486914 0.511789
-280.850861 -67.008751 -219.682388 -0.085381 0.057219 0.994704 0.516014 0.477333
-210.028885 92.519455 -228.405624 -0.546413 0.400705 0.735437 0.681805 0.538255
-114.132828 292.810913 -227.843216 -0.126884 0.116518 0.985050 0.901990 0.614794
-156.287003 208.612106 -229.510086 -0.106424 0.088571 0.990368 0.808093 0.582612
-248.551315 326.834717 -231.855057 -0.009890 0.025733 0.999620 0.590913 0.627802
-249.174362 271.857727 -225.058487 -0.390753 0.084102 0.916646 0.590039 0.606820
-237.328445 285.008911 -223.457352 0.022793 0.049390 0.998519 0.618036 0.611851
-223.516403 328.638672 -232.596848 -0.008146 0.065603 0.997813 0.649722 0.628484
-237.328445 285.008911 -223.457352 0.022793 0.049390 0.998519 0.618036 0.611851
-200.965042 326.714722 -231.457443 -0.017743 0.121552 0.992426 0.702855 0.627750
-200.965042 326.714722 -231.457443 -0.017743 0.121552 0.992426 0.702855 0.627750
-177.234634 338.734253 -231.770676 0.018342 -0.076574 0.996895 0.758634 0.632339
-223.516403 328.638672 -232.596848 -0.008146 0.065603 0.997813 0.649722 0.628484
-240.061081 56.171646 -228.417587 0.704498 -0.624757 -0.336692 0.611178 0.524368
-253.925613 61.084000 -221.452255 -0.239458 0.178503 0.954357 0.579180 0.526278
-280.745422 32.968994 -223.083511 -0.092919 0.162389 0.982342 0.515966 0.515530
-156.287003 208.612106 -229.510086 -0.106424 0.088571 0.990368 0.808093 0.582612
-164.047318 200.943283 -227.009598 0.453299 -0.191768 0.870486 0.790061 0.579694
-213.673813 113.605209 -221.190628 0.399200 -0.213613 0.891632 0.673862 0.546346
-213.673813 113.605209 -221.190628 0.399200 -0.213613 0.891632 0.673862 0.546346
-240.061081 56.171646 -228.417587 0.704498 -0.624757 -0.336692 0.611178 0.524368
-156.287003 208.612106 -229.510086 -0.106424 0.088571 0.990368 0.808093 0.582612
-252.948441 -78.365692 -216.703171 0.220595 0.240494 0.945252 0.581891 0.473001
-243.234177 -89.381439 -233.970108 0.371259 -0.002139 0.928527 0.603233 0.468713
-285.075836 10.920593 -223.269791 -0.128043 -0.060296 0.989934 0.505766 0.507103
-311.206818 326.779541 -231.228775 -0.005502 0.077342 0.996989 0.443622 0.627794
-312.290222 292.809448 -224.094009 0.011648 0.066010 0.997751 0.441695 0.614842
-290.636993 324.881531 -232.138657 0.011735 0.010720 0.999874 0.491916 0.627061
-290.636993 324.881531 -232.138657 0.011735 0.010720 0.999874 0.491916 0.627061
-273.176270 329.366150 -231.909775 0.009328 0.026886 0.999595 0.532998 0.628773
-311.206818 326.779541 -231.228775 -0.005502 0.077342 0.996989 0.443622 0.627794
-312.290222 292.809448 -224.094009 0.011648 0.066010 0.997751 0.441695 0.614842
-315.878357 237.340866 -220.261642 0.002346 0.005200 0.999984 0.433590 0.593659
-307.134430 239.996384 -226.190536 0.518934 -0.016270 0.854659 0.453637 0.594647
-259.641602 65.344467 -222.079758 0.286000 -0.266125 0.920533 0.565683 0.527905
-293.067932 23.187012 -223.929428 -0.721839 0.256779 0.642661 0.486914 0.511789
-241.720901 80.233994 -229.502121 -0.488890 0.375076 0.787594 0.607180 0.533560
-241.720901 80.233994 -229.502121 -0.488890 0.375076 0.787594 0.607180 0.533560
-196.898880 282.391418 -223.029007 -0.013400 0.040326 0.999097 0.713151 0.610846
-259.641602 65.344467 -222.079758 0.286000 -0.266125 0.920533 0.565683 0.527905
-241.720901 80.233994 -229.502121 -0.488890 0.375076 0.787594 0.607180 0.533560
-280.745422 32.968994 -223.083511 -0.092919 0.162389 0.982342 0.515966 0.515530
-253.925613 61.084000 -221.452255 -0.239458 0.178503 0.954357 0.579180 0.526278
-117.040359 219.441391 -220.989029 0.165556 -0.053067 0.984772 0.897621 0.586782
-210.028885 92.519455 -228.405624 -0.546413 0.400705 0.735437 0.681805 0.538255
-233.689255 58.082748 -219.576706 -0.142459 0.074741 0.986975 0.626932 0.525136
-300.650574 28.322906 -223.791550 -0.909612 -0.015281 0.415178 0.469094 0.513754
-298.279327 -51.779572 -220.764816 0.010002 0.071531 0.997388 0.474934 0.483152
-291.354370 -52.060547 -229.555679 0.067574 0.035616 0.997078 0.490454 0.483004
-117.040359 219.441391 -220.989029 0.165556 -0.053067 0.984772 0.897621 0.586782
-107.573593 201.444199 -228.685257 0.362664 -0.198601 0.910512 0.912736 0.579869
-73.408463 282.282227 -230.032516 0.098395 0.049183 0.993931 0.968896 0.610754
-63.724201 329.535034 -232.958267 0.043161 0.005385 0.999054 0.984659 0.628799
-116.069794 338.478638 -231.834061 0.023219 -0.097475 0.994967 0.898558 0.632231
-112.493774 329.731750 -232.763138 0.003927 -0.005398 0.999978 0.904388 0.628883
-112.493774 329.731750 -232.763138 0.003927 -0.005398 0.999978 0.904388 0.628883
-114.132828 292.810913 -227.843216 -0.126884 0.116518 0.985050 0.901990 0.614794
-63.724201 329.535034 -232.958267 0.043161 0.005385 0.999054 0.984659 0.628799
-220.131058 211.153183 -224.795944 -0.478006 0.150627 0.865345 0.658363 0.583615
-224.321945 245.273849 -230.709610 -0.004109 0.029928 0.999544 0.647992 0.596630
-280.848328 58.619720 -226.755966 0.172224 -0.070997 0.982496 0.515404 0.525317
-142.341293 282.386475 -225.616531 0.694508 -0.063194 0.716704 0.841228 0.610824
-135.201233 326.777344 -231.588333 0.056006 0.095353 0.993867 0.857499 0.627763
-147.927856 328.169006 -231.362717 -0.032496 0.012242 0.999397 0.827590 0.628298
-147.927856 328.169006 -231.362717 -0.032496 0.012242 0.999397 0.827590 0.628298
-184.058365 193.122177 -223.236130 -0.381767 0.158031 0.910648 0.743330 0.576724
-142.341293 282.386475 -225.616531 0.694508 -0.063194 0.716704 0.841228 0.610824
-315.878357 237.340866 -220.261642 0.002346 0.005200 0.999984 0.433590 0.593659
-312.290222 292.809448 -224.094009 0.011648 0.066010 0.997751 0.441695 0.614842
-329.574554 290.236877 -230.317734 -0.366220 0.060415 0.928565 0.400506 0.613834
-326.500763 -85.437828 -214.791336 0.118643 -0.032388 0.992409 0.409086 0.470318
-319.445374 -42.282501 -231.202988 0.001256 0.051397 0.998677 0.424249 0.486739
-322.902161 16.459335 -222.956253 0.284998 0.032987 0.957960 0.416838 0.509227
-322.902161 16.459335 -222.956253 0.284998 0.032987 0.957960 0.416838 0.509227
-316.134979 19.069931 -229.606400 -0.128698 0.160879 0.978547 0.432173 0.510195
-314.391968 88.737534 -228.011154 0.433080 -0.034815 0.900683 0.436411 0.536828
-314.391968 88.737534 -228.011154 0.433080 -0.034815 0.900683 0.436411 0.536828
-307.134430 239.996384 -226.190536 0.518934 -0.016270 0.854659 0.453637 0.594647
-322.902161 16.459335 -222.956253 0.284998 0.032987 0.957960 0.416838 0.509227
-223.516403 328.638672 -232.596848 -0.008146 0.065603 0.997813 0.649722 0.628484
-177.234634 338.734253 -231.770676 0.018342 -0.076574 0.996895 0.758634 0.632339
-216.524582 338.197632 -231.431046 -0.010937 -0.115219 0.993280 0.666266 0.632142
-248.551315 326.834717 -231.855057 -0.009890 0.025733 0.999620 0.590913 0.627802
-292.080933 54.054230 -227.601822 -0.466753 0.192564 0.863169 0.488915 0.523570
-249.174362 271.857727 -225.058487 -0.390753 0.084102 0.916646 0.590039 0.606820
-291.354370 -52.060547 -229.555679 0.067574 0.035616 0.997078 0.490454 0.483004
-280.850861 -67.008751 -219.682388 -0.085381 0.057219 0.994704 0.516014 0.477333
-293.650604 22.403122 -226.644699 -0.356371 0.076770 0.931185 0.485307 0.511478
-293.650604 22.403122 -226.644699 -0.356371 0.076770 0.931185 0.485307 0.511478
-300.650574 28.322906 -223.791550 -0.909612 -0.015281 0.415178 0.469094 0.513754
-291.354370 -52.060547 -229.555679 0.067574 0.035616 0.997078 0.490454 0.483004
-252.948441 -78.365692 -216.703171 0.220595 0.240494 0.945252 0.581891 0.473001
-285.075836 10.920593 -223.269791 -0.128043 -0.060296 0.989934 0.505766 0.507103
-265.033203 -78.250801 -231.571823 -0.089629 0.004011 0.995967 0.552177 0.472981
-286.215332 338.862000 -231.603500 0.013133 -0.040191 0.999106 0.502361 0.632406
-316.657074 338.196228 -230.656662 -0.052231 -0.077005 0.995662 0.430854 0.632161
-311.206818 326.779541 -231.228775 -0.005502 0.077342 0.996989 0.443622 0.627794
-311.206818 326.779541 -231.228775 -0.005502 0.077342 0.996989 0.443622 0.627794
-273.176270 329.366150 -231.909775 0.009328 0.026886 0.999595 0.532998 0.628773
-286.215332 338.862000 -231.603500 0.013133 -0.040191 0.999106 0.502361 0.632406
-196.898880 282.391418 -223.029007 -0.013400 0.040326 0.999097 0.713151 0.610846
-166.268341 328.390686 -232.845840 -0.005564 -0.010684 0.999927 0.784330 0.628379
-200.965042 326.714722 -231.457443 -0.017743 0.121552 0.992426 0.702855 0.627750
-200.965042 326.714722 -231.457443 -0.017743 0.121552 0.992426 0.702855 0.627750
-220.131058 211.153183 -224.795944 -0.478006 0.150627 0.865345 0.658363 0.583615
-196.898880 282.391418 -223.029007 -0.013400 0.040326 0.999097 0.713151 0.610846
-210.028885 92.519455 -228.405624 -0.546413 0.400705 0.735437 0.681805 0.538255
-156.287003 208.612106 -229.510086 -0.106424 0.088571 0.990368 0.808093 0.582612
-240.061081 56.171646 -228.417587 0.704498 -0.624757 -0.336692 0.611178 0.524368
-210.028885 92.519455 -228.405624 -0.546413 0.400705 0.735437 0.681805 0.538255
-272.057404 26.117294 -227.109421 0.248357 -0.096180 0.963882 0.536047 0.512892
-233.689255 58.082748 -219.576706 -0.142459 0.074741 0.986975 0.626932 0.525136
-243.234177 -89.381439 -233.970108 0.371259 -0.002139 0.928527 0.603233 0.468713
-240.375778 -68.449638 -212.005112 0.018226 0.013056 0.999749 0.611867 0.476809
-271.800964 10.892578 -222.981766 0.245476 0.141182 0.959067 0.537009 0.507091
-278.152100 279.767029 -222.936234 0.157543 0.068621 0.985125 0.522078 0.609857
-273.176270 329.366150 -231.909775 0.009328 0.026886 0.999595 0.532998 0.628773
-290.636993 324.881531 -232.138657 0.011735 0.010720 0.999874 0.491916 0.627061
-290.636993 324.881531 -232.138657 0.011735 0.010720 0.999874 0.491916 0.627061
-307.725403 106.587631 -227.791275 -0.355682 0.048789 0.933333 0.452108 0.543651
-278.152100 279.767029 -222.936234 0.157543 0.068621 0.985125 0.522078 0.609857
-315.172241 -119.798859 -209.121017 0.122144 0.102998 0.987154 0.436221 0.457208
-319.445374 -42.282501 -231.202988 0.001256 0.051397 0.998677 0.424249 0.486739
-329.117279 -115.938896 -228.463333 0.477229 -0.029998 0.878267 0.401743 0.458601
-156.287003 208.612106 -229.510086 -0.106424 0.088571 0.990368 0.808093 0.582612
-114.132828 292.810913 -227.843216 -0.126884 0.116518 0.985050 0.901990 0.614794
-112.493774 329.731750 -232.763138 0.003927 -0.005398 0.999978 0.904388 0.628883
-135.201233 326.777344 -231.588333 0.056006 0.095353 0.993867 0.857499 0.627763
-156.287003 208.612106 -229.510086 -0.106424 0.088571 0.990368 0.808093 0.582612
-112.493774 329.731750 -232.763138 0.003927 -0.005398 0.999978 0.904388 0.628883
-236.218521 -60.300438 -227.571487 0.830175 0.350268 0.433730 0.620288 0.479855
-266.093781 21.194489 -230.531326 0.404987 -0.121076 0.906270 0.549774 0.510994
-271.800964 10.892578 -222.981766 0.245476 0.141182 0.959067 0.537009 0.507091
-252.749435 27.648376 -226.662338 0.048168 -0.301993 0.952093 0.581492 0.513476
-272.057404 26.117294 -227.109421 0.248357 -0.096180 0.963882 0.536047 0.512892
-266.093781 21.194489 -230.531326 0.404987 -0.121076 0.906270 0.549774 0.510994
-259.794586 154.317001 -221.880264 0.275656 -0.075751 0.958267 0.565340 0.561911
-280.848328 58.619720 -226.755966 0.172224 -0.070997 0.982496 0.515404 0.525317
-224.321945 245.273849 -230.709610 -0.004109 0.029928 0.999544 0.647992 0.596630
-300.650574 28.322906 -223.791550 -0.909612 -0.015281 0.415178 0.469094 0.513754
-293.650604 22.403122 -226.644699 -0.356371 0.076770 0.931185 0.485307 0.511478
-280.848328 58.619720 -226.755966 0.172224 -0.070997 0.982496 0.515404 0.525317
-280.848328 58.619720 -226.755966 0.172224 -0.070997 0.982496 0.515404 0.525317
-286.231598 60.936508 -222.074387 -0.099689 -0.043700 0.994059 0.503152 0.526224
-300.650574 28.322906 -223.791550 -0.909612 -0.015281 0.415178 0.469094 0.513754
-310.975800 4.404037 -218.774002 -0.047532 0.107062 0.993115 0.445249 0.504636
-319.445374 -42.282501 -231.202988 0.001256 0.051397 0.998677 0.424249 0.486739
-315.172241 -119.798859 -209.121017 0.122144 0.102998 0.987154 0.436221 0.457208
-312.900787 19.004333 -224.056717 -0.448861 0.197877 0.871418 0.440262 0.510193
-300.865265 53.497955 -227.223709 0.326856 -0.042442 0.944121 0.468290 0.523361
-300.804443 88.510361 -221.151810 0.086215 -0.043655 0.995320 0.468962 0.536769
-300.804443 88.510361 -221.151810 0.086215 -0.043655 0.995320 0.468962 0.536769
-316.134979 19.069931 -229.606400 -0.128698 0.160879 0.978547 0.432173 0.510195
-312.900787 19.004333 -224.056717 -0.448861 0.197877 0.871418 0.440262 0.510193
-306.105621 -117.190140 -231.846664 0.157886 0.084642 0.983823 0.455564 0.458104
-302.740112 -115.131813 -214.175827 -0.606062 0.124384 0.785632 0.465017 0.458968
-298.279327 -51.779572 -220.764816 0.010002 0.071531 0.997388 0.474934 0.483152
-298.279327 -51.779572 -220.764816 0.010002 0.071531 0.997388 0.474934 0.483152
-302.803192 7.409576 -223.761093 0.042254 0.087623 0.995257 0.464034 0.505761
-306.105621 -117.190140 -231.846664 0.157886 0.084642 0.983823 0.455564 0.458104
-223.516403 328.638672 -232.596848 -0.008146 0.065603 0.997813 0.649722 0.628484
-216.524582 338.197632 -231.431046 -0.010937 -0.115219 0.993280 0.666266 0.632142
-231.960556 349.414795 -231.227402 0.020886 -0.069835 0.997340 0.629983 0.636432
-248.551315 326.834717 -231.855057 -0.009890 0.025733 0.999620 0.590913 0.627802
-231.960556 349.414795 -231.227402 0.020886 -0.069835 0.997340 0.629983 0.636432
-250.029160 338.144958 -230.656754 0.015931 -0.103287 0.994524 0.587542 0.632131
-250.029160 338.144958 -230.656754 0.015931 -0.103287 0.994524 0.587542 0.632131
-265.718445 349.526978 -230.125992 -0.026683 -0.096003 0.995023 0.550692 0.636486
-248.551315 326.834717 -231.855057 -0.009890 0.025733 0.999620 0.590913 0.627802
-166.268341 328.390686 -232.845840 -0.005564 -0.010684 0.999927 0.784330 0.628379
-162.464462 348.796692 -230.700333 -0.047580 -0.096374 0.994207 0.793462 0.636187
-177.234634 338.734253 -231.770676 0.018342 -0.076574 0.996895 0.758634 0.632339
-177.234634 338.734253 -231.770676 0.018342 -0.076574 0.996895 0.758634 0.632339
-200.965042 326.714722 -231.457443 -0.017743 0.121552 0.992426 0.702855 0.627750
-166.268341 328.390686 -232.845840 -0.005564 -0.010684 0.999927 0.784330 0.628379
-151.799515 339.492493 -230.637405 -0.040592 -0.079831 0.995982 0.818548 0.632630
-147.927856 328.169006 -231.362717 -0.032496 0.012242 0.999397 0.827590 0.628298
-116.069794 338.478638 -231.834061 0.023219 -0.097475 0.994967 0.898558 0.632231
-116.069794 338.478638 -231.834061 0.023219 -0.097475 0.994967 0.898558 0.632231
-63.724201 329.535034 -232.958267 0.043161 0.005385 0.999054 0.984659 0.628799
-78.061646 338.432495 -231.510330 0.017264 -0.130231 0.991333 0.961146 0.632209
-114.132828 292.810913 -227.843216 -0.126884 0.116518 0.985050 0.901990 0.614794
-134.869232 219.293076 -222.419571 -0.209386 0.098095 0.972900 0.868184 0.586722
-117.040359 219.441391 -220.989029 0.165556 -0.053067 0.984772 0.897621 0.586782
-117.040359 219.441391 -220.989029 0.165556 -0.053067 0.984772 0.897621 0.586782
-73.408463 282.282227 -230.032516 0.098395 0.049183 0.993931 0.968896 0.610754
-114.132828 292.810913 -227.843216 -0.126884 0.116518 0.985050 0.901990 0.614794
-117.040359 219.441391 -220.989029 0.165556 -0.053067 0.984772 0.897621 0.586782
-134.869232 219.293076 -222.419571 -0.209386 0.098095 0.972900 0.868184 0.586722
-210.028885 92.519455 -228.405624 -0.546413 0.400705 0.735437 0.681805 0.538255
-117.040359 219.441391 -220.989029 0.165556 -0.053067 0.984772 0.897621 0.586782
-233.689255 58.082748 -219.576706 -0.142459 0.074741 0.986975 0.626932 0.525136
-192.571213 100.267868 -219.522293 0.187474 -0.139229 0.972352 0.723633 0.541253
-329.574554 290.236877 -230.317734 -0.366220 0.060415 0.928565 0.400506 0.613834
-312.290222 292.809448 -224.094009 0.011648 0.066010 0.997751 0.441695 0.614842
-331.754913 330.025940 -233.027634 -0.125394 0.016624 0.991968 0.395143 0.629030
-78.524963 337.399048 -233.605026 -0.000214 0.097040 0.995280 0.990608 0.631804
-85.013657 339.057861 -233.765945 1.000000 0.000000 0.000000 0.975334 0.632439
-80.635559 337.393982 -233.604996 0.000162 -0.083046 -0.996546 0.985644 0.631803
-80.635559 337.393982 -233.604996 0.000162 -0.083046 -0.996546 0.985644 0.631803
-85.013657 339.057861 -233.765945 1.000000 0.000000 0.000000 0.975334 0.632439
-78.524963 337.399048 -233.605026 -0.000214 0.097040 0.995280 0.990608 0.631804
-285.075836 10.920593 -223.269791 -0.128043 -0.060296 0.989934 0.505766 0.507103
-271.800964 10.892578 -222.981766 0.245476 0.141182 0.959067 0.537009 0.507091
-272.057404 26.117294 -227.109421 0.248357 -0.096180 0.963882 0.536047 0.512892
-272.057404 26.117294 -227.109421 0.248357 -0.096180 0.963882 0.536047 0.512892
-280.745422 32.968994 -223.083511 -0.092919 0.162389 0.982342 0.515966 0.515530
-285.075836 10.920593 -223.269791 -0.128043 -0.060296 0.989934 0.505766 0.507103
-265.033203 -78.250801 -231.571823 -0.089629 0.004011 0.995967 0.552177 0.472981
-285.075836 10.920593 -223.269791 -0.128043 -0.060296 0.989934 0.505766 0.507103
-293.067932 23.187012 -223.929428 -0.721839 0.256779 0.642661 0.486914 0.511789
-271.800964 10.892578 -222.981766 0.245476 0.141182 0.959067 0.537009 0.507091
-266.093781 21.194489 -230.531326 0.404987 -0.121076 0.906270 0.549774 0.510994
-272.057404 26.117294 -227.109421 0.248357 -0.096180 0.963882 0.536047 0.512892
-292.080933 54.054230 -227.601822 -0.466753 0.192564 0.863169 0.488915 0.523570
-248.551315 326.834717 -231.855057 -0.009890 0.025733 0.999620 0.590913 0.627802
-271.097015 247.939499 -227.633835 0.354033 -0.028354 0.934803 0.538260 0.597670
-300.865265 53.497955 -227.223709 0.326856 -0.042442 0.944121 0.468290 0.523361
-312.900787 19.004333 -224.056717 -0.448861 0.197877 0.871418 0.440262 0.510193
-292.080933 54.054230 -227.601822 -0.466753 0.192564 0.863169 0.488915 0.523570
-292.080933 54.054230 -227.601822 -0.466753 0.192564 0.863169 0.488915 0.523570
-271.097015 247.939499 -227.633835 0.354033 -0.028354 0.934803 0.538260 0.597670
-300.865265 53.497955 -227.223709 0.326856 -0.042442 0.944121 0.468290 0.523361
-131.924515 349.128174 -230.562241 0.031333 -0.072405 0.996883 0.865294 0.636310
-151.799515 339.492493 -230.637405 -0.040592 -0.079831 0.995982 0.818548 0.632630
-116.069794 338.478638 -231.834061 0.023219 -0.097475 0.994967 0.898558 0.632231
-237.328445 285.008911 -223.457352 0.022793 0.049390 0.998519 0.618036 0.611851
-249.174362 271.857727 -225.058487 -0.390753 0.084102 0.916646 0.590039 0.606820
-259.794586 154.317001 -221.880264 0.275656 -0.075751 0.958267 0.565340 0.561911
-292.080933 54.054230 -227.601822 -0.466753 0.192564 0.863169 0.488915 0.523570
-286.231598 60.936508 -222.074387 -0.099689 -0.043700 0.994059 0.503152 0.526224
-249.174362 271.857727 -225.058487 -0.390753 0.084102 0.916646 0.590039 0.606820
-329.117279 -115.938896 -228.463333 0.477229 -0.029998 0.878267 0.401743 0.458601
-319.445374 -42.282501 -231.202988 0.001256 0.051397 0.998677 0.424249 0.486739
-328.905518 -119.281418 -215.160568 -0.151260 -0.105957 0.982799 0.403399 0.457382
-164.047318 200.943283 -227.009598 0.453299 -0.191768 0.870486 0.790061 0.579694
-156.989166 242.551437 -222.251694 0.133119 0.028201 0.990699 0.807073 0.595616
-213.673813 113.605209 -221.190628 0.399200 -0.213613 0.891632 0.673862 0.546346
-142.341293 282.386475 -225.616531 0.694508 -0.063194 0.716704 0.841228 0.610824
-156.287003 208.612106 -229.510086 -0.106424 0.088571 0.990368 0.808093 0.582612
-135.201233 326.777344 -231.588333 0.056006 0.095353 0.993867 0.857499 0.627763
-117.040359 219.441391 -220.989029 0.165556 -0.053067 0.984772 0.897621 0.586782
-181.167038 88.497726 -228.199875 0.371875 -0.296977 0.879496 0.749697 0.536714
-107.573593 201.444199 -228.685257 0.362664 -0.198601 0.910512 0.912736 0.579869
-237.328445 285.008911 -223.457352 0.022793 0.049390 0.998519 0.618036 0.611851
-259.794586 154.317001 -221.880264 0.275656 -0.075751 0.958267 0.565340 0.561911
-224.321945 245.273849 -230.709610 -0.004109 0.029928 0.999544 0.647992 0.596630
-322.902161 16.459335 -222.956253 0.284998 0.032987 0.957960 0.416838 0.509227
-307.134430 239.996384 -226.190536 0.518934 -0.016270 0.854659 0.453637 0.594647
-315.878357 237.340866 -220.261642 0.002346 0.005200 0.999984 0.433590 0.593659
-315.878357 237.340866 -220.261642 0.002346 0.005200 0.999984 0.433590 0.593659
-329.574554 290.236877 -230.317734 -0.366220 0.060415 0.928565 0.400506 0.613834
-322.902161 16.459335 -222.956253 0.284998 0.032987 0.957960 0.416838 0.509227
-184.058365 193.122177 -223.236130 -0.381767 0.158031 0.910648 0.743330 0.576724
-206.677963 162.569382 -230.138687 -0.214053 0.098870 0.971806 0.689535 0.565020
-241.720901 80.233994 -229.502121 -0.488890 0.375076 0.787594 0.607180 0.533560
-241.720901 80.233994 -229.502121 -0.488890 0.375076 0.787594 0.607180 0.533560
-253.925613 61.084000 -221.452255 -0.239458 0.178503 0.954357 0.579180 0.526278
-184.058365 193.122177 -223.236130 -0.381767 0.158031 0.910648 0.743330 0.576724
-184.058365 193.122177 -223.236130 -0.381767 0.158031 0.910648 0.743330 0.576724
-253.925613 61.084000 -221.452255 -0.239458 0.178503 0.954357 0.579180 0.526278
-213.673813 113.605209 -221.190628 0.399200 -0.213613 0.891632 0.673862 0.546346
-213.673813 113.605209 -221.190628 0.399200 -0.213613 0.891632 0.673862 0.546346
-156.989166 242.551437 -222.251694 0.133119 0.028201 0.990699 0.807073 0.595616
-184.058365 193.122177 -223.236130 -0.381767 0.158031 0.910648 0.743330 0.576724
-114.132828 292.810913 -227.843216 -0.126884 0.116518 0.985050 0.901990 0.614794
-210.028885 92.519455 -228.405624 -0.546413 0.400705 0.735437 0.681805 0.538255
-134.869232 219.293076 -222.419571 -0.209386 0.098095 0.972900 0.868184 0.586722
-310.975800 4.404037 -218.774002 -0.047532 0.107062 0.993115 0.445249 0.504636
-319.545715 1.626404 -224.998428 -0.269383 -0.050821 0.961691 0.424554 0.503548
-319.445374 -42.282501 -231.202988 0.001256 0.051397 0.998677 0.424249 0.486739
-319.545715 1.626404 -224.998428 -0.269383 -0.050821 0.961691 0.424554 0.503548
-322.902161 16.459335 -222.956253 0.284998 0.032987 0.957960 0.416838 0.509227
-319.445374 -42.282501 -231.202988 0.001256 0.051397 0.998677 0.424249 0.486739
-240.375778 -68.449638 -212.005112 0.018226 0.013056 0.999749 0.611867 0.476809
-236.218521 -60.300438 -227.571487 0.830175 0.350268 0.433730 0.620288 0.479855
-271.800964 10.892578 -222.981766 0.245476 0.141182 0.959067 0.537009 0.507091
-177.234634 338.734253 -231.770676 0.018342 -0.076574 0.996895 0.758634 0.632339
-199.332077 350.022705 -229.896835 0.010516 -0.143679 0.989569 0.706831 0.636665
-216.524582 338.197632 -231.431046 -0.010937 -0.115219 0.993280 0.666266 0.632142
-297.208832 350.303772 -230.391037 0.032625 -0.074272 0.996704 0.476613 0.636786
-316.657074 338.196228 -230.656662 -0.052231 -0.077005 0.995662 0.430854 0.632161
-286.215332 338.862000 -231.603500 0.013133 -0.040191 0.999106 0.502361 0.632406
-220.131058 211.153183 -224.795944 -0.478006 0.150627 0.865345 0.658363 0.583615
-280.848328 58.619720 -226.755966 0.172224 -0.070997 0.982496 0.515404 0.525317
-259.641602 65.344467 -222.079758 0.286000 -0.266125 0.920533 0.565683 0.527905
-196.898880 282.391418 -223.029007 -0.013400 0.040326 0.999097 0.713151 0.610846
-220.131058 211.153183 -224.795944 -0.478006 0.150627 0.865345 0.658363 0.583615
-259.641602 65.344467 -222.079758 0.286000 -0.266125 0.920533 0.565683 0.527905
-275.901886 -111.628860 -210.031143 -0.188684 0.136447 0.972512 0.528493 0.460321
-265.033203 -78.250801 -231.571823 -0.089629 0.004011 0.995967 0.552177 0.472981
-280.850861 -67.008751 -219.682388 -0.085381 0.057219 0.994704 0.516014 0.477333
-275.901886 -111.628860 -210.031143 -0.188684 0.136447 0.972512 0.528493 0.460321
-280.850861 -67.008751 -219.682388 -0.085381 0.057219 0.994704 0.516014 0.477333
-283.499786 -110.436615 -229.498062 0.090858 0.112865 0.989447 0.508930 0.460692
-259.641602 65.344467 -222.079758 0.286000 -0.266125 0.920533 0.565683 0.527905
-280.848328 58.619720 -226.755966 0.172224 -0.070997 0.982496 0.515404 0.525317
-293.650604 22.403122 -226.644699 -0.356371 0.076770 0.931185 0.485307 0.511478
-293.650604 22.403122 -226.644699 -0.356371 0.076770 0.931185 0.485307 0.511478
-293.067932 23.187012 -223.929428 -0.721839 0.256779 0.642661 0.486914 0.511789
-259.641602 65.344467 -222.079758 0.286000 -0.266125 0.920533 0.565683 0.527905
-293.067932 23.187012 -223.929428 -0.721839 0.256779 0.642661 0.486914 0.511789
-293.650604 22.403122 -226.644699 -0.356371 0.076770 0.931185 0.485307 0.511478
-280.850861 -67.008751 -219.682388 -0.085381 0.057219 0.994704 0.516014 0.477333
-319.545715 1.626404 -224.998428 -0.269383 -0.050821 0.961691 0.424554 0.503548
-310.975800 4.404037 -218.774002 -0.047532 0.107062 0.993115 0.445249 0.504636
-312.900787 19.004333 -224.056717 -0.448861 0.197877 0.871418 0.440262 0.510193
-310.975800 4.404037 -218.774002 -0.047532 0.107062 0.993115 0.445249 0.504636
-302.803192 7.409576 -223.761093 0.042254 0.087623 0.995257 0.464034 0.505761
-312.900787 19.004333 -224.056717 -0.448861 0.197877 0.871418 0.440262 0.510193
-272.057404 26.117294 -227.109421 0.248357 -0.096180 0.963882 0.536047 0.512892
-210.028885 92.519455 -228.405624 -0.546413 0.400705 0.735437 0.681805 0.538255
-240.061081 56.171646 -228.417587 0.704498 -0.624757 -0.336692 0.611178 0.524368
-240.061081 56.171646 -228.417587 0.704498 -0.624757 -0.336692 0.611178 0.524368
-280.745422 32.968994 -223.083511 -0.092919 0.162389 0.982342 0.515966 0.515530
-272.057404 26.117294 -227.109421 0.248357 -0.096180 0.963882 0.536047 0.512892
-290.636993 324.881531 -232.138657 0.011735 0.010720 0.999874 0.491916 0.627061
-307.134430 239.996384 -226.190536 0.518934 -0.016270 0.854659 0.453637 0.594647
-314.391968 88.737534 -228.011154 0.433080 -0.034815 0.900683 0.436411 0.536828
-290.636993 324.881531 -232.138657 0.011735 0.010720 0.999874 0.491916 0.627061
-312.290222 292.809448 -224.094009 0.011648 0.066010 0.997751 0.441695 0.614842
-307.134430 239.996384 -226.190536 0.518934 -0.016270 0.854659 0.453637 0.594647
-302.740112 -115.131813 -214.175827 -0.606062 0.124384 0.785632 0.465017 0.458968
-288.162628 -114.296982 -217.091599 0.584933 0.120425 0.802092 0.499045 0.459272
-298.279327 -51.779572 -220.764816 0.010002 0.071531 0.997388 0.474934 0.483152
-112.493774 329.731750 -232.763138 0.003927 -0.005398 0.999978 0.904388 0.628883
-116.069794 338.478638 -231.834061 0.023219 -0.097475 0.994967 0.898558 0.632231
-147.927856 328.169006 -231.362717 -0.032496 0.012242 0.999397 0.827590 0.628298
-331.754913 330.025940 -233.027634 -0.125394 0.016624 0.991968 0.395143 0.629030
-311.206818 326.779541 -231.228775 -0.005502 0.077342 0.996989 0.443622 0.627794
-316.657074 338.196228 -230.656662 -0.052231 -0.077005 0.995662 0.430854 0.632161
-271.097015 247.939499 -227.633835 0.354033 -0.028354 0.934803 0.538260 0.597670
-248.551315 326.834717 -231.855057 -0.009890 0.025733 0.999620 0.590913 0.627802
-273.176270 329.366150 -231.909775 0.009328 0.026886 0.999595 0.532998 0.628773
-273.176270 329.366150 -231.909775 0.009328 0.026886 0.999595 0.532998 0.628773
-248.551315 326.834717 -231.855057 -0.009890 0.025733 0.999620 0.590913 0.627802
-286.215332 338.862000 -231.603500 0.013133 -0.040191 0.999106 0.502361 0.632406
-95.338501 349.040771 -230.058395 -0.008603 -0.149339 0.988749 0.932793 0.636272
-116.069794 338.478638 -231.834061 0.023219 -0.097475 0.994967 0.898558 0.632231
-78.061646 338.432495 -231.510330 0.017264 -0.130231 0.991333 0.961146 0.632209
-147.927856 328.169006 -231.362717 -0.032496 0.012242 0.999397 0.827590 0.628298
-166.268341 328.390686 -232.845840 -0.005564 -0.010684 0.999927 0.784330 0.628379
-206.677963 162.569382 -230.138687 -0.214053 0.098870 0.971806 0.689535 0.565020
-166.268341 328.390686 -232.845840 -0.005564 -0.010684 0.999927 0.784330 0.628379
-147.927856 328.169006 -231.362717 -0.032496 0.012242 0.999397 0.827590 0.628298
-162.464462 348.796692 -230.700333 -0.047580 -0.096374 0.994207 0.793462 0.636187
-307.725403 106.587631 -227.791275 -0.355682 0.048789 0.933333 0.452108 0.543651
-290.636993 324.881531 -232.138657 0.011735 0.010720 0.999874 0.491916 0.627061
-314.391968 88.737534 -228.011154 0.433080 -0.034815 0.900683 0.436411 0.536828
-300.804443 88.510361 -221.151810 0.086215 -0.043655 0.995320 0.468962 0.536769
-278.152100 279.767029 -222.936234 0.157543 0.068621 0.985125 0.522078 0.609857
-307.725403 106.587631 -227.791275 -0.355682 0.048789 0.933333 0.452108 0.543651
-307.725403 106.587631 -227.791275 -0.355682 0.048789 0.933333 0.452108 0.543651
-316.134979 19.069931 -229.606400 -0.128698 0.160879 0.978547 0.432173 0.510195
-300.804443 88.510361 -221.151810 0.086215 -0.043655 0.995320 0.468962 0.536769
-292.080933 54.054230 -227.601822 -0.466753 0.192564 0.863169 0.488915 0.523570
-312.900787 19.004333 -224.056717 -0.448861 0.197877 0.871418 0.440262 0.510193
-302.803192 7.409576 -223.761093 0.042254 0.087623 0.995257 0.464034 0.505761
-292.080933 54.054230 -227.601822 -0.466753 0.192564 0.863169 0.488915 0.523570
-300.650574 28.322906 -223.791550 -0.909612 -0.015281 0.415178 0.469094 0.513754
-286.231598 60.936508 -222.074387 -0.099689 -0.043700 0.994059 0.503152 0.526224
-241.720901 80.233994 -229.502121 -0.488890 0.375076 0.787594 0.607180 0.533560
-206.677963 162.569382 -230.138687 -0.214053 0.098870 0.971806 0.689535 0.565020
-196.898880 282.391418 -223.029007 -0.013400 0.040326 0.999097 0.713151 0.610846
-286.231598 60.936508 -222.074387 -0.099689 -0.043700 0.994059 0.503152 0.526224
-259.794586 154.317001 -221.880264 0.275656 -0.075751 0.958267 0.565340 0.561911
-249.174362 271.857727 -225.058487 -0.390753 0.084102 0.916646 0.590039 0.606820
-280.848328 58.619720 -226.755966 0.172224 -0.070997 0.982496 0.515404 0.525317
-259.794586 154.317001 -221.880264 0.275656 -0.075751 0.958267 0.565340 0.561911
-286.231598 60.936508 -222.074387 -0.099689 -0.043700 0.994059 0.503152 0.526224
-335.200439 -118.697777 -229.045364 -0.903702 0.054368 0.424696 0.387386 0.457545
-326.500763 -85.437828 -214.791336 0.118643 -0.032388 0.992409 0.409086 0.470318
-326.668427 16.312256 -223.658432 -0.219190 0.054131 0.974179 0.407920 0.509168
-326.668427 16.312256 -223.658432 -0.219190 0.054131 0.974179 0.407920 0.509168
-326.500763 -85.437828 -214.791336 0.118643 -0.032388 0.992409 0.409086 0.470318
-322.902161 16.459335 -222.956253 0.284998 0.032987 0.957960 0.416838 0.509227
-329.574554 290.236877 -230.317734 -0.366220 0.060415 0.928565 0.400506 0.613834
-326.668427 16.312256 -223.658432 -0.219190 0.054131 0.974179 0.407920 0.509168
-322.902161 16.459335 -222.956253 0.284998 0.032987 0.957960 0.416838 0.509227
-293.067932 23.187012 -223.929428 -0.721839 0.256779 0.642661 0.486914 0.511789
-285.075836 10.920593 -223.269791 -0.128043 -0.060296 0.989934 0.505766 0.507103
-280.745422 32.968994 -223.083511 -0.092919 0.162389 0.982342 0.515966 0.515530
-241.720901 80.233994 -229.502121 -0.488890 0.375076 0.787594 0.607180 0.533560
-293.067932 23.187012 -223.929428 -0.721839 0.256779 0.642661 0.486914 0.511789
-280.745422 32.968994 -223.083511 -0.092919 0.162389 0.982342 0.515966 0.515530
-252.948441 -78.365692 -216.703171 0.220595 0.240494 0.945252 0.581891 0.473001
-265.033203 -78.250801 -231.571823 -0.089629 0.004011 0.995967 0.552177 0.472981
-252.696213 -99.490280 -212.403122 -0.445866 -0.094368 0.890111 0.582858 0.464946
-252.948441 -78.365692 -216.703171 0.220595 0.240494 0.945252 0.581891 0.473001
-252.696213 -99.490280 -212.403122 -0.445866 -0.094368 0.890111 0.582858 0.464946
-243.234177 -89.381439 -233.970108 0.371259 -0.002139 0.928527 0.603233 0.468713
-288.162628 -114.296982 -217.091599 0.584933 0.120425 0.802092 0.499045 0.459272
-291.354370 -52.060547 -229.555679 0.067574 0.035616 0.997078 0.490454 0.483004
-298.279327 -51.779572 -220.764816 0.010002 0.071531 0.997388 0.474934 0.483152
-283.499786 -110.436615 -229.498062 0.090858 0.112865 0.989447 0.508930 0.460692
-280.850861 -67.008751 -219.682388 -0.085381 0.057219 0.994704 0.516014 0.477333
-291.354370 -52.060547 -229.555679 0.067574 0.035616 0.997078 0.490454 0.483004
-265.718445 349.526978 -230.125992 -0.026683 -0.096003 0.995023 0.550692 0.636486
-286.215332 338.862000 -231.603500 0.013133 -0.040191 0.999106 0.502361 0.632406
-248.551315 326.834717 -231.855057 -0.009890 0.025733 0.999620 0.590913 0.627802
-200.965042 326.714722 -231.457443 -0.017743 0.121552 0.992426 0.702855 0.627750
-237.328445 285.008911 -223.457352 0.022793 0.049390 0.998519 0.618036 0.611851
-224.321945 245.273849 -230.709610 -0.004109 0.029928 0.999544 0.647992 0.596630
-200.965042 326.714722 -231.457443 -0.017743 0.121552 0.992426 0.702855 0.627750
-224.321945 245.273849 -230.709610 -0.004109 0.029928 0.999544 0.647992 0.596630
-220.131058 211.153183 -224.795944 -0.478006 0.150627 0.865345 0.658363 0.583615
-63.724201 329.535034 -232.958267 0.043161 0.005385 0.999054 0.984659 0.628799
-114.132828 292.810913 -227.843216 -0.126884 0.116518 0.985050 0.901990 0.614794
-73.408463 282.282227 -230.032516 0.098395 0.049183 0.993931 0.968896 0.610754
-265.033203 -78.250801 -231.571823 -0.089629 0.004011 0.995967 0.552177 0.472981
-257.882233 -104.935951 -235.580093 0.028320 -0.141054 0.989597 0.568645 0.462763
-252.696213 -99.490280 -212.403122 -0.445866 -0.094368 0.890111 0.582858 0.464946
-275.901886 -111.628860 -210.031143 -0.188684 0.136447 0.972512 0.528493 0.460321
-257.882233 -104.935951 -235.580093 0.028320 -0.141054 0.989597 0.568645 0.462763
-265.033203 -78.250801 -231.571823 -0.089629 0.004011 0.995967 0.552177 0.472981
-316.134979 19.069931 -229.606400 -0.128698 0.160879 0.978547 0.432173 0.510195
-307.725403 106.587631 -227.791275 -0.355682 0.048789 0.933333 0.452108 0.543651
-314.391968 88.737534 -228.011154 0.433080 -0.034815 0.900683 0.436411 0.536828
-192.571213 100.267868 -219.522293 0.187474 -0.139229 0.972352 0.723633 0.541253
-233.689255 58.082748 -219.576706 -0.142459 0.074741 0.986975 0.626932 0.525136
-181.167038 88.497726 -228.199875 0.371875 -0.296977 0.879496 0.749697 0.536714
-117.040359 219.441391 -220.989029 0.165556 -0.053067 0.984772 0.897621 0.586782
-192.571213 100.267868 -219.522293 0.187474 -0.139229 0.972352 0.723633 0.541253
-181.167038 88.497726 -228.199875 0.371875 -0.296977 0.879496 0.749697 0.536714
-213.673813 113.605209 -221.190628 0.399200 -0.213613 0.891632 0.673862 0.546346
-253.925613 61.084000 -221.452255 -0.239458 0.178503 0.954357 0.579180 0.526278
-240.061081 56.171646 -228.417587 0.704498 -0.624757 -0.336692 0.611178 0.524368
-288.162628 -114.296982 -217.091599 0.584933 0.120425 0.802092 0.499045 0.459272
-283.499786 -110.436615 -229.498062 0.090858 0.112865 0.989447 0.508930 0.460692
-291.354370 -52.060547 -229.555679 0.067574 0.035616 0.997078 0.490454 0.483004
-331.754913 330.025940 -233.027634 -0.125394 0.016624 0.991968 0.395143 0.629030
-312.290222 292.809448 -224.094009 0.011648 0.066010 0.997751 0.441695 0.614842
-311.206818 326.779541 -231.228775 -0.005502 0.077342 0.996989 0.443622 0.627794
-236.218521 -60.300438 -227.571487 0.830175 0.350268 0.433730 0.620288 0.479855
-240.375778 -68.449638 -212.005112 0.018226 0.013056 0.999749 0.611867 0.476809
-236.354965 -81.144615 -213.107803 -0.651768 -0.268056 0.709468 0.621226 0.471952
-240.375778 -68.449638 -212.005112 0.018226 0.013056 0.999749 0.611867 0.476809
-243.234177 -89.381439 -233.970108 0.371259 -0.002139 0.928527 0.603233 0.468713
-236.354965 -81.144615 -213.107803 -0.651768 -0.268056 0.709468 0.621226 0.471952
-156.989166 242.551437 -222.251694 0.133119 0.028201 0.990699 0.807073 0.595616
-142.341293 282.386475 -225.616531 0.694508 -0.063194 0.716704 0.841228 0.610824
-184.058365 193.122177 -223.236130 -0.381767 0.158031 0.910648 0.743330 0.576724
-156.989166 242.551437 -222.251694 0.133119 0.028201 0.990699 0.807073 0.595616
-164.047318 200.943283 -227.009598 0.453299 -0.191768 0.870486 0.790061 0.579694
-142.341293 282.386475 -225.616531 0.694508 -0.063194 0.716704 0.841228 0.610824
-135.201233 326.777344 -231.588333 0.056006 0.095353 0.993867 0.857499 0.627763
-112.493774 329.731750 -232.763138 0.003927 -0.005398 0.999978 0.904388 0.628883
-147.927856 328.169006 -231.362717 -0.032496 0.012242 0.999397 0.827590 0.628298
-328.905518 -119.281418 -215.160568 -0.151260 -0.105957 0.982799 0.403399 0.457382
-319.445374 -42.282501 -231.202988 0.001256 0.051397 0.998677 0.424249 0.486739
-326.500763 -85.437828 -214.791336 0.118643 -0.032388 0.992409 0.409086 0.470318
-326.500763 -85.437828 -214.791336 0.118643 -0.032388 0.992409 0.409086 0.470318
-335.200439 -118.697777 -229.045364 -0.903702 0.054368 0.424696 0.387386 0.457545
-328.905518 -119.281418 -215.160568 -0.151260 -0.105957 0.982799 0.403399 0.457382
-181.167038 88.497726 -228.199875 0.371875 -0.296977 0.879496 0.749697 0.536714
-233.689255 58.082748 -219.576706 -0.142459 0.074741 0.986975 0.626932 0.525136
-252.749435 27.648376 -226.662338 0.048168 -0.301993 0.952093 0.581492 0.513476
-252.749435 27.648376 -226.662338 0.048168 -0.301993 0.952093 0.581492 0.513476
-233.689255 58.082748 -219.576706 -0.142459 0.074741 0.986975 0.626932 0.525136
-272.057404 26.117294 -227.109421 0.248357 -0.096180 0.963882 0.536047 0.512892
-248.551315 326.834717 -231.855057 -0.009890 0.025733 0.999620 0.590913 0.627802
-237.328445 285.008911 -223.457352 0.022793 0.049390 0.998519 0.618036 0.611851
-223.516403 328.638672 -232.596848 -0.008146 0.065603 0.997813 0.649722 0.628484
-223.516403 328.638672 -232.596848 -0.008146 0.065603 0.997813 0.649722 0.628484
-231.960556 349.414795 -231.227402 0.020886 -0.069835 0.997340 0.629983 0.636432
-248.551315 326.834717 -231.855057 -0.009890 0.025733 0.999620 0.590913 0.627802
-331.754913 330.025940 -233.027634 -0.125394 0.016624 0.991968 0.395143 0.629030
-316.657074 338.196228 -230.656662 -0.052231 -0.077005 0.995662 0.430854 0.632161
-331.889984 351.400940 -231.085281 -0.106442 -0.090650 0.990178 0.394994 0.637208
-147.927856 328.169006 -231.362717 -0.032496 0.012242 0.999397 0.827590 0.628298
-151.799515 339.492493 -230.637405 -0.040592 -0.079831 0.995982 0.818548 0.632630
-162.464462 348.796692 -230.700333 -0.047580 -0.096374 0.994207 0.793462 0.636187
-156.287003 208.612106 -229.510086 -0.106424 0.088571 0.990368 0.808093 0.582612
-142.341293 282.386475 -225.616531 0.694508 -0.063194 0.716704 0.841228 0.610824
-164.047318 200.943283 -227.009598 0.453299 -0.191768 0.870486 0.790061 0.579694
-315.172241 -119.798859 -209.121017 0.122144 0.102998 0.987154 0.436221 0.457208
-306.105621 -117.190140 -231.846664 0.157886 0.084642 0.983823 0.455564 0.458104
-312.408234 -86.077721 -214.325027 0.899682 0.004636 0.436520 0.442268 0.470073
-312.408234 -86.077721 -214.325027 0.899682 0.004636 0.436520 0.442268 0.470073
-310.975800 4.404037 -218.774002 -0.047532 0.107062 0.993115 0.445249 0.504636
-315.172241 -119.798859 -209.121017 0.122144 0.102998 0.987154 0.436221 0.457208
-302.803192 7.409576 -223.761093 0.042254 0.087623 0.995257 0.464034 0.505761
-298.279327 -51.779572 -220.764816 0.010002 0.071531 0.997388 0.474934 0.483152
-300.650574 28.322906 -223.791550 -0.909612 -0.015281 0.415178 0.469094 0.513754
-300.650574 28.322906 -223.791550 -0.909612 -0.015281 0.415178 0.469094 0.513754
-292.080933 54.054230 -227.601822 -0.466753 0.192564 0.863169 0.488915 0.523570
-302.803192 7.409576 -223.761093 0.042254 0.087623 0.995257 0.464034 0.505761
-78.061646 338.432495 -231.510330 0.017264 -0.130231 0.991333 0.961146 0.632209
-63.724201 329.535034 -232.958267 0.043161 0.005385 0.999054 0.984659 0.628799
-67.335663 346.315552 -232.236771 0.085423 -0.024442 0.996045 0.978758 0.635217
-319.545715 1.626404 -224.998428 -0.269383 -0.050821 0.961691 0.424554 0.503548
-316.134979 19.069931 -229.606400 -0.128698 0.160879 0.978547 0.432173 0.510195
-322.902161 16.459335 -222.956253 0.284998 0.032987 0.957960 0.416838 0.509227
-319.545715 1.626404 -224.998428 -0.269383 -0.050821 0.961691 0.424554 0.503548
-312.900787 19.004333 -224.056717 -0.448861 0.197877 0.871418 0.440262 0.510193
-316.134979 19.069931 -229.606400 -0.128698 0.160879 0.978547 0.432173 0.510195
Box
0
End