none
36
22.534618 -1.032547 0.938490 0.999788 -0.020566 0.000000 1.000000 0.002990
21.539858 3.634145 -3.540075 0.999788 -0.020566 0.000000 0.975961 0.346729
-17.852636 3.634149 -3.540080 0.999788 -0.020566 0.000000 0.024038 0.346728
-17.852636 3.634149 -3.540080 0.999789 -0.020566 0.000000 0.024038 0.346728
-18.847397 -1.032543 0.938486 0.999789 -0.020566 0.000000 0.000000 0.002988
22.534618 -1.032547 0.938490 0.999789 -0.020566 0.000000 1.000000 0.002990
-18.847397 -1.032543 0.938486 0.999788 -0.020566 -0.000000 0.414005 0.458347
-17.852636 3.634149 -3.540080 0.999788 -0.020566 -0.000000 0.439194 0.918347
-33.206902 3.634151 -3.540079 0.999788 -0.020566 -0.000000 0.050384 0.918347
-33.206902 3.634151 -3.540079 0.999788 -0.020567 -0.000000 0.050384 0.918347
-34.201668 -1.032541 0.938487 0.999788 -0.020567 -0.000000 0.025195 0.458347
-18.847397 -1.032543 0.938486 0.999788 -0.020567 -0.000000 0.414005 0.458347
21.539858 3.634145 -3.540075 0.999788 -0.020566 -0.000000 0.025195 0.918347
22.534618 -1.032547 0.938490 0.999788 -0.020566 -0.000000 0.057720 0.458347
34.201668 -1.032548 0.938489 0.999788 -0.020566 -0.000000 0.439194 0.458347
34.201668 -1.032548 0.938489 0.999788 -0.020566 -0.000000 0.439194 0.458347
33.206909 3.634144 -3.540076 0.999788 -0.020566 -0.000000 0.406669 0.918347
21.539858 3.634145 -3.540075 0.999788 -0.020566 -0.000000 0.025195 0.918347
-18.847397 -3.634146 3.540088 1.000000 0.000000 0.000000 0.118371 0.426431
22.534618 -3.634150 3.540093 1.000000 0.000000 0.000000 0.379718 0.426430
22.534618 -1.032547 0.938490 1.000000 0.000000 0.000000 0.379718 0.944830
22.534618 -1.032547 0.938490 1.000000 0.000000 0.000000 0.379718 0.944830
-18.847397 -1.032543 0.938486 1.000000 0.000000 0.000000 0.118371 0.944830
-18.847397 -3.634146 3.540088 1.000000 0.000000 0.000000 0.118371 0.426431
-34.201668 -3.634143 3.540089 1.000000 0.000000 -0.000000 0.021401 0.426431
-18.847397 -3.634146 3.540088 1.000000 0.000000 -0.000000 0.118371 0.426431
-18.847397 -1.032543 0.938486 1.000000 0.000000 -0.000000 0.118371 0.944830
-18.847397 -1.032543 0.938486 1.000000 0.000000 -0.000000 0.118371 0.944830
-34.201668 -1.032541 0.938487 1.000000 0.000000 -0.000000 0.021401 0.944830
-34.201668 -3.634143 3.540089 1.000000 0.000000 -0.000000 0.021401 0.426431
22.534618 -3.634150 3.540093 1.000000 0.000000 -0.000000 0.379718 0.426430
34.201668 -3.634151 3.540092 1.000000 0.000000 -0.000000 0.453401 0.426430
34.201668 -1.032548 0.938489 1.000000 0.000000 -0.000000 0.453401 0.944830
34.201668 -1.032548 0.938489 1.000000 0.000000 -0.000000 0.453401 0.944830
22.534618 -1.032547 0.938490 1.000000 0.000000 -0.000000 0.379718 0.944830
22.534618 -3.634150 3.540093 1.000000 0.000000 -0.000000 0.379718 0.426430
Box
0
End