sky
240
-83.353951 754.415710 -309.943878 0.000000 -0.978596 0.205791 0.500000 1.000000
338.377228 610.335144 -446.972778 -0.577551 -0.794493 0.187658 0.793893 0.904508
360.080505 610.335144 -309.943939 -0.604483 -0.790844 0.095741 0.809017 0.904508
-83.353951 754.415710 -309.943878 0.000000 -0.978596 0.205791 0.500000 1.000000
275.391937 610.335144 -570.588257 -0.491294 -0.794493 0.356946 0.750000 0.904508
338.377228 610.335144 -446.972778 -0.577551 -0.794493 0.187658 0.793893 0.904508
-83.353951 754.415710 -309.943878 0.000000 -0.978596 0.205791 0.500000 1.000000
177.290070 610.335144 -668.690063 -0.356946 -0.794493 0.491294 0.681635 0.904508
275.391937 610.335144 -570.588257 -0.491294 -0.794493 0.356946 0.750000 0.904508
-83.353951 754.415710 -309.943878 0.000000 -0.978596 0.205791 0.500000 1.000000
53.674538 610.335144 -731.675171 -0.187657 -0.794493 0.577551 0.595491 0.904508
177.290070 610.335144 -668.690063 -0.356946 -0.794493 0.491294 0.681635 0.904508
-83.353951 754.415710 -309.943878 0.000000 -0.978596 0.205791 0.500000 1.000000
-83.354309 610.335144 -753.378296 0.000000 -0.794493 0.607273 0.500000 0.904508
53.674538 610.335144 -731.675171 -0.187657 -0.794493 0.577551 0.595491 0.904508
-83.353951 754.415710 -309.943878 0.000000 -0.978596 0.205791 0.500000 1.000000
-220.382935 610.335144 -731.675049 0.187658 -0.794493 0.577551 0.404508 0.904508
-83.354309 610.335144 -753.378296 0.000000 -0.794493 0.607273 0.500000 0.904508
-83.353951 754.415710 -309.943878 0.000000 -0.978596 0.205791 0.500000 1.000000
-343.998383 610.335144 -668.689697 0.356946 -0.794493 0.491294 0.318364 0.904508
-220.382935 610.335144 -731.675049 0.187658 -0.794493 0.577551 0.404508 0.904508
-83.353951 754.415710 -309.943878 0.000000 -0.978596 0.205791 0.500000 1.000000
-442.100128 610.335144 -570.587830 0.491294 -0.794493 0.356946 0.250000 0.904508
-343.998383 610.335144 -668.689697 0.356946 -0.794493 0.491294 0.318364 0.904508
-83.353951 754.415710 -309.943878 0.000000 -0.978596 0.205791 0.500000 1.000000
-505.085266 610.335144 -446.972290 0.577551 -0.794493 0.187657 0.206107 0.904508
-442.100128 610.335144 -570.587830 0.491294 -0.794493 0.356946 0.250000 0.904508
-83.353951 754.415710 -309.943878 0.000000 -0.978596 0.205791 0.500000 1.000000
-526.788391 610.335144 -309.943451 0.604483 -0.790844 0.095740 0.190983 0.904508
-505.085266 610.335144 -446.972290 0.577551 -0.794493 0.187657 0.206107 0.904508
599.021423 233.127213 -531.661255 -0.907152 -0.300329 0.294752 0.975528 0.654508
634.138062 233.127228 -309.943970 -0.943134 -0.296959 0.149378 1.000000 0.654508
360.080505 610.335144 -309.943939 -0.604483 -0.790844 0.095741 0.809017 0.904508
360.080505 610.335144 -309.943939 -0.604483 -0.790844 0.095741 0.809017 0.904508
338.377228 610.335144 -446.972778 -0.577551 -0.794493 0.187658 0.793893 0.904508
599.021423 233.127213 -531.661255 -0.907152 -0.300329 0.294752 0.975528 0.654508
497.109070 233.127213 -731.675293 -0.771669 -0.300329 0.560651 0.904508 0.654508
599.021423 233.127213 -531.661255 -0.907152 -0.300329 0.294752 0.975528 0.654508
338.377228 610.335144 -446.972778 -0.577551 -0.794493 0.187658 0.793893 0.904508
338.377228 610.335144 -446.972778 -0.577551 -0.794493 0.187658 0.793893 0.904508
275.391937 610.335144 -570.588257 -0.491294 -0.794493 0.356946 0.750000 0.904508
497.109070 233.127213 -731.675293 -0.771669 -0.300329 0.560651 0.904508 0.654508
338.376953 233.127197 -890.407288 -0.560650 -0.300329 0.771670 0.793892 0.654508
497.109070 233.127213 -731.675293 -0.771669 -0.300329 0.560651 0.904508 0.654508
275.391937 610.335144 -570.588257 -0.491294 -0.794493 0.356946 0.750000 0.904508
275.391937 610.335144 -570.588257 -0.491294 -0.794493 0.356946 0.750000 0.904508
177.290070 610.335144 -668.690063 -0.356946 -0.794493 0.491294 0.681635 0.904508
338.376953 233.127197 -890.407288 -0.560650 -0.300329 0.771670 0.793892 0.654508
138.362793 233.127197 -992.319458 -0.294751 -0.300329 0.907152 0.654508 0.654508
338.376953 233.127197 -890.407288 -0.560650 -0.300329 0.771670 0.793892 0.654508
177.290070 610.335144 -668.690063 -0.356946 -0.794493 0.491294 0.681635 0.904508
177.290070 610.335144 -668.690063 -0.356946 -0.794493 0.491294 0.681635 0.904508
53.674538 610.335144 -731.675171 -0.187657 -0.794493 0.577551 0.595491 0.904508
138.362793 233.127197 -992.319458 -0.294751 -0.300329 0.907152 0.654508 0.654508
-83.354538 233.127197 -1027.435791 0.000001 -0.300329 0.953836 0.500000 0.654508
138.362793 233.127197 -992.319458 -0.294751 -0.300329 0.907152 0.654508 0.654508
53.674538 610.335144 -731.675171 -0.187657 -0.794493 0.577551 0.595491 0.904508
53.674538 610.335144 -731.675171 -0.187657 -0.794493 0.577551 0.595491 0.904508
-83.354309 610.335144 -753.378296 0.000000 -0.794493 0.607273 0.500000 0.904508
-83.354538 233.127197 -1027.435791 0.000001 -0.300329 0.953836 0.500000 0.654508
-305.071472 233.127197 -992.319153 0.294752 -0.300329 0.907151 0.345491 0.654508
-83.354538 233.127197 -1027.435791 0.000001 -0.300329 0.953836 0.500000 0.654508
-83.354309 610.335144 -753.378296 0.000000 -0.794493 0.607273 0.500000 0.904508
-83.354309 610.335144 -753.378296 0.000000 -0.794493 0.607273 0.500000 0.904508
-220.382935 610.335144 -731.675049 0.187658 -0.794493 0.577551 0.404508 0.904508
-305.071472 233.127197 -992.319153 0.294752 -0.300329 0.907151 0.345491 0.654508
-505.085510 233.127197 -890.406799 0.560651 -0.300329 0.771669 0.206107 0.654508
-305.071472 233.127197 -992.319153 0.294752 -0.300329 0.907151 0.345491 0.654508
-220.382935 610.335144 -731.675049 0.187658 -0.794493 0.577551 0.404508 0.904508
-220.382935 610.335144 -731.675049 0.187658 -0.794493 0.577551 0.404508 0.904508
-343.998383 610.335144 -668.689697 0.356946 -0.794493 0.491294 0.318364 0.904508
-505.085510 233.127197 -890.406799 0.560651 -0.300329 0.771669 0.206107 0.654508
-663.817444 233.127213 -731.674622 0.771670 -0.300329 0.560650 0.095491 0.654508
-505.085510 233.127197 -890.406799 0.560651 -0.300329 0.771669 0.206107 0.654508
-343.998383 610.335144 -668.689697 0.356946 -0.794493 0.491294 0.318364 0.904508
-343.998383 610.335144 -668.689697 0.356946 -0.794493 0.491294 0.318364 0.904508
-442.100128 610.335144 -570.587830 0.491294 -0.794493 0.356946 0.250000 0.904508
-663.817444 233.127213 -731.674622 0.771670 -0.300329 0.560650 0.095491 0.654508
-765.729553 233.127213 -531.660522 0.907152 -0.300329 0.294751 0.024472 0.654508
-663.817444 233.127213 -731.674622 0.771670 -0.300329 0.560650 0.095491 0.654508
-442.100128 610.335144 -570.587830 0.491294 -0.794493 0.356946 0.250000 0.904508
-442.100128 610.335144 -570.587830 0.491294 -0.794493 0.356946 0.250000 0.904508
-505.085266 610.335144 -446.972290 0.577551 -0.794493 0.187657 0.206107 0.904508
-765.729553 233.127213 -531.660522 0.907152 -0.300329 0.294751 0.024472 0.654508
-800.845947 233.127228 -309.943146 0.943134 -0.296959 0.149377 0.000000 0.654508
-765.729553 233.127213 -531.660522 0.907152 -0.300329 0.294751 0.024472 0.654508
-505.085266 610.335144 -446.972290 0.577551 -0.794493 0.187657 0.206107 0.904508
-505.085266 610.335144 -446.972290 0.577551 -0.794493 0.187657 0.206107 0.904508
-526.788391 610.335144 -309.943451 0.604483 -0.790844 0.095740 0.190983 0.904508
-800.845947 233.127228 -309.943146 0.943134 -0.296959 0.149377 0.000000 0.654508
599.021423 -233.127350 -531.661255 -0.907152 0.300329 0.294752 0.975528 0.345491
634.138000 -233.127335 -309.943970 -0.943134 0.296960 0.149378 1.000000 0.345491
634.138062 233.127228 -309.943970 -0.943134 -0.296959 0.149378 1.000000 0.654508
634.138062 233.127228 -309.943970 -0.943134 -0.296959 0.149378 1.000000 0.654508
599.021423 233.127213 -531.661255 -0.907152 -0.300329 0.294752 0.975528 0.654508
599.021423 -233.127350 -531.661255 -0.907152 0.300329 0.294752 0.975528 0.345491
497.109070 -233.127350 -731.675293 -0.771669 0.300329 0.560651 0.904508 0.345491
599.021423 -233.127350 -531.661255 -0.907152 0.300329 0.294752 0.975528 0.345491
599.021423 233.127213 -531.661255 -0.907152 -0.300329 0.294752 0.975528 0.654508
599.021423 233.127213 -531.661255 -0.907152 -0.300329 0.294752 0.975528 0.654508
497.109070 233.127213 -731.675293 -0.771669 -0.300329 0.560651 0.904508 0.654508
497.109070 -233.127350 -731.675293 -0.771669 0.300329 0.560651 0.904508 0.345491
338.376923 -233.127365 -890.407288 -0.560650 0.300329 0.771670 0.793892 0.345491
497.109070 -233.127350 -731.675293 -0.771669 0.300329 0.560651 0.904508 0.345491
497.109070 233.127213 -731.675293 -0.771669 -0.300329 0.560651 0.904508 0.654508
497.109070 233.127213 -731.675293 -0.771669 -0.300329 0.560651 0.904508 0.654508
338.376953 233.127197 -890.407288 -0.560650 -0.300329 0.771670 0.793892 0.654508
338.376923 -233.127365 -890.407288 -0.560650 0.300329 0.771670 0.793892 0.345491
138.362793 -233.127365 -992.319397 -0.294751 0.300329 0.907152 0.654508 0.345491
338.376923 -233.127365 -890.407288 -0.560650 0.300329 0.771670 0.793892 0.345491
338.376953 233.127197 -890.407288 -0.560650 -0.300329 0.771670 0.793892 0.654508
338.376953 233.127197 -890.407288 -0.560650 -0.300329 0.771670 0.793892 0.654508
138.362793 233.127197 -992.319458 -0.294751 -0.300329 0.907152 0.654508 0.654508
138.362793 -233.127365 -992.319397 -0.294751 0.300329 0.907152 0.654508 0.345491
-83.354538 -233.127365 -1027.435791 0.000001 0.300329 0.953836 0.500000 0.345491
138.362793 -233.127365 -992.319397 -0.294751 0.300329 0.907152 0.654508 0.345491
138.362793 233.127197 -992.319458 -0.294751 -0.300329 0.907152 0.654508 0.654508
138.362793 233.127197 -992.319458 -0.294751 -0.300329 0.907152 0.654508 0.654508
-83.354538 233.127197 -1027.435791 0.000001 -0.300329 0.953836 0.500000 0.654508
-83.354538 -233.127365 -1027.435791 0.000001 0.300329 0.953836 0.500000 0.345491
-305.071472 -233.127365 -992.319153 0.294752 0.300329 0.907151 0.345491 0.345491
-83.354538 -233.127365 -1027.435791 0.000001 0.300329 0.953836 0.500000 0.345491
-83.354538 233.127197 -1027.435791 0.000001 -0.300329 0.953836 0.500000 0.654508
-83.354538 233.127197 -1027.435791 0.000001 -0.300329 0.953836 0.500000 0.654508
-305.071472 233.127197 -992.319153 0.294752 -0.300329 0.907151 0.345491 0.654508
-305.071472 -233.127365 -992.319153 0.294752 0.300329 0.907151 0.345491 0.345491
-505.085480 -233.127365 -890.406799 0.560651 0.300329 0.771669 0.206107 0.345491
-305.071472 -233.127365 -992.319153 0.294752 0.300329 0.907151 0.345491 0.345491
-305.071472 233.127197 -992.319153 0.294752 -0.300329 0.907151 0.345491 0.654508
-305.071472 233.127197 -992.319153 0.294752 -0.300329 0.907151 0.345491 0.654508
-505.085510 233.127197 -890.406799 0.560651 -0.300329 0.771669 0.206107 0.654508
-505.085480 -233.127365 -890.406799 0.560651 0.300329 0.771669 0.206107 0.345491
-663.817444 -233.127350 -731.674622 0.771670 0.300329 0.560650 0.095491 0.345491
-505.085480 -233.127365 -890.406799 0.560651 0.300329 0.771669 0.206107 0.345491
-505.085510 233.127197 -890.406799 0.560651 -0.300329 0.771669 0.206107 0.654508
-505.085510 233.127197 -890.406799 0.560651 -0.300329 0.771669 0.206107 0.654508
-663.817444 233.127213 -731.674622 0.771670 -0.300329 0.560650 0.095491 0.654508
-663.817444 -233.127350 -731.674622 0.771670 0.300329 0.560650 0.095491 0.345491
-765.729553 -233.127350 -531.660461 0.907152 0.300329 0.294751 0.024472 0.345491
-663.817444 -233.127350 -731.674622 0.771670 0.300329 0.560650 0.095491 0.345491
-663.817444 233.127213 -731.674622 0.771670 -0.300329 0.560650 0.095491 0.654508
-663.817444 233.127213 -731.674622 0.771670 -0.300329 0.560650 0.095491 0.654508
-765.729553 233.127213 -531.660522 0.907152 -0.300329 0.294751 0.024472 0.654508
-765.729553 -233.127350 -531.660461 0.907152 0.300329 0.294751 0.024472 0.345491
-800.845886 -233.127335 -309.943146 0.943134 0.296960 0.149377 0.000000 0.345491
-765.729553 -233.127350 -531.660461 0.907152 0.300329 0.294751 0.024472 0.345491
-765.729553 233.127213 -531.660522 0.907152 -0.300329 0.294751 0.024472 0.654508
-765.729553 233.127213 -531.660522 0.907152 -0.300329 0.294751 0.024472 0.654508
-800.845947 233.127228 -309.943146 0.943134 -0.296959 0.149377 0.000000 0.654508
-800.845886 -233.127335 -309.943146 0.943134 0.296960 0.149377 0.000000 0.345491
338.377167 -610.335144 -446.972717 -0.577551 0.794493 0.187658 0.793893 0.095491
360.080444 -610.335144 -309.943909 -0.604483 0.790844 0.095741 0.809017 0.095491
634.138000 -233.127335 -309.943970 -0.943134 0.296960 0.149378 1.000000 0.345491
634.138000 -233.127335 -309.943970 -0.943134 0.296960 0.149378 1.000000 0.345491
599.021423 -233.127350 -531.661255 -0.907152 0.300329 0.294752 0.975528 0.345491
338.377167 -610.335144 -446.972717 -0.577551 0.794493 0.187658 0.793893 0.095491
275.391907 -610.335144 -570.588135 -0.491294 0.794493 0.356946 0.750000 0.095491
338.377167 -610.335144 -446.972717 -0.577551 0.794493 0.187658 0.793893 0.095491
599.021423 -233.127350 -531.661255 -0.907152 0.300329 0.294752 0.975528 0.345491
599.021423 -233.127350 -531.661255 -0.907152 0.300329 0.294752 0.975528 0.345491
497.109070 -233.127350 -731.675293 -0.771669 0.300329 0.560651 0.904508 0.345491
275.391907 -610.335144 -570.588135 -0.491294 0.794493 0.356946 0.750000 0.095491
177.290039 -610.335144 -668.689941 -0.356946 0.794493 0.491294 0.681635 0.095491
275.391907 -610.335144 -570.588135 -0.491294 0.794493 0.356946 0.750000 0.095491
497.109070 -233.127350 -731.675293 -0.771669 0.300329 0.560651 0.904508 0.345491
497.109070 -233.127350 -731.675293 -0.771669 0.300329 0.560651 0.904508 0.345491
338.376923 -233.127365 -890.407288 -0.560650 0.300329 0.771670 0.793892 0.345491
177.290039 -610.335144 -668.689941 -0.356946 0.794493 0.491294 0.681635 0.095491
53.674522 -610.335144 -731.675049 -0.187657 0.794493 0.577551 0.595491 0.095491
177.290039 -610.335144 -668.689941 -0.356946 0.794493 0.491294 0.681635 0.095491
338.376923 -233.127365 -890.407288 -0.560650 0.300329 0.771670 0.793892 0.345491
338.376923 -233.127365 -890.407288 -0.560650 0.300329 0.771670 0.793892 0.345491
138.362793 -233.127365 -992.319397 -0.294751 0.300329 0.907152 0.654508 0.345491
53.674522 -610.335144 -731.675049 -0.187657 0.794493 0.577551 0.595491 0.095491
-83.354309 -610.335144 -753.378174 0.000000 0.794493 0.607273 0.500000 0.095491
53.674522 -610.335144 -731.675049 -0.187657 0.794493 0.577551 0.595491 0.095491
138.362793 -233.127365 -992.319397 -0.294751 0.300329 0.907152 0.654508 0.345491
138.362793 -233.127365 -992.319397 -0.294751 0.300329 0.907152 0.654508 0.345491
-83.354538 -233.127365 -1027.435791 0.000001 0.300329 0.953836 0.500000 0.345491
-83.354309 -610.335144 -753.378174 0.000000 0.794493 0.607273 0.500000 0.095491
-220.382904 -610.335144 -731.674927 0.187658 0.794493 0.577551 0.404508 0.095491
-83.354309 -610.335144 -753.378174 0.000000 0.794493 0.607273 0.500000 0.095491
-83.354538 -233.127365 -1027.435791 0.000001 0.300329 0.953836 0.500000 0.345491
-83.354538 -233.127365 -1027.435791 0.000001 0.300329 0.953836 0.500000 0.345491
-305.071472 -233.127365 -992.319153 0.294752 0.300329 0.907151 0.345491 0.345491
-220.382904 -610.335144 -731.674927 0.187658 0.794493 0.577551 0.404508 0.095491
-343.998352 -610.335144 -668.689575 0.356946 0.794493 0.491294 0.318364 0.095491
-220.382904 -610.335144 -731.674927 0.187658 0.794493 0.577551 0.404508 0.095491
-305.071472 -233.127365 -992.319153 0.294752 0.300329 0.907151 0.345491 0.345491
-305.071472 -233.127365 -992.319153 0.294752 0.300329 0.907151 0.345491 0.345491
-505.085480 -233.127365 -890.406799 0.560651 0.300329 0.771669 0.206107 0.345491
-343.998352 -610.335144 -668.689575 0.356946 0.794493 0.491294 0.318364 0.095491
-442.100098 -610.335144 -570.587769 0.491294 0.794493 0.356946 0.250000 0.095491
-343.998352 -610.335144 -668.689575 0.356946 0.794493 0.491294 0.318364 0.095491
-505.085480 -233.127365 -890.406799 0.560651 0.300329 0.771669 0.206107 0.345491
-505.085480 -233.127365 -890.406799 0.560651 0.300329 0.771669 0.206107 0.345491
-663.817444 -233.127350 -731.674622 0.771670 0.300329 0.560650 0.095491 0.345491
-442.100098 -610.335144 -570.587769 0.491294 0.794493 0.356946 0.250000 0.095491
-505.085236 -610.335144 -446.972229 0.577551 0.794493 0.187657 0.206107 0.095491
-442.100098 -610.335144 -570.587769 0.491294 0.794493 0.356946 0.250000 0.095491
-663.817444 -233.127350 -731.674622 0.771670 0.300329 0.560650 0.095491 0.345491
-663.817444 -233.127350 -731.674622 0.771670 0.300329 0.560650 0.095491 0.345491
-765.729553 -233.127350 -531.660461 0.907152 0.300329 0.294751 0.024472 0.345491
-505.085236 -610.335144 -446.972229 0.577551 0.794493 0.187657 0.206107 0.095491
-526.788330 -610.335144 -309.943390 0.604483 0.790844 0.095740 0.190983 0.095491
-505.085236 -610.335144 -446.972229 0.577551 0.794493 0.187657 0.206107 0.095491
-765.729553 -233.127350 -531.660461 0.907152 0.300329 0.294751 0.024472 0.345491
-765.729553 -233.127350 -531.660461 0.907152 0.300329 0.294751 0.024472 0.345491
-800.845886 -233.127335 -309.943146 0.943134 0.296960 0.149377 0.000000 0.345491
-526.788330 -610.335144 -309.943390 0.604483 0.790844 0.095740 0.190983 0.095491
-83.353951 -754.415710 -309.943817 0.000000 0.978596 0.205791 0.500000 0.000000
360.080444 -610.335144 -309.943909 -0.604483 0.790844 0.095741 0.809017 0.095491
338.377167 -610.335144 -446.972717 -0.577551 0.794493 0.187658 0.793893 0.095491
-83.353951 -754.415710 -309.943817 0.000000 0.978596 0.205791 0.500000 0.000000
338.377167 -610.335144 -446.972717 -0.577551 0.794493 0.187658 0.793893 0.095491
275.391907 -610.335144 -570.588135 -0.491294 0.794493 0.356946 0.750000 0.095491
-83.353951 -754.415710 -309.943817 0.000000 0.978596 0.205791 0.500000 0.000000
275.391907 -610.335144 -570.588135 -0.491294 0.794493 0.356946 0.750000 0.095491
177.290039 -610.335144 -668.689941 -0.356946 0.794493 0.491294 0.681635 0.095491
-83.353951 -754.415710 -309.943817 0.000000 0.978596 0.205791 0.500000 0.000000
177.290039 -610.335144 -668.689941 -0.356946 0.794493 0.491294 0.681635 0.095491
53.674522 -610.335144 -731.675049 -0.187657 0.794493 0.577551 0.595491 0.095491
-83.353951 -754.415710 -309.943817 0.000000 0.978596 0.205791 0.500000 0.000000
53.674522 -610.335144 -731.675049 -0.187657 0.794493 0.577551 0.595491 0.095491
-83.354309 -610.335144 -753.378174 0.000000 0.794493 0.607273 0.500000 0.095491
-83.353951 -754.415710 -309.943817 0.000000 0.978596 0.205791 0.500000 0.000000
-83.354309 -610.335144 -753.378174 0.000000 0.794493 0.607273 0.500000 0.095491
-220.382904 -610.335144 -731.674927 0.187658 0.794493 0.577551 0.404508 0.095491
-83.353951 -754.415710 -309.943817 0.000000 0.978596 0.205791 0.500000 0.000000
-220.382904 -610.335144 -731.674927 0.187658 0.794493 0.577551 0.404508 0.095491
-343.998352 -610.335144 -668.689575 0.356946 0.794493 0.491294 0.318364 0.095491
-83.353951 -754.415710 -309.943817 0.000000 0.978596 0.205791 0.500000 0.000000
-343.998352 -610.335144 -668.689575 0.356946 0.794493 0.491294 0.318364 0.095491
-442.100098 -610.335144 -570.587769 0.491294 0.794493 0.356946 0.250000 0.095491
-83.353951 -754.415710 -309.943817 0.000000 0.978596 0.205791 0.500000 0.000000
-442.100098 -610.335144 -570.587769 0.491294 0.794493 0.356946 0.250000 0.095491
-505.085236 -610.335144 -446.972229 0.577551 0.794493 0.187657 0.206107 0.095491
-83.353951 -754.415710 -309.943817 0.000000 0.978596 0.205791 0.500000 0.000000
-505.085236 -610.335144 -446.972229 0.577551 0.794493 0.187657 0.206107 0.095491
-526.788330 -610.335144 -309.943390 0.604483 0.790844 0.095740 0.190983 0.095491
Box
0
End