none
648
0.000000 6.959892 -0.000002 0.965926 -0.258819 0.000000 0.562387 0.752388
0.000000 6.884208 -0.380492 0.988304 0.152497 -0.000000 0.562387 0.837291
-0.145608 6.884207 -0.351530 0.980362 0.122859 0.154257 0.554684 0.830828
0.000000 6.959892 -0.000002 0.965926 -0.258819 0.000000 0.562387 0.752388
-0.145608 6.884207 -0.351530 0.980362 0.122859 0.154257 0.554684 0.830828
-0.269047 6.884207 -0.269050 0.957747 0.038456 0.285030 0.548153 0.812424
0.000000 6.959892 -0.000002 0.965926 -0.258819 0.000000 0.562387 0.752388
-0.269047 6.884207 -0.269050 0.957747 0.038456 0.285030 0.548153 0.812424
-0.351527 6.884207 -0.145609 0.923900 -0.087861 0.372409 0.543789 0.784879
0.000000 6.959892 -0.000002 0.965926 -0.258819 0.000000 0.562387 0.752388
-0.351527 6.884207 -0.145609 0.923900 -0.087861 0.372409 0.543789 0.784879
-0.380490 6.884207 -0.000002 0.883976 -0.236860 0.403093 0.542257 0.752388
0.000000 6.959892 -0.000002 0.965926 -0.258819 0.000000 0.562387 0.752388
-0.380490 6.884207 -0.000002 0.883976 -0.236860 0.403093 0.542257 0.752388
-0.351527 6.884207 0.145606 0.844051 -0.385860 0.372409 0.543789 0.719896
0.000000 6.959892 -0.000002 0.965926 -0.258819 0.000000 0.562387 0.752388
-0.351527 6.884207 0.145606 0.844051 -0.385860 0.372409 0.543789 0.719896
-0.269047 6.884207 0.269046 0.810205 -0.512178 0.285028 0.548153 0.692352
0.000000 6.959892 -0.000002 0.965926 -0.258819 0.000000 0.562387 0.752388
-0.269047 6.884207 0.269046 0.810205 -0.512178 0.285028 0.548153 0.692352
-0.145608 6.884207 0.351526 0.787589 -0.596580 0.154257 0.554684 0.673947
0.000000 6.959892 -0.000002 0.965926 -0.258819 0.000000 0.562387 0.752388
-0.145608 6.884207 0.351526 0.787589 -0.596580 0.154257 0.554684 0.673947
0.000000 6.884208 0.380489 0.779648 -0.626218 0.000000 0.562387 0.667484
0.000000 6.959892 -0.000002 0.965926 -0.258819 0.000000 0.562387 0.752388
0.000000 6.884208 0.380489 0.779648 -0.626218 0.000000 0.562387 0.667484
0.145608 6.884207 0.351526 0.787589 -0.596580 -0.154257 0.570091 0.673947
0.000000 6.959892 -0.000002 0.965926 -0.258819 0.000000 0.562387 0.752388
0.145608 6.884207 0.351526 0.787589 -0.596580 -0.154257 0.570091 0.673947
0.269048 6.884207 0.269046 0.810205 -0.512178 -0.285029 0.576622 0.692352
0.000000 6.959892 -0.000002 0.965926 -0.258819 0.000000 0.562387 0.752388
0.269048 6.884207 0.269046 0.810205 -0.512178 -0.285029 0.576622 0.692352
0.351528 6.884207 0.145606 0.844051 -0.385862 -0.372409 0.580986 0.719897
0.000000 6.959892 -0.000002 0.965926 -0.258819 0.000000 0.562387 0.752388
0.351528 6.884207 0.145606 0.844051 -0.385862 -0.372409 0.580986 0.719897
0.380491 6.884208 -0.000002 0.883976 -0.236860 -0.403092 0.582518 0.752388
0.000000 6.959892 -0.000002 0.965926 -0.258819 0.000000 0.562387 0.752388
0.380491 6.884208 -0.000002 0.883976 -0.236860 -0.403092 0.582518 0.752388
0.351527 6.884207 -0.145609 0.923901 -0.087858 -0.372408 0.580985 0.784879
0.000000 6.959892 -0.000002 0.965926 -0.258819 0.000000 0.562387 0.752388
0.351527 6.884207 -0.145609 0.923901 -0.087858 -0.372408 0.580985 0.784879
0.269048 6.884207 -0.269050 0.957747 0.038457 -0.285030 0.576622 0.812424
0.000000 6.959892 -0.000002 0.965926 -0.258819 0.000000 0.562387 0.752388
0.269048 6.884207 -0.269050 0.957747 0.038457 -0.285030 0.576622 0.812424
0.145608 6.884207 -0.351530 0.980362 0.122858 -0.154257 0.570091 0.830829
0.000000 6.959892 -0.000002 0.965926 -0.258819 0.000000 0.562387 0.752388
0.145608 6.884207 -0.351530 0.980362 0.122858 -0.154257 0.570091 0.830829
0.000000 6.884208 -0.380492 0.988304 0.152497 -0.000000 0.562387 0.837291
0.000000 6.884208 -0.380492 0.988304 0.152497 -0.000000 0.562387 0.837291
0.000000 6.668676 -0.703057 0.857524 0.514444 0.000000 0.562387 0.909269
-0.269047 6.668675 -0.649540 0.843361 0.461589 0.275095 0.548153 0.897327
-0.269047 6.668675 -0.649540 0.843361 0.461589 0.275095 0.548153 0.897327
-0.145608 6.884207 -0.351530 0.980362 0.122859 0.154257 0.554684 0.830828
0.000000 6.884208 -0.380492 0.988304 0.152497 -0.000000 0.562387 0.837291
-0.145608 6.884207 -0.351530 0.980362 0.122859 0.154257 0.554684 0.830828
-0.269047 6.668675 -0.649540 0.843361 0.461589 0.275095 0.548153 0.897327
-0.497135 6.668676 -0.497137 0.803030 0.311070 0.508310 0.536086 0.863320
-0.497135 6.668676 -0.497137 0.803030 0.311070 0.508310 0.536086 0.863320
-0.269047 6.884207 -0.269050 0.957747 0.038456 0.285030 0.548153 0.812424
-0.145608 6.884207 -0.351530 0.980362 0.122859 0.154257 0.554684 0.830828
-0.269047 6.884207 -0.269050 0.957747 0.038456 0.285030 0.548153 0.812424
-0.497135 6.668676 -0.497137 0.803030 0.311070 0.508310 0.536086 0.863320
-0.649538 6.668676 -0.269050 0.742670 0.085802 0.664138 0.528023 0.812424
-0.649538 6.668676 -0.269050 0.742670 0.085802 0.664138 0.528023 0.812424
-0.351527 6.884207 -0.145609 0.923900 -0.087861 0.372409 0.543789 0.784879
-0.269047 6.884207 -0.269050 0.957747 0.038456 0.285030 0.548153 0.812424
-0.351527 6.884207 -0.145609 0.923900 -0.087861 0.372409 0.543789 0.784879
-0.649538 6.668676 -0.269050 0.742670 0.085802 0.664138 0.528023 0.812424
-0.703054 6.668676 -0.000002 0.671470 -0.179920 0.718858 0.525191 0.752388
-0.703054 6.668676 -0.000002 0.671470 -0.179920 0.718858 0.525191 0.752388
-0.380490 6.884207 -0.000002 0.883976 -0.236860 0.403093 0.542257 0.752388
-0.351527 6.884207 -0.145609 0.923900 -0.087861 0.372409 0.543789 0.784879
-0.380490 6.884207 -0.000002 0.883976 -0.236860 0.403093 0.542257 0.752388
-0.703054 6.668676 -0.000002 0.671470 -0.179920 0.718858 0.525191 0.752388
-0.649538 6.668676 0.269046 0.600270 -0.445641 0.664138 0.528023 0.692352
-0.649538 6.668676 0.269046 0.600270 -0.445641 0.664138 0.528023 0.692352
-0.351527 6.884207 0.145606 0.844051 -0.385860 0.372409 0.543789 0.719896
-0.380490 6.884207 -0.000002 0.883976 -0.236860 0.403093 0.542257 0.752388
-0.351527 6.884207 0.145606 0.844051 -0.385860 0.372409 0.543789 0.719896
-0.649538 6.668676 0.269046 0.600270 -0.445641 0.664138 0.528023 0.692352
-0.497135 6.668676 0.497133 0.539909 -0.670909 0.508310 0.536086 0.641456
-0.497135 6.668676 0.497133 0.539909 -0.670909 0.508310 0.536086 0.641456
-0.269047 6.884207 0.269046 0.810205 -0.512178 0.285028 0.548153 0.692352
-0.351527 6.884207 0.145606 0.844051 -0.385860 0.372409 0.543789 0.719896
-0.269047 6.884207 0.269046 0.810205 -0.512178 0.285028 0.548153 0.692352
-0.497135 6.668676 0.497133 0.539909 -0.670909 0.508310 0.536086 0.641456
-0.269047 6.668677 0.649537 0.499578 -0.821428 0.275095 0.548153 0.607448
-0.269047 6.668677 0.649537 0.499578 -0.821428 0.275095 0.548153 0.607448
-0.145608 6.884207 0.351526 0.787589 -0.596580 0.154257 0.554684 0.673947
-0.269047 6.884207 0.269046 0.810205 -0.512178 0.285028 0.548153 0.692352
-0.145608 6.884207 0.351526 0.787589 -0.596580 0.154257 0.554684 0.673947
-0.269047 6.668677 0.649537 0.499578 -0.821428 0.275095 0.548153 0.607448
0.000000 6.668676 0.703053 0.485415 -0.874284 0.000000 0.562387 0.595506
0.000000 6.668676 0.703053 0.485415 -0.874284 0.000000 0.562387 0.595506
0.000000 6.884208 0.380489 0.779648 -0.626218 0.000000 0.562387 0.667484
-0.145608 6.884207 0.351526 0.787589 -0.596580 0.154257 0.554684 0.673947
0.000000 6.884208 0.380489 0.779648 -0.626218 0.000000 0.562387 0.667484
0.000000 6.668676 0.703053 0.485415 -0.874284 0.000000 0.562387 0.595506
0.269048 6.668677 0.649537 0.499578 -0.821428 -0.275095 0.576622 0.607448
0.269048 6.668677 0.649537 0.499578 -0.821428 -0.275095 0.576622 0.607448
0.145608 6.884207 0.351526 0.787589 -0.596580 -0.154257 0.570091 0.673947
0.000000 6.884208 0.380489 0.779648 -0.626218 0.000000 0.562387 0.667484
0.145608 6.884207 0.351526 0.787589 -0.596580 -0.154257 0.570091 0.673947
0.269048 6.668677 0.649537 0.499578 -0.821428 -0.275095 0.576622 0.607448
0.497135 6.668676 0.497133 0.539910 -0.670909 -0.508310 0.588689 0.641456
0.497135 6.668676 0.497133 0.539910 -0.670909 -0.508310 0.588689 0.641456
0.269048 6.884207 0.269046 0.810205 -0.512178 -0.285029 0.576622 0.692352
0.145608 6.884207 0.351526 0.787589 -0.596580 -0.154257 0.570091 0.673947
0.269048 6.884207 0.269046 0.810205 -0.512178 -0.285029 0.576622 0.692352
0.497135 6.668676 0.497133 0.539910 -0.670909 -0.508310 0.588689 0.641456
0.649539 6.668676 0.269046 0.600270 -0.445641 -0.664139 0.596752 0.692352
0.649539 6.668676 0.269046 0.600270 -0.445641 -0.664139 0.596752 0.692352
0.351528 6.884207 0.145606 0.844051 -0.385862 -0.372409 0.580986 0.719897
0.269048 6.884207 0.269046 0.810205 -0.512178 -0.285029 0.576622 0.692352
0.351528 6.884207 0.145606 0.844051 -0.385862 -0.372409 0.580986 0.719897
0.649539 6.668676 0.269046 0.600270 -0.445641 -0.664139 0.596752 0.692352
0.703055 6.668676 -0.000002 0.671469 -0.179920 -0.718859 0.599584 0.752388
0.703055 6.668676 -0.000002 0.671469 -0.179920 -0.718859 0.599584 0.752388
0.380491 6.884208 -0.000002 0.883976 -0.236860 -0.403092 0.582518 0.752388
0.351528 6.884207 0.145606 0.844051 -0.385862 -0.372409 0.580986 0.719897
0.380491 6.884208 -0.000002 0.883976 -0.236860 -0.403092 0.582518 0.752388
0.703055 6.668676 -0.000002 0.671469 -0.179920 -0.718859 0.599584 0.752388
0.649539 6.668676 -0.269050 0.742670 0.085803 -0.664138 0.596752 0.812424
0.649539 6.668676 -0.269050 0.742670 0.085803 -0.664138 0.596752 0.812424
0.351527 6.884207 -0.145609 0.923901 -0.087858 -0.372408 0.580985 0.784879
0.380491 6.884208 -0.000002 0.883976 -0.236860 -0.403092 0.582518 0.752388
0.351527 6.884207 -0.145609 0.923901 -0.087858 -0.372408 0.580985 0.784879
0.649539 6.668676 -0.269050 0.742670 0.085803 -0.664138 0.596752 0.812424
0.497135 6.668676 -0.497137 0.803030 0.311070 -0.508308 0.588689 0.863320
0.497135 6.668676 -0.497137 0.803030 0.311070 -0.508308 0.588689 0.863320
0.269048 6.884207 -0.269050 0.957747 0.038457 -0.285030 0.576622 0.812424
0.351527 6.884207 -0.145609 0.923901 -0.087858 -0.372408 0.580985 0.784879
0.269048 6.884207 -0.269050 0.957747 0.038457 -0.285030 0.576622 0.812424
0.497135 6.668676 -0.497137 0.803030 0.311070 -0.508308 0.588689 0.863320
0.269047 6.668675 -0.649540 0.843361 0.461589 -0.275095 0.576622 0.897327
0.269047 6.668675 -0.649540 0.843361 0.461589 -0.275095 0.576622 0.897327
0.145608 6.884207 -0.351530 0.980362 0.122858 -0.154257 0.570091 0.830829
0.269048 6.884207 -0.269050 0.957747 0.038457 -0.285030 0.576622 0.812424
0.145608 6.884207 -0.351530 0.980362 0.122858 -0.154257 0.570091 0.830829
0.269047 6.668675 -0.649540 0.843361 0.461589 -0.275095 0.576622 0.897327
0.000000 6.668676 -0.703057 0.857524 0.514444 0.000000 0.562387 0.909269
0.000000 6.668676 -0.703057 0.857524 0.514444 0.000000 0.562387 0.909269
0.000000 6.884208 -0.380492 0.988304 0.152497 -0.000000 0.562387 0.837291
0.145608 6.884207 -0.351530 0.980362 0.122858 -0.154257 0.570091 0.830829
0.000000 6.668676 -0.703057 0.857524 0.514444 0.000000 0.562387 0.909269
0.000000 6.346112 -0.918588 0.601609 0.798791 0.000000 0.562387 0.957363
-0.351527 6.346112 -0.848664 0.583340 0.730611 0.354855 0.543789 0.941761
-0.351527 6.346112 -0.848664 0.583340 0.730611 0.354855 0.543789 0.941761
-0.269047 6.668675 -0.649540 0.843361 0.461589 0.275095 0.548153 0.897327
0.000000 6.668676 -0.703057 0.857524 0.514444 0.000000 0.562387 0.909269
-0.269047 6.668675 -0.649540 0.843361 0.461589 0.275095 0.548153 0.897327
-0.351527 6.346112 -0.848664 0.583340 0.730611 0.354855 0.543789 0.941761
-0.649538 6.346111 -0.649540 0.531315 0.536451 0.655686 0.528023 0.897327
-0.649538 6.346111 -0.649540 0.531315 0.536451 0.655686 0.528023 0.897327
-0.497135 6.668676 -0.497137 0.803030 0.311070 0.508310 0.536086 0.863320
-0.269047 6.668675 -0.649540 0.843361 0.461589 0.275095 0.548153 0.897327
-0.497135 6.668676 -0.497137 0.803030 0.311070 0.508310 0.536086 0.863320
-0.649538 6.346111 -0.649540 0.531315 0.536451 0.655686 0.528023 0.897327
-0.848662 6.346112 -0.351529 0.453454 0.245871 0.856695 0.517488 0.830829
-0.848662 6.346112 -0.351529 0.453454 0.245871 0.856695 0.517488 0.830829
-0.649538 6.668676 -0.269050 0.742670 0.085802 0.664138 0.528023 0.812424
-0.497135 6.668676 -0.497137 0.803030 0.311070 0.508310 0.536086 0.863320
-0.649538 6.668676 -0.269050 0.742670 0.085802 0.664138 0.528023 0.812424
-0.848662 6.346112 -0.351529 0.453454 0.245871 0.856695 0.517488 0.830829
-0.918585 6.346112 -0.000002 0.361611 -0.096893 0.927280 0.513788 0.752388
-0.918585 6.346112 -0.000002 0.361611 -0.096893 0.927280 0.513788 0.752388
-0.703054 6.668676 -0.000002 0.671470 -0.179920 0.718858 0.525191 0.752388
-0.649538 6.668676 -0.269050 0.742670 0.085802 0.664138 0.528023 0.812424
-0.703054 6.668676 -0.000002 0.671470 -0.179920 0.718858 0.525191 0.752388
-0.918585 6.346112 -0.000002 0.361611 -0.096893 0.927280 0.513788 0.752388
-0.848662 6.346112 0.351526 0.269767 -0.439656 0.856696 0.517488 0.673947
-0.848662 6.346112 0.351526 0.269767 -0.439656 0.856696 0.517488 0.673947
-0.649538 6.668676 0.269046 0.600270 -0.445641 0.664138 0.528023 0.692352
-0.703054 6.668676 -0.000002 0.671470 -0.179920 0.718858 0.525191 0.752388
-0.649538 6.668676 0.269046 0.600270 -0.445641 0.664138 0.528023 0.692352
-0.848662 6.346112 0.351526 0.269767 -0.439656 0.856696 0.517488 0.673947
-0.649538 6.346112 0.649536 0.191907 -0.730238 0.655686 0.528023 0.607449
-0.649538 6.346112 0.649536 0.191907 -0.730238 0.655686 0.528023 0.607449
-0.497135 6.668676 0.497133 0.539909 -0.670909 0.508310 0.536086 0.641456
-0.649538 6.668676 0.269046 0.600270 -0.445641 0.664138 0.528023 0.692352
-0.497135 6.668676 0.497133 0.539909 -0.670909 0.508310 0.536086 0.641456
-0.649538 6.346112 0.649536 0.191907 -0.730238 0.655686 0.528023 0.607449
-0.351527 6.346111 0.848661 0.139881 -0.924397 0.354856 0.543789 0.563015
-0.351527 6.346111 0.848661 0.139881 -0.924397 0.354856 0.543789 0.563015
-0.269047 6.668677 0.649537 0.499578 -0.821428 0.275095 0.548153 0.607448
-0.497135 6.668676 0.497133 0.539909 -0.670909 0.508310 0.536086 0.641456
-0.269047 6.668677 0.649537 0.499578 -0.821428 0.275095 0.548153 0.607448
-0.351527 6.346111 0.848661 0.139881 -0.924397 0.354856 0.543789 0.563015
0.000000 6.346112 0.918584 0.121613 -0.992578 0.000000 0.562387 0.547413
0.000000 6.346112 0.918584 0.121613 -0.992578 0.000000 0.562387 0.547413
0.000000 6.668676 0.703053 0.485415 -0.874284 0.000000 0.562387 0.595506
-0.269047 6.668677 0.649537 0.499578 -0.821428 0.275095 0.548153 0.607448
0.000000 6.668676 0.703053 0.485415 -0.874284 0.000000 0.562387 0.595506
0.000000 6.346112 0.918584 0.121613 -0.992578 0.000000 0.562387 0.547413
0.351528 6.346112 0.848661 0.139882 -0.924397 -0.354855 0.580986 0.563016
0.351528 6.346112 0.848661 0.139882 -0.924397 -0.354855 0.580986 0.563016
0.269048 6.668677 0.649537 0.499578 -0.821428 -0.275095 0.576622 0.607448
0.000000 6.668676 0.703053 0.485415 -0.874284 0.000000 0.562387 0.595506
0.269048 6.668677 0.649537 0.499578 -0.821428 -0.275095 0.576622 0.607448
0.351528 6.346112 0.848661 0.139882 -0.924397 -0.354855 0.580986 0.563016
0.649539 6.346112 0.649537 0.191907 -0.730238 -0.655686 0.596752 0.607449
0.649539 6.346112 0.649537 0.191907 -0.730238 -0.655686 0.596752 0.607449
0.497135 6.668676 0.497133 0.539910 -0.670909 -0.508310 0.588689 0.641456
0.269048 6.668677 0.649537 0.499578 -0.821428 -0.275095 0.576622 0.607448
0.497135 6.668676 0.497133 0.539910 -0.670909 -0.508310 0.588689 0.641456
0.649539 6.346112 0.649537 0.191907 -0.730238 -0.655686 0.596752 0.607449
0.848663 6.346111 0.351526 0.269768 -0.439656 -0.856696 0.607287 0.673948
0.848663 6.346111 0.351526 0.269768 -0.439656 -0.856696 0.607287 0.673948
0.649539 6.668676 0.269046 0.600270 -0.445641 -0.664139 0.596752 0.692352
0.497135 6.668676 0.497133 0.539910 -0.670909 -0.508310 0.588689 0.641456
0.649539 6.668676 0.269046 0.600270 -0.445641 -0.664139 0.596752 0.692352
0.848663 6.346111 0.351526 0.269768 -0.439656 -0.856696 0.607287 0.673948
0.918586 6.346112 -0.000002 0.361611 -0.096893 -0.927280 0.610986 0.752388
0.918586 6.346112 -0.000002 0.361611 -0.096893 -0.927280 0.610986 0.752388
0.703055 6.668676 -0.000002 0.671469 -0.179920 -0.718859 0.599584 0.752388
0.649539 6.668676 0.269046 0.600270 -0.445641 -0.664139 0.596752 0.692352
0.703055 6.668676 -0.000002 0.671469 -0.179920 -0.718859 0.599584 0.752388
0.918586 6.346112 -0.000002 0.361611 -0.096893 -0.927280 0.610986 0.752388
0.848662 6.346112 -0.351530 0.453454 0.245871 -0.856695 0.607287 0.830829
0.848662 6.346112 -0.351530 0.453454 0.245871 -0.856695 0.607287 0.830829
0.649539 6.668676 -0.269050 0.742670 0.085803 -0.664138 0.596752 0.812424
0.703055 6.668676 -0.000002 0.671469 -0.179920 -0.718859 0.599584 0.752388
0.649539 6.668676 -0.269050 0.742670 0.085803 -0.664138 0.596752 0.812424
0.848662 6.346112 -0.351530 0.453454 0.245871 -0.856695 0.607287 0.830829
0.649538 6.346112 -0.649541 0.531315 0.536452 -0.655685 0.596752 0.897328
0.649538 6.346112 -0.649541 0.531315 0.536452 -0.655685 0.596752 0.897328
0.497135 6.668676 -0.497137 0.803030 0.311070 -0.508308 0.588689 0.863320
0.649539 6.668676 -0.269050 0.742670 0.085803 -0.664138 0.596752 0.812424
0.497135 6.668676 -0.497137 0.803030 0.311070 -0.508308 0.588689 0.863320
0.649538 6.346112 -0.649541 0.531315 0.536452 -0.655685 0.596752 0.897328
0.351527 6.346112 -0.848665 0.583340 0.730611 -0.354854 0.580985 0.941761
0.351527 6.346112 -0.848665 0.583340 0.730611 -0.354854 0.580985 0.941761
0.269047 6.668675 -0.649540 0.843361 0.461589 -0.275095 0.576622 0.897327
0.497135 6.668676 -0.497137 0.803030 0.311070 -0.508308 0.588689 0.863320
0.269047 6.668675 -0.649540 0.843361 0.461589 -0.275095 0.576622 0.897327
0.351527 6.346112 -0.848665 0.583340 0.730611 -0.354854 0.580985 0.941761
0.000000 6.346112 -0.918588 0.601609 0.798791 0.000000 0.562387 0.957363
0.000000 6.346112 -0.918588 0.601609 0.798791 0.000000 0.562387 0.957363
0.000000 6.668676 -0.703057 0.857524 0.514444 0.000000 0.562387 0.909269
0.269047 6.668675 -0.649540 0.843361 0.461589 -0.275095 0.576622 0.897327
0.000000 6.346112 -0.918588 0.601609 0.798791 0.000000 0.562387 0.957363
0.000000 5.965621 -0.994272 0.258819 0.965926 0.000000 0.562387 0.974252
-0.380490 5.965621 -0.918588 0.239118 0.892399 0.382684 0.542257 0.957363
-0.380490 5.965621 -0.918588 0.239118 0.892399 0.382684 0.542257 0.957363
-0.351527 6.346112 -0.848664 0.583340 0.730611 0.354855 0.543789 0.941761
0.000000 6.346112 -0.918588 0.601609 0.798791 0.000000 0.562387 0.957363
-0.351527 6.346112 -0.848664 0.583340 0.730611 0.354855 0.543789 0.941761
-0.380490 5.965621 -0.918588 0.239118 0.892399 0.382684 0.542257 0.957363
-0.703054 5.965621 -0.703057 0.183013 0.683012 0.707107 0.525191 0.909270
-0.703054 5.965621 -0.703057 0.183013 0.683012 0.707107 0.525191 0.909270
-0.649538 6.346111 -0.649540 0.531315 0.536451 0.655686 0.528023 0.897327
-0.351527 6.346112 -0.848664 0.583340 0.730611 0.354855 0.543789 0.941761
-0.649538 6.346111 -0.649540 0.531315 0.536451 0.655686 0.528023 0.897327
-0.703054 5.965621 -0.703057 0.183013 0.683012 0.707107 0.525191 0.909270
-0.918585 5.965621 -0.380492 0.099046 0.369644 0.923879 0.513788 0.837292
-0.918585 5.965621 -0.380492 0.099046 0.369644 0.923879 0.513788 0.837292
-0.848662 6.346112 -0.351529 0.453454 0.245871 0.856695 0.517488 0.830829
-0.649538 6.346111 -0.649540 0.531315 0.536451 0.655686 0.528023 0.897327
-0.848662 6.346112 -0.351529 0.453454 0.245871 0.856695 0.517488 0.830829
-0.918585 5.965621 -0.380492 0.099046 0.369644 0.923879 0.513788 0.837292
-0.994270 5.965621 -0.000002 0.000000 0.000000 1.000000 0.509784 0.752388
-0.994270 5.965621 -0.000002 0.000000 0.000000 1.000000 0.509784 0.752388
-0.918585 6.346112 -0.000002 0.361611 -0.096893 0.927280 0.513788 0.752388
-0.848662 6.346112 -0.351529 0.453454 0.245871 0.856695 0.517488 0.830829
-0.918585 6.346112 -0.000002 0.361611 -0.096893 0.927280 0.513788 0.752388
-0.994270 5.965621 -0.000002 0.000000 0.000000 1.000000 0.509784 0.752388
-0.918585 5.965621 0.380489 -0.099045 -0.369644 0.923879 0.513788 0.667485
-0.918585 5.965621 0.380489 -0.099045 -0.369644 0.923879 0.513788 0.667485
-0.848662 6.346112 0.351526 0.269767 -0.439656 0.856696 0.517488 0.673947
-0.918585 6.346112 -0.000002 0.361611 -0.096893 0.927280 0.513788 0.752388
-0.848662 6.346112 0.351526 0.269767 -0.439656 0.856696 0.517488 0.673947
-0.918585 5.965621 0.380489 -0.099045 -0.369644 0.923879 0.513788 0.667485
-0.703054 5.965621 0.703053 -0.183013 -0.683012 0.707107 0.525191 0.595507
-0.703054 5.965621 0.703053 -0.183013 -0.683012 0.707107 0.525191 0.595507
-0.649538 6.346112 0.649536 0.191907 -0.730238 0.655686 0.528023 0.607449
-0.848662 6.346112 0.351526 0.269767 -0.439656 0.856696 0.517488 0.673947
-0.649538 6.346112 0.649536 0.191907 -0.730238 0.655686 0.528023 0.607449
-0.703054 5.965621 0.703053 -0.183013 -0.683012 0.707107 0.525191 0.595507
-0.380490 5.965621 0.918584 -0.239117 -0.892399 0.382684 0.542257 0.547413
-0.380490 5.965621 0.918584 -0.239117 -0.892399 0.382684 0.542257 0.547413
-0.351527 6.346111 0.848661 0.139881 -0.924397 0.354856 0.543789 0.563015
-0.649538 6.346112 0.649536 0.191907 -0.730238 0.655686 0.528023 0.607449
-0.351527 6.346111 0.848661 0.139881 -0.924397 0.354856 0.543789 0.563015
-0.380490 5.965621 0.918584 -0.239117 -0.892399 0.382684 0.542257 0.547413
0.000000 5.965621 0.994269 -0.258819 -0.965926 0.000000 0.562387 0.530525
0.000000 5.965621 0.994269 -0.258819 -0.965926 0.000000 0.562387 0.530525
0.000000 6.346112 0.918584 0.121613 -0.992578 0.000000 0.562387 0.547413
-0.351527 6.346111 0.848661 0.139881 -0.924397 0.354856 0.543789 0.563015
0.000000 6.346112 0.918584 0.121613 -0.992578 0.000000 0.562387 0.547413
0.000000 5.965621 0.994269 -0.258819 -0.965926 0.000000 0.562387 0.530525
0.380491 5.965621 0.918584 -0.239117 -0.892399 -0.382684 0.582518 0.547413
0.380491 5.965621 0.918584 -0.239117 -0.892399 -0.382684 0.582518 0.547413
0.351528 6.346112 0.848661 0.139882 -0.924397 -0.354855 0.580986 0.563016
0.000000 6.346112 0.918584 0.121613 -0.992578 0.000000 0.562387 0.547413
0.351528 6.346112 0.848661 0.139882 -0.924397 -0.354855 0.580986 0.563016
0.380491 5.965621 0.918584 -0.239117 -0.892399 -0.382684 0.582518 0.547413
0.703055 5.965621 0.703054 -0.183013 -0.683013 -0.707107 0.599583 0.595507
0.703055 5.965621 0.703054 -0.183013 -0.683013 -0.707107 0.599583 0.595507
0.649539 6.346112 0.649537 0.191907 -0.730238 -0.655686 0.596752 0.607449
0.351528 6.346112 0.848661 0.139882 -0.924397 -0.354855 0.580986 0.563016
0.649539 6.346112 0.649537 0.191907 -0.730238 -0.655686 0.596752 0.607449
0.703055 5.965621 0.703054 -0.183013 -0.683013 -0.707107 0.599583 0.595507
0.918587 5.965621 0.380488 -0.099045 -0.369643 -0.923880 0.610986 0.667485
0.918587 5.965621 0.380488 -0.099045 -0.369643 -0.923880 0.610986 0.667485
0.848663 6.346111 0.351526 0.269768 -0.439656 -0.856696 0.607287 0.673948
0.649539 6.346112 0.649537 0.191907 -0.730238 -0.655686 0.596752 0.607449
0.848663 6.346111 0.351526 0.269768 -0.439656 -0.856696 0.607287 0.673948
0.918587 5.965621 0.380488 -0.099045 -0.369643 -0.923880 0.610986 0.667485
0.994270 5.965621 -0.000002 -0.000000 0.000001 -1.000000 0.614991 0.752389
0.994270 5.965621 -0.000002 -0.000000 0.000001 -1.000000 0.614991 0.752389
0.918586 6.346112 -0.000002 0.361611 -0.096893 -0.927280 0.610986 0.752388
0.848663 6.346111 0.351526 0.269768 -0.439656 -0.856696 0.607287 0.673948
0.918586 6.346112 -0.000002 0.361611 -0.096893 -0.927280 0.610986 0.752388
0.994270 5.965621 -0.000002 -0.000000 0.000001 -1.000000 0.614991 0.752389
0.918586 5.965621 -0.380493 0.099046 0.369644 -0.923879 0.610986 0.837292
0.918586 5.965621 -0.380493 0.099046 0.369644 -0.923879 0.610986 0.837292
0.848662 6.346112 -0.351530 0.453454 0.245871 -0.856695 0.607287 0.830829
0.918586 6.346112 -0.000002 0.361611 -0.096893 -0.927280 0.610986 0.752388
0.848662 6.346112 -0.351530 0.453454 0.245871 -0.856695 0.607287 0.830829
0.918586 5.965621 -0.380493 0.099046 0.369644 -0.923879 0.610986 0.837292
0.703054 5.965622 -0.703058 0.183013 0.683013 -0.707106 0.599583 0.909270
0.703054 5.965622 -0.703058 0.183013 0.683013 -0.707106 0.599583 0.909270
0.649538 6.346112 -0.649541 0.531315 0.536452 -0.655685 0.596752 0.897328
0.848662 6.346112 -0.351530 0.453454 0.245871 -0.856695 0.607287 0.830829
0.649538 6.346112 -0.649541 0.531315 0.536452 -0.655685 0.596752 0.897328
0.703054 5.965622 -0.703058 0.183013 0.683013 -0.707106 0.599583 0.909270
0.380489 5.965622 -0.918588 0.239118 0.892399 -0.382682 0.582518 0.957364
0.380489 5.965622 -0.918588 0.239118 0.892399 -0.382682 0.582518 0.957364
0.351527 6.346112 -0.848665 0.583340 0.730611 -0.354854 0.580985 0.941761
0.649538 6.346112 -0.649541 0.531315 0.536452 -0.655685 0.596752 0.897328
0.351527 6.346112 -0.848665 0.583340 0.730611 -0.354854 0.580985 0.941761
0.380489 5.965622 -0.918588 0.239118 0.892399 -0.382682 0.582518 0.957364
0.000000 5.965621 -0.994272 0.258819 0.965926 0.000000 0.562387 0.974252
0.000000 5.965621 -0.994272 0.258819 0.965926 0.000000 0.562387 0.974252
0.000000 6.346112 -0.918588 0.601609 0.798791 0.000000 0.562387 0.957363
0.351527 6.346112 -0.848665 0.583340 0.730611 -0.354854 0.580985 0.941761
0.000000 5.965621 -0.994272 0.258819 0.965926 0.000000 0.562387 0.974252
0.000000 5.585131 -0.918588 -0.121613 0.992578 -0.000000 0.562387 0.957364
-0.351527 5.585130 -0.848664 -0.139882 0.924398 0.354855 0.543789 0.941761
-0.351527 5.585130 -0.848664 -0.139882 0.924398 0.354855 0.543789 0.941761
-0.380490 5.965621 -0.918588 0.239118 0.892399 0.382684 0.542257 0.957363
0.000000 5.965621 -0.994272 0.258819 0.965926 0.000000 0.562387 0.974252
-0.380490 5.965621 -0.918588 0.239118 0.892399 0.382684 0.542257 0.957363
-0.351527 5.585130 -0.848664 -0.139882 0.924398 0.354855 0.543789 0.941761
-0.649538 5.585131 -0.649540 -0.191906 0.730237 0.655687 0.528023 0.897328
-0.649538 5.585131 -0.649540 -0.191906 0.730237 0.655687 0.528023 0.897328
-0.703054 5.965621 -0.703057 0.183013 0.683012 0.707107 0.525191 0.909270
-0.380490 5.965621 -0.918588 0.239118 0.892399 0.382684 0.542257 0.957363
-0.703054 5.965621 -0.703057 0.183013 0.683012 0.707107 0.525191 0.909270
-0.649538 5.585131 -0.649540 -0.191906 0.730237 0.655687 0.528023 0.897328
-0.848662 5.585131 -0.351529 -0.269767 0.439657 0.856696 0.517487 0.830829
-0.848662 5.585131 -0.351529 -0.269767 0.439657 0.856696 0.517487 0.830829
-0.918585 5.965621 -0.380492 0.099046 0.369644 0.923879 0.513788 0.837292
-0.703054 5.965621 -0.703057 0.183013 0.683012 0.707107 0.525191 0.909270
-0.918585 5.965621 -0.380492 0.099046 0.369644 0.923879 0.513788 0.837292
-0.848662 5.585131 -0.351529 -0.269767 0.439657 0.856696 0.517487 0.830829
-0.918585 5.585130 -0.000002 -0.361611 0.096895 0.927280 0.513788 0.752388
-0.918585 5.585130 -0.000002 -0.361611 0.096895 0.927280 0.513788 0.752388
-0.994270 5.965621 -0.000002 0.000000 0.000000 1.000000 0.509784 0.752388
-0.918585 5.965621 -0.380492 0.099046 0.369644 0.923879 0.513788 0.837292
-0.994270 5.965621 -0.000002 0.000000 0.000000 1.000000 0.509784 0.752388
-0.918585 5.585130 -0.000002 -0.361611 0.096895 0.927280 0.513788 0.752388
-0.848662 5.585131 0.351526 -0.453454 -0.245870 0.856696 0.517488 0.673948
-0.848662 5.585131 0.351526 -0.453454 -0.245870 0.856696 0.517488 0.673948
-0.918585 5.965621 0.380489 -0.099045 -0.369644 0.923879 0.513788 0.667485
-0.994270 5.965621 -0.000002 0.000000 0.000000 1.000000 0.509784 0.752388
-0.918585 5.965621 0.380489 -0.099045 -0.369644 0.923879 0.513788 0.667485
-0.848662 5.585131 0.351526 -0.453454 -0.245870 0.856696 0.517488 0.673948
-0.649538 5.585131 0.649537 -0.531315 -0.536451 0.655687 0.528023 0.607449
-0.649538 5.585131 0.649537 -0.531315 -0.536451 0.655687 0.528023 0.607449
-0.703054 5.965621 0.703053 -0.183013 -0.683012 0.707107 0.525191 0.595507
-0.918585 5.965621 0.380489 -0.099045 -0.369644 0.923879 0.513788 0.667485
-0.703054 5.965621 0.703053 -0.183013 -0.683012 0.707107 0.525191 0.595507
-0.649538 5.585131 0.649537 -0.531315 -0.536451 0.655687 0.528023 0.607449
-0.351527 5.585130 0.848661 -0.583340 -0.730610 0.354856 0.543789 0.563016
-0.351527 5.585130 0.848661 -0.583340 -0.730610 0.354856 0.543789 0.563016
-0.380490 5.965621 0.918584 -0.239117 -0.892399 0.382684 0.542257 0.547413
-0.703054 5.965621 0.703053 -0.183013 -0.683012 0.707107 0.525191 0.595507
-0.380490 5.965621 0.918584 -0.239117 -0.892399 0.382684 0.542257 0.547413
-0.351527 5.585130 0.848661 -0.583340 -0.730610 0.354856 0.543789 0.563016
0.000000 5.585131 0.918585 -0.601609 -0.798791 0.000000 0.562387 0.547413
0.000000 5.585131 0.918585 -0.601609 -0.798791 0.000000 0.562387 0.547413
0.000000 5.965621 0.994269 -0.258819 -0.965926 0.000000 0.562387 0.530525
-0.380490 5.965621 0.918584 -0.239117 -0.892399 0.382684 0.542257 0.547413
0.000000 5.965621 0.994269 -0.258819 -0.965926 0.000000 0.562387 0.530525
0.000000 5.585131 0.918585 -0.601609 -0.798791 0.000000 0.562387 0.547413
0.351528 5.585130 0.848661 -0.583340 -0.730610 -0.354856 0.580985 0.563016
0.351528 5.585130 0.848661 -0.583340 -0.730610 -0.354856 0.580985 0.563016
0.380491 5.965621 0.918584 -0.239117 -0.892399 -0.382684 0.582518 0.547413
0.000000 5.965621 0.994269 -0.258819 -0.965926 0.000000 0.562387 0.530525
0.380491 5.965621 0.918584 -0.239117 -0.892399 -0.382684 0.582518 0.547413
0.351528 5.585130 0.848661 -0.583340 -0.730610 -0.354856 0.580985 0.563016
0.649539 5.585131 0.649537 -0.531315 -0.536451 -0.655686 0.596752 0.607449
0.649539 5.585131 0.649537 -0.531315 -0.536451 -0.655686 0.596752 0.607449
0.703055 5.965621 0.703054 -0.183013 -0.683013 -0.707107 0.599583 0.595507
0.380491 5.965621 0.918584 -0.239117 -0.892399 -0.382684 0.582518 0.547413
0.703055 5.965621 0.703054 -0.183013 -0.683013 -0.707107 0.599583 0.595507
0.649539 5.585131 0.649537 -0.531315 -0.536451 -0.655686 0.596752 0.607449
0.848663 5.585131 0.351526 -0.453454 -0.245870 -0.856696 0.607287 0.673948
0.848663 5.585131 0.351526 -0.453454 -0.245870 -0.856696 0.607287 0.673948
0.918587 5.965621 0.380488 -0.099045 -0.369643 -0.923880 0.610986 0.667485
0.703055 5.965621 0.703054 -0.183013 -0.683013 -0.707107 0.599583 0.595507
0.918587 5.965621 0.380488 -0.099045 -0.369643 -0.923880 0.610986 0.667485
0.848663 5.585131 0.351526 -0.453454 -0.245870 -0.856696 0.607287 0.673948
0.918586 5.585131 -0.000002 -0.361610 0.096894 -0.927281 0.610986 0.752389
0.918586 5.585131 -0.000002 -0.361610 0.096894 -0.927281 0.610986 0.752389
0.994270 5.965621 -0.000002 -0.000000 0.000001 -1.000000 0.614991 0.752389
0.918587 5.965621 0.380488 -0.099045 -0.369643 -0.923880 0.610986 0.667485
0.994270 5.965621 -0.000002 -0.000000 0.000001 -1.000000 0.614991 0.752389
0.918586 5.585131 -0.000002 -0.361610 0.096894 -0.927281 0.610986 0.752389
0.848662 5.585131 -0.351530 -0.269767 0.439658 -0.856695 0.607287 0.830830
0.848662 5.585131 -0.351530 -0.269767 0.439658 -0.856695 0.607287 0.830830
0.918586 5.965621 -0.380493 0.099046 0.369644 -0.923879 0.610986 0.837292
0.994270 5.965621 -0.000002 -0.000000 0.000001 -1.000000 0.614991 0.752389
0.918586 5.965621 -0.380493 0.099046 0.369644 -0.923879 0.610986 0.837292
0.848662 5.585131 -0.351530 -0.269767 0.439658 -0.856695 0.607287 0.830830
0.649538 5.585131 -0.649540 -0.191907 0.730238 -0.655686 0.596752 0.897328
0.649538 5.585131 -0.649540 -0.191907 0.730238 -0.655686 0.596752 0.897328
0.703054 5.965622 -0.703058 0.183013 0.683013 -0.707106 0.599583 0.909270
0.918586 5.965621 -0.380493 0.099046 0.369644 -0.923879 0.610986 0.837292
0.703054 5.965622 -0.703058 0.183013 0.683013 -0.707106 0.599583 0.909270
0.649538 5.585131 -0.649540 -0.191907 0.730238 -0.655686 0.596752 0.897328
0.351527 5.585131 -0.848665 -0.139881 0.924398 -0.354855 0.580985 0.941761
0.351527 5.585131 -0.848665 -0.139881 0.924398 -0.354855 0.580985 0.941761
0.380489 5.965622 -0.918588 0.239118 0.892399 -0.382682 0.582518 0.957364
0.703054 5.965622 -0.703058 0.183013 0.683013 -0.707106 0.599583 0.909270
0.380489 5.965622 -0.918588 0.239118 0.892399 -0.382682 0.582518 0.957364
0.351527 5.585131 -0.848665 -0.139881 0.924398 -0.354855 0.580985 0.941761
0.000000 5.585131 -0.918588 -0.121613 0.992578 -0.000000 0.562387 0.957364
0.000000 5.585131 -0.918588 -0.121613 0.992578 -0.000000 0.562387 0.957364
0.000000 5.965621 -0.994272 0.258819 0.965926 0.000000 0.562387 0.974252
0.380489 5.965622 -0.918588 0.239118 0.892399 -0.382682 0.582518 0.957364
0.000000 5.585131 -0.918588 -0.121613 0.992578 -0.000000 0.562387 0.957364
0.000000 5.262566 -0.703057 -0.485416 0.874283 -0.000000 0.562387 0.909270
-0.269047 5.262566 -0.649540 -0.499579 0.821428 0.275094 0.548153 0.897328
-0.269047 5.262566 -0.649540 -0.499579 0.821428 0.275094 0.548153 0.897328
-0.351527 5.585130 -0.848664 -0.139882 0.924398 0.354855 0.543789 0.941761
0.000000 5.585131 -0.918588 -0.121613 0.992578 -0.000000 0.562387 0.957364
-0.351527 5.585130 -0.848664 -0.139882 0.924398 0.354855 0.543789 0.941761
-0.269047 5.262566 -0.649540 -0.499579 0.821428 0.275094 0.548153 0.897328
-0.497135 5.262566 -0.497137 -0.539910 0.670909 0.508310 0.536086 0.863321
-0.497135 5.262566 -0.497137 -0.539910 0.670909 0.508310 0.536086 0.863321
-0.649538 5.585131 -0.649540 -0.191906 0.730237 0.655687 0.528023 0.897328
-0.351527 5.585130 -0.848664 -0.139882 0.924398 0.354855 0.543789 0.941761
-0.649538 5.585131 -0.649540 -0.191906 0.730237 0.655687 0.528023 0.897328
-0.497135 5.262566 -0.497137 -0.539910 0.670909 0.508310 0.536086 0.863321
-0.649538 5.262566 -0.269050 -0.600269 0.445641 0.664139 0.528023 0.812424
-0.649538 5.262566 -0.269050 -0.600269 0.445641 0.664139 0.528023 0.812424
-0.848662 5.585131 -0.351529 -0.269767 0.439657 0.856696 0.517487 0.830829
-0.649538 5.585131 -0.649540 -0.191906 0.730237 0.655687 0.528023 0.897328
-0.848662 5.585131 -0.351529 -0.269767 0.439657 0.856696 0.517487 0.830829
-0.649538 5.262566 -0.269050 -0.600269 0.445641 0.664139 0.528023 0.812424
-0.703054 5.262567 -0.000002 -0.671469 0.179920 0.718859 0.525191 0.752389
-0.703054 5.262567 -0.000002 -0.671469 0.179920 0.718859 0.525191 0.752389
-0.918585 5.585130 -0.000002 -0.361611 0.096895 0.927280 0.513788 0.752388
-0.848662 5.585131 -0.351529 -0.269767 0.439657 0.856696 0.517487 0.830829
-0.918585 5.585130 -0.000002 -0.361611 0.096895 0.927280 0.513788 0.752388
-0.703054 5.262567 -0.000002 -0.671469 0.179920 0.718859 0.525191 0.752389
-0.649538 5.262566 0.269046 -0.742670 -0.085801 0.664138 0.528023 0.692353
-0.649538 5.262566 0.269046 -0.742670 -0.085801 0.664138 0.528023 0.692353
-0.848662 5.585131 0.351526 -0.453454 -0.245870 0.856696 0.517488 0.673948
-0.918585 5.585130 -0.000002 -0.361611 0.096895 0.927280 0.513788 0.752388
-0.848662 5.585131 0.351526 -0.453454 -0.245870 0.856696 0.517488 0.673948
-0.649538 5.262566 0.269046 -0.742670 -0.085801 0.664138 0.528023 0.692353
-0.497135 5.262567 0.497133 -0.803030 -0.311070 0.508309 0.536086 0.641457
-0.497135 5.262567 0.497133 -0.803030 -0.311070 0.508309 0.536086 0.641457
-0.649538 5.585131 0.649537 -0.531315 -0.536451 0.655687 0.528023 0.607449
-0.848662 5.585131 0.351526 -0.453454 -0.245870 0.856696 0.517488 0.673948
-0.649538 5.585131 0.649537 -0.531315 -0.536451 0.655687 0.528023 0.607449
-0.497135 5.262567 0.497133 -0.803030 -0.311070 0.508309 0.536086 0.641457
-0.269047 5.262567 0.649537 -0.843361 -0.461589 0.275096 0.548153 0.607449
-0.269047 5.262567 0.649537 -0.843361 -0.461589 0.275096 0.548153 0.607449
-0.351527 5.585130 0.848661 -0.583340 -0.730610 0.354856 0.543789 0.563016
-0.649538 5.585131 0.649537 -0.531315 -0.536451 0.655687 0.528023 0.607449
-0.351527 5.585130 0.848661 -0.583340 -0.730610 0.354856 0.543789 0.563016
-0.269047 5.262567 0.649537 -0.843361 -0.461589 0.275096 0.548153 0.607449
0.000000 5.262566 0.703054 -0.857524 -0.514444 -0.000000 0.562387 0.595507
0.000000 5.262566 0.703054 -0.857524 -0.514444 -0.000000 0.562387 0.595507
0.000000 5.585131 0.918585 -0.601609 -0.798791 0.000000 0.562387 0.547413
-0.351527 5.585130 0.848661 -0.583340 -0.730610 0.354856 0.543789 0.563016
0.000000 5.585131 0.918585 -0.601609 -0.798791 0.000000 0.562387 0.547413
0.000000 5.262566 0.703054 -0.857524 -0.514444 -0.000000 0.562387 0.595507
0.269048 5.262567 0.649537 -0.843361 -0.461589 -0.275095 0.576622 0.607449
0.269048 5.262567 0.649537 -0.843361 -0.461589 -0.275095 0.576622 0.607449
0.351528 5.585130 0.848661 -0.583340 -0.730610 -0.354856 0.580985 0.563016
0.000000 5.585131 0.918585 -0.601609 -0.798791 0.000000 0.562387 0.547413
0.351528 5.585130 0.848661 -0.583340 -0.730610 -0.354856 0.580985 0.563016
0.269048 5.262567 0.649537 -0.843361 -0.461589 -0.275095 0.576622 0.607449
0.497135 5.262567 0.497133 -0.803030 -0.311070 -0.508310 0.588689 0.641457
0.497135 5.262567 0.497133 -0.803030 -0.311070 -0.508310 0.588689 0.641457
0.649539 5.585131 0.649537 -0.531315 -0.536451 -0.655686 0.596752 0.607449
0.351528 5.585130 0.848661 -0.583340 -0.730610 -0.354856 0.580985 0.563016
0.649539 5.585131 0.649537 -0.531315 -0.536451 -0.655686 0.596752 0.607449
0.497135 5.262567 0.497133 -0.803030 -0.311070 -0.508310 0.588689 0.641457
0.649539 5.262566 0.269046 -0.742670 -0.085801 -0.664138 0.596752 0.692353
0.649539 5.262566 0.269046 -0.742670 -0.085801 -0.664138 0.596752 0.692353
0.848663 5.585131 0.351526 -0.453454 -0.245870 -0.856696 0.607287 0.673948
0.649539 5.585131 0.649537 -0.531315 -0.536451 -0.655686 0.596752 0.607449
0.848663 5.585131 0.351526 -0.453454 -0.245870 -0.856696 0.607287 0.673948
0.649539 5.262566 0.269046 -0.742670 -0.085801 -0.664138 0.596752 0.692353
0.703055 5.262566 -0.000002 -0.671470 0.179920 -0.718858 0.599583 0.752389
0.703055 5.262566 -0.000002 -0.671470 0.179920 -0.718858 0.599583 0.752389
0.918586 5.585131 -0.000002 -0.361610 0.096894 -0.927281 0.610986 0.752389
0.848663 5.585131 0.351526 -0.453454 -0.245870 -0.856696 0.607287 0.673948
0.918586 5.585131 -0.000002 -0.361610 0.096894 -0.927281 0.610986 0.752389
0.703055 5.262566 -0.000002 -0.671470 0.179920 -0.718858 0.599583 0.752389
0.649539 5.262566 -0.269050 -0.600270 0.445642 -0.664138 0.596752 0.812425
0.649539 5.262566 -0.269050 -0.600270 0.445642 -0.664138 0.596752 0.812425
0.848662 5.585131 -0.351530 -0.269767 0.439658 -0.856695 0.607287 0.830830
0.918586 5.585131 -0.000002 -0.361610 0.096894 -0.927281 0.610986 0.752389
0.848662 5.585131 -0.351530 -0.269767 0.439658 -0.856695 0.607287 0.830830
0.649539 5.262566 -0.269050 -0.600270 0.445642 -0.664138 0.596752 0.812425
0.497135 5.262567 -0.497138 -0.539909 0.670910 -0.508309 0.588689 0.863321
0.497135 5.262567 -0.497138 -0.539909 0.670910 -0.508309 0.588689 0.863321
0.649538 5.585131 -0.649540 -0.191907 0.730238 -0.655686 0.596752 0.897328
0.848662 5.585131 -0.351530 -0.269767 0.439658 -0.856695 0.607287 0.830830
0.649538 5.585131 -0.649540 -0.191907 0.730238 -0.655686 0.596752 0.897328
0.497135 5.262567 -0.497138 -0.539909 0.670910 -0.508309 0.588689 0.863321
0.269047 5.262567 -0.649540 -0.499578 0.821428 -0.275095 0.576622 0.897328
0.269047 5.262567 -0.649540 -0.499578 0.821428 -0.275095 0.576622 0.897328
0.351527 5.585131 -0.848665 -0.139881 0.924398 -0.354855 0.580985 0.941761
0.649538 5.585131 -0.649540 -0.191907 0.730238 -0.655686 0.596752 0.897328
0.351527 5.585131 -0.848665 -0.139881 0.924398 -0.354855 0.580985 0.941761
0.269047 5.262567 -0.649540 -0.499578 0.821428 -0.275095 0.576622 0.897328
0.000000 5.262566 -0.703057 -0.485416 0.874283 -0.000000 0.562387 0.909270
0.000000 5.262566 -0.703057 -0.485416 0.874283 -0.000000 0.562387 0.909270
0.000000 5.585131 -0.918588 -0.121613 0.992578 -0.000000 0.562387 0.957364
0.351527 5.585131 -0.848665 -0.139881 0.924398 -0.354855 0.580985 0.941761
0.000000 5.262566 -0.703057 -0.485416 0.874283 -0.000000 0.562387 0.909270
0.000000 5.047035 -0.380492 -0.659346 0.751840 0.000000 0.562387 0.837292
-0.145608 5.047035 -0.351529 -0.670291 0.710990 0.212607 0.554683 0.830830
-0.145608 5.047035 -0.351529 -0.670291 0.710990 0.212607 0.554683 0.830830
-0.269047 5.262566 -0.649540 -0.499579 0.821428 0.275094 0.548153 0.897328
0.000000 5.262566 -0.703057 -0.485416 0.874283 -0.000000 0.562387 0.909270
-0.269047 5.262566 -0.649540 -0.499579 0.821428 0.275094 0.548153 0.897328
-0.145608 5.047035 -0.351529 -0.670291 0.710990 0.212607 0.554683 0.830830
-0.269047 5.047035 -0.269050 -0.701462 0.594662 0.392846 0.548153 0.812425
-0.269047 5.047035 -0.269050 -0.701462 0.594662 0.392846 0.548153 0.812425
-0.497135 5.262566 -0.497137 -0.539910 0.670909 0.508310 0.536086 0.863321
-0.269047 5.262566 -0.649540 -0.499579 0.821428 0.275094 0.548153 0.897328
-0.497135 5.262566 -0.497137 -0.539910 0.670909 0.508310 0.536086 0.863321
-0.269047 5.047035 -0.269050 -0.701462 0.594662 0.392846 0.548153 0.812425
-0.351527 5.047035 -0.145609 -0.748111 0.420562 0.513281 0.543789 0.784880
-0.351527 5.047035 -0.145609 -0.748111 0.420562 0.513281 0.543789 0.784880
-0.649538 5.262566 -0.269050 -0.600269 0.445641 0.664139 0.528023 0.812424
-0.497135 5.262566 -0.497137 -0.539910 0.670909 0.508310 0.536086 0.863321
-0.649538 5.262566 -0.269050 -0.600269 0.445641 0.664139 0.528023 0.812424
-0.351527 5.047035 -0.145609 -0.748111 0.420562 0.513281 0.543789 0.784880
-0.380490 5.047035 -0.000002 -0.803137 0.215201 0.555571 0.542257 0.752389
-0.380490 5.047035 -0.000002 -0.803137 0.215201 0.555571 0.542257 0.752389
-0.703054 5.262567 -0.000002 -0.671469 0.179920 0.718859 0.525191 0.752389
-0.649538 5.262566 -0.269050 -0.600269 0.445641 0.664139 0.528023 0.812424
-0.703054 5.262567 -0.000002 -0.671469 0.179920 0.718859 0.525191 0.752389
-0.380490 5.047035 -0.000002 -0.803137 0.215201 0.555571 0.542257 0.752389
-0.351527 5.047035 0.145606 -0.858165 0.009837 0.513280 0.543789 0.719898
-0.351527 5.047035 0.145606 -0.858165 0.009837 0.513280 0.543789 0.719898
-0.649538 5.262566 0.269046 -0.742670 -0.085801 0.664138 0.528023 0.692353
-0.703054 5.262567 -0.000002 -0.671469 0.179920 0.718859 0.525191 0.752389
-0.649538 5.262566 0.269046 -0.742670 -0.085801 0.664138 0.528023 0.692353
-0.351527 5.047035 0.145606 -0.858165 0.009837 0.513280 0.543789 0.719898
-0.269047 5.047035 0.269046 -0.904814 -0.164261 0.392848 0.548153 0.692353
-0.269047 5.047035 0.269046 -0.904814 -0.164261 0.392848 0.548153 0.692353
-0.497135 5.262567 0.497133 -0.803030 -0.311070 0.508309 0.536086 0.641457
-0.649538 5.262566 0.269046 -0.742670 -0.085801 0.664138 0.528023 0.692353
-0.497135 5.262567 0.497133 -0.803030 -0.311070 0.508309 0.536086 0.641457
-0.269047 5.047035 0.269046 -0.904814 -0.164261 0.392848 0.548153 0.692353
-0.145608 5.047035 0.351526 -0.935984 -0.280591 0.212608 0.554684 0.673948
-0.145608 5.047035 0.351526 -0.935984 -0.280591 0.212608 0.554684 0.673948
-0.269047 5.262567 0.649537 -0.843361 -0.461589 0.275096 0.548153 0.607449
-0.497135 5.262567 0.497133 -0.803030 -0.311070 0.508309 0.536086 0.641457
-0.269047 5.262567 0.649537 -0.843361 -0.461589 0.275096 0.548153 0.607449
-0.145608 5.047035 0.351526 -0.935984 -0.280591 0.212608 0.554684 0.673948
0.000000 5.047035 0.380489 -0.946930 -0.321440 0.000000 0.562387 0.667485
0.000000 5.047035 0.380489 -0.946930 -0.321440 0.000000 0.562387 0.667485
0.000000 5.262566 0.703054 -0.857524 -0.514444 -0.000000 0.562387 0.595507
-0.269047 5.262567 0.649537 -0.843361 -0.461589 0.275096 0.548153 0.607449
0.000000 5.262566 0.703054 -0.857524 -0.514444 -0.000000 0.562387 0.595507
0.000000 5.047035 0.380489 -0.946930 -0.321440 0.000000 0.562387 0.667485
0.145608 5.047035 0.351526 -0.935984 -0.280591 -0.212609 0.570091 0.673948
0.145608 5.047035 0.351526 -0.935984 -0.280591 -0.212609 0.570091 0.673948
0.269048 5.262567 0.649537 -0.843361 -0.461589 -0.275095 0.576622 0.607449
0.000000 5.262566 0.703054 -0.857524 -0.514444 -0.000000 0.562387 0.595507
0.269048 5.262567 0.649537 -0.843361 -0.461589 -0.275095 0.576622 0.607449
0.145608 5.047035 0.351526 -0.935984 -0.280591 -0.212609 0.570091 0.673948
0.269048 5.047035 0.269046 -0.904814 -0.164262 -0.392848 0.576622 0.692353
0.269048 5.047035 0.269046 -0.904814 -0.164262 -0.392848 0.576622 0.692353
0.497135 5.262567 0.497133 -0.803030 -0.311070 -0.508310 0.588689 0.641457
0.269048 5.262567 0.649537 -0.843361 -0.461589 -0.275095 0.576622 0.607449
0.497135 5.262567 0.497133 -0.803030 -0.311070 -0.508310 0.588689 0.641457
0.269048 5.047035 0.269046 -0.904814 -0.164262 -0.392848 0.576622 0.692353
0.351528 5.047035 0.145606 -0.858164 0.009838 -0.513280 0.580985 0.719898
0.351528 5.047035 0.145606 -0.858164 0.009838 -0.513280 0.580985 0.719898
0.649539 5.262566 0.269046 -0.742670 -0.085801 -0.664138 0.596752 0.692353
0.497135 5.262567 0.497133 -0.803030 -0.311070 -0.508310 0.588689 0.641457
0.649539 5.262566 0.269046 -0.742670 -0.085801 -0.664138 0.596752 0.692353
0.351528 5.047035 0.145606 -0.858164 0.009838 -0.513280 0.580985 0.719898
0.380491 5.047035 -0.000002 -0.803137 0.215201 -0.555571 0.582518 0.752389
0.380491 5.047035 -0.000002 -0.803137 0.215201 -0.555571 0.582518 0.752389
0.703055 5.262566 -0.000002 -0.671470 0.179920 -0.718858 0.599583 0.752389
0.649539 5.262566 0.269046 -0.742670 -0.085801 -0.664138 0.596752 0.692353
0.703055 5.262566 -0.000002 -0.671470 0.179920 -0.718858 0.599583 0.752389
0.380491 5.047035 -0.000002 -0.803137 0.215201 -0.555571 0.582518 0.752389
0.351527 5.047035 -0.145609 -0.748111 0.420563 -0.513280 0.580985 0.784880
0.351527 5.047035 -0.145609 -0.748111 0.420563 -0.513280 0.580985 0.784880
0.649539 5.262566 -0.269050 -0.600270 0.445642 -0.664138 0.596752 0.812425
0.703055 5.262566 -0.000002 -0.671470 0.179920 -0.718858 0.599583 0.752389
0.649539 5.262566 -0.269050 -0.600270 0.445642 -0.664138 0.596752 0.812425
0.351527 5.047035 -0.145609 -0.748111 0.420563 -0.513280 0.580985 0.784880
0.269048 5.047035 -0.269050 -0.701461 0.594663 -0.392847 0.576622 0.812425
0.269048 5.047035 -0.269050 -0.701461 0.594663 -0.392847 0.576622 0.812425
0.497135 5.262567 -0.497138 -0.539909 0.670910 -0.508309 0.588689 0.863321
0.649539 5.262566 -0.269050 -0.600270 0.445642 -0.664138 0.596752 0.812425
0.497135 5.262567 -0.497138 -0.539909 0.670910 -0.508309 0.588689 0.863321
0.269048 5.047035 -0.269050 -0.701461 0.594663 -0.392847 0.576622 0.812425
0.145608 5.047035 -0.351529 -0.670290 0.710991 -0.212607 0.570091 0.830830
0.145608 5.047035 -0.351529 -0.670290 0.710991 -0.212607 0.570091 0.830830
0.269047 5.262567 -0.649540 -0.499578 0.821428 -0.275095 0.576622 0.897328
0.497135 5.262567 -0.497138 -0.539909 0.670910 -0.508309 0.588689 0.863321
0.269047 5.262567 -0.649540 -0.499578 0.821428 -0.275095 0.576622 0.897328
0.145608 5.047035 -0.351529 -0.670290 0.710991 -0.212607 0.570091 0.830830
0.000000 5.047035 -0.380492 -0.659346 0.751840 0.000000 0.562387 0.837292
0.000000 5.047035 -0.380492 -0.659346 0.751840 0.000000 0.562387 0.837292
0.000000 5.262566 -0.703057 -0.485416 0.874283 -0.000000 0.562387 0.909270
0.269047 5.262567 -0.649540 -0.499578 0.821428 -0.275095 0.576622 0.897328
0.049714 0.000000 0.298280 -0.258819 -0.965926 0.000000 0.642577 0.980523
0.049714 5.965621 0.298280 -0.258819 -0.965926 0.000000 0.642577 0.528456
-0.049713 5.965621 0.298280 -0.258819 -0.965926 0.000000 0.733609 0.528456
-0.049713 5.965621 0.298280 -0.258819 -0.965926 0.000000 0.733609 0.528456
-0.049713 0.000000 0.298280 -0.258819 -0.965926 0.000000 0.733609 0.980523
0.049714 0.000000 0.298280 -0.258819 -0.965926 0.000000 0.642577 0.980523
0.049714 0.000000 -0.298283 -0.000000 -0.000000 -1.000000 0.642577 0.980524
0.049714 5.965621 -0.298283 -0.000000 -0.000000 -1.000000 0.642577 0.980523
0.049714 5.965621 0.298280 -0.000000 -0.000000 -1.000000 0.642577 0.528457
0.049714 5.965621 0.298280 -0.000000 -0.000000 -1.000000 0.642577 0.528457
0.049714 0.000000 0.298280 -0.000000 -0.000000 -1.000000 0.642577 0.528457
0.049714 0.000000 -0.298283 -0.000000 -0.000000 -1.000000 0.642577 0.980524
-0.049713 0.000000 -0.298283 0.258819 0.965926 -0.000000 0.733609 0.980523
-0.049713 5.965621 -0.298283 0.258819 0.965926 -0.000000 0.733609 0.528456
0.049714 5.965621 -0.298283 0.258819 0.965926 -0.000000 0.642577 0.528456
0.049714 5.965621 -0.298283 0.258819 0.965926 -0.000000 0.642577 0.528456
0.049714 0.000000 -0.298283 0.258819 0.965926 -0.000000 0.642577 0.980523
-0.049713 0.000000 -0.298283 0.258819 0.965926 -0.000000 0.733609 0.980523
-0.049713 0.000000 0.298280 0.000000 0.000000 1.000000 0.733609 0.528457
-0.049713 5.965621 0.298280 0.000000 0.000000 1.000000 0.733609 0.528457
-0.049713 5.965621 -0.298283 0.000000 0.000000 1.000000 0.733609 0.980523
-0.049713 5.965621 -0.298283 0.000000 0.000000 1.000000 0.733609 0.980523
-0.049713 0.000000 -0.298283 0.000000 0.000000 1.000000 0.733609 0.980524
-0.049713 0.000000 0.298280 0.000000 0.000000 1.000000 0.733609 0.528457
Box
0
End