none
702
1.785076 4.645947 -6.079416 0.846395 0.510984 -0.150038 0.907232 0.963989
1.896643 3.960048 -6.459381 0.500001 0.830945 -0.243987 0.909243 0.977146
-0.000001 3.960047 -6.732076 0.500000 0.866025 0.000001 0.875064 0.986589
-0.000001 3.960047 -6.732076 0.500000 0.866025 0.000001 0.875064 0.986589
-0.000001 4.645947 -6.336071 0.846394 0.532557 0.000000 0.875064 0.972877
1.785076 4.645947 -6.079416 0.846395 0.510984 -0.150038 0.907232 0.963989
1.561942 4.645947 -5.319490 0.885626 -0.445587 0.130836 0.903211 0.937675
1.785076 4.645947 -6.079416 0.846395 0.510984 -0.150038 0.907232 0.963989
-0.000001 4.645947 -6.336071 0.846394 0.532557 0.000000 0.875064 0.972877
-0.000001 4.645947 -6.336071 0.846394 0.532557 0.000000 0.875064 0.972877
-0.000001 4.645947 -5.544063 0.885626 -0.464399 -0.000001 0.875064 0.945452
1.561942 4.645947 -5.319490 0.885626 -0.445587 0.130836 0.903211 0.937675
1.450374 3.960046 -4.939524 0.500002 -0.830944 0.243987 0.901201 0.924518
1.561942 4.645947 -5.319490 0.885626 -0.445587 0.130836 0.903211 0.937675
-0.000001 4.645947 -5.544063 0.885626 -0.464399 -0.000001 0.875064 0.945452
-0.000001 4.645947 -5.544063 0.885626 -0.464399 -0.000001 0.875064 0.945452
-0.000001 3.960047 -5.148058 0.500000 -0.866026 -0.000000 0.875064 0.931739
1.450374 3.960046 -4.939524 0.500002 -0.830944 0.243987 0.901201 0.924518
3.425537 4.645948 -5.330243 0.846394 0.448015 -0.287922 0.936794 0.938048
3.639631 3.960047 -5.663384 0.500000 0.728547 -0.468209 0.940652 0.949583
1.896643 3.960048 -6.459381 0.500001 0.830945 -0.243987 0.909243 0.977146
1.896643 3.960048 -6.459381 0.500001 0.830945 -0.243987 0.909243 0.977146
1.785076 4.645947 -6.079416 0.846395 0.510984 -0.150038 0.907232 0.963989
3.425537 4.645948 -5.330243 0.846394 0.448015 -0.287922 0.936794 0.938048
2.997343 4.645948 -4.663964 0.885626 -0.390677 0.251073 0.929078 0.914977
3.425537 4.645948 -5.330243 0.846394 0.448015 -0.287922 0.936794 0.938048
1.785076 4.645947 -6.079416 0.846395 0.510984 -0.150038 0.907232 0.963989
1.785076 4.645947 -6.079416 0.846395 0.510984 -0.150038 0.907232 0.963989
1.561942 4.645947 -5.319490 0.885626 -0.445587 0.130836 0.903211 0.937675
2.997343 4.645948 -4.663964 0.885626 -0.390677 0.251073 0.929078 0.914977
2.783249 3.960048 -4.330822 0.500001 -0.728546 0.468209 0.925220 0.903441
2.997343 4.645948 -4.663964 0.885626 -0.390677 0.251073 0.929078 0.914977
1.561942 4.645947 -5.319490 0.885626 -0.445587 0.130836 0.903211 0.937675
1.561942 4.645947 -5.319490 0.885626 -0.445587 0.130836 0.903211 0.937675
1.450374 3.960046 -4.939524 0.500002 -0.830944 0.243987 0.901201 0.924518
2.783249 3.960048 -4.330822 0.500001 -0.728546 0.468209 0.925220 0.903441
4.788479 4.645948 -4.149244 0.846395 0.348750 -0.402478 0.961355 0.897153
5.087759 3.960048 -4.408574 0.500000 0.567127 -0.654498 0.966748 0.906133
3.639631 3.960047 -5.663384 0.500000 0.728547 -0.468209 0.940652 0.949583
3.639631 3.960047 -5.663384 0.500000 0.728547 -0.468209 0.940652 0.949583
3.425537 4.645948 -5.330243 0.846394 0.448015 -0.287922 0.936794 0.938048
4.788479 4.645948 -4.149244 0.846395 0.348750 -0.402478 0.961355 0.897153
4.189920 4.645947 -3.630591 0.885626 -0.304117 0.350969 0.950569 0.879194
4.788479 4.645948 -4.149244 0.846395 0.348750 -0.402478 0.961355 0.897153
3.425537 4.645948 -5.330243 0.846394 0.448015 -0.287922 0.936794 0.938048
3.425537 4.645948 -5.330243 0.846394 0.448015 -0.287922 0.936794 0.938048
2.997343 4.645948 -4.663964 0.885626 -0.390677 0.251073 0.929078 0.914977
4.189920 4.645947 -3.630591 0.885626 -0.304117 0.350969 0.950569 0.879194
3.890638 3.960047 -3.371262 0.500001 -0.567125 0.654498 0.945175 0.870214
4.189920 4.645947 -3.630591 0.885626 -0.304117 0.350969 0.950569 0.879194
2.997343 4.645948 -4.663964 0.885626 -0.390677 0.251073 0.929078 0.914977
2.997343 4.645948 -4.663964 0.885626 -0.390677 0.251073 0.929078 0.914977
2.783249 3.960048 -4.330822 0.500001 -0.728546 0.468209 0.925220 0.903441
3.890638 3.960047 -3.371262 0.500001 -0.567125 0.654498 0.945175 0.870214
5.763496 4.645947 -2.632099 0.846393 0.221233 -0.484432 0.978925 0.844619
6.123713 3.960045 -2.796604 0.499998 0.359760 -0.787765 0.985416 0.850316
5.087759 3.960048 -4.408574 0.500000 0.567127 -0.654498 0.966748 0.906133
5.087759 3.960048 -4.408574 0.500000 0.567127 -0.654498 0.966748 0.906133
4.788479 4.645948 -4.149244 0.846395 0.348750 -0.402478 0.961355 0.897153
5.763496 4.645947 -2.632099 0.846393 0.221233 -0.484432 0.978925 0.844619
5.043053 4.645947 -2.303087 0.885626 -0.192919 0.422432 0.965942 0.833227
5.763496 4.645947 -2.632099 0.846393 0.221233 -0.484432 0.978925 0.844619
4.788479 4.645948 -4.149244 0.846395 0.348750 -0.402478 0.961355 0.897153
4.788479 4.645948 -4.149244 0.846395 0.348750 -0.402478 0.961355 0.897153
4.189920 4.645947 -3.630591 0.885626 -0.304117 0.350969 0.950569 0.879194
5.043053 4.645947 -2.303087 0.885626 -0.192919 0.422432 0.965942 0.833227
4.682835 3.960047 -2.138581 0.500000 -0.359759 0.787765 0.959451 0.827530
5.043053 4.645947 -2.303087 0.885626 -0.192919 0.422432 0.965942 0.833227
4.189920 4.645947 -3.630591 0.885626 -0.304117 0.350969 0.950569 0.879194
4.189920 4.645947 -3.630591 0.885626 -0.304117 0.350969 0.950569 0.879194
3.890638 3.960047 -3.371262 0.500001 -0.567125 0.654498 0.945175 0.870214
4.682835 3.960047 -2.138581 0.500000 -0.359759 0.787765 0.959451 0.827530
6.271580 4.645947 -0.901716 0.846394 0.075791 -0.527136 0.988081 0.784701
6.663555 3.960045 -0.958074 0.499999 0.123248 -0.857211 0.995144 0.786653
6.123713 3.960045 -2.796604 0.499998 0.359760 -0.787765 0.985416 0.850316
6.123713 3.960045 -2.796604 0.499998 0.359760 -0.787765 0.985416 0.850316
5.763496 4.645947 -2.632099 0.846393 0.221233 -0.484432 0.978925 0.844619
6.271580 4.645947 -0.901716 0.846394 0.075791 -0.527136 0.988081 0.784701
5.487635 4.645947 -0.789002 0.885628 -0.066091 0.459669 0.973954 0.780798
6.271580 4.645947 -0.901716 0.846394 0.075791 -0.527136 0.988081 0.784701
5.763496 4.645947 -2.632099 0.846393 0.221233 -0.484432 0.978925 0.844619
5.763496 4.645947 -2.632099 0.846393 0.221233 -0.484432 0.978925 0.844619
5.043053 4.645947 -2.303087 0.885626 -0.192919 0.422432 0.965942 0.833227
5.487635 4.645947 -0.789002 0.885628 -0.066091 0.459669 0.973954 0.780798
5.095654 3.960047 -0.732646 0.500005 -0.123249 0.857207 0.966890 0.778847
5.487635 4.645947 -0.789002 0.885628 -0.066091 0.459669 0.973954 0.780798
5.043053 4.645947 -2.303087 0.885626 -0.192919 0.422432 0.965942 0.833227
5.043053 4.645947 -2.303087 0.885626 -0.192919 0.422432 0.965942 0.833227
4.682835 3.960047 -2.138581 0.500000 -0.359759 0.787765 0.959451 0.827530
5.095654 3.960047 -0.732646 0.500005 -0.123249 0.857207 0.966890 0.778847
6.271580 4.645947 0.901718 0.846394 -0.075790 -0.527136 0.988081 0.722254
6.663555 3.960046 0.958076 0.500000 -0.123248 -0.857211 0.995144 0.720302
6.663555 3.960045 -0.958074 0.499999 0.123248 -0.857211 0.995144 0.786653
6.663555 3.960045 -0.958074 0.499999 0.123248 -0.857211 0.995144 0.786653
6.271580 4.645947 -0.901716 0.846394 0.075791 -0.527136 0.988081 0.784701
6.271580 4.645947 0.901718 0.846394 -0.075790 -0.527136 0.988081 0.722254
5.487635 4.645947 0.789003 0.885628 0.066091 0.459669 0.973954 0.726157
6.271580 4.645947 0.901718 0.846394 -0.075790 -0.527136 0.988081 0.722254
6.271580 4.645947 -0.901716 0.846394 0.075791 -0.527136 0.988081 0.784701
6.271580 4.645947 -0.901716 0.846394 0.075791 -0.527136 0.988081 0.784701
5.487635 4.645947 -0.789002 0.885628 -0.066091 0.459669 0.973954 0.780798
5.487635 4.645947 0.789003 0.885628 0.066091 0.459669 0.973954 0.726157
5.095654 3.960047 0.732645 0.500006 0.123247 0.857207 0.966890 0.728108
5.487635 4.645947 0.789003 0.885628 0.066091 0.459669 0.973954 0.726157
5.487635 4.645947 -0.789002 0.885628 -0.066091 0.459669 0.973954 0.780798
5.487635 4.645947 -0.789002 0.885628 -0.066091 0.459669 0.973954 0.780798
5.095654 3.960047 -0.732646 0.500005 -0.123249 0.857207 0.966890 0.778847
5.095654 3.960047 0.732645 0.500006 0.123247 0.857207 0.966890 0.728108
5.763496 4.645947 2.632100 0.846394 -0.221233 -0.484431 0.978925 0.662336
6.123713 3.960046 2.796606 0.499999 -0.359761 -0.787764 0.985416 0.656640
6.663555 3.960046 0.958076 0.500000 -0.123248 -0.857211 0.995144 0.720302
6.663555 3.960046 0.958076 0.500000 -0.123248 -0.857211 0.995144 0.720302
6.271580 4.645947 0.901718 0.846394 -0.075790 -0.527136 0.988081 0.722254
5.763496 4.645947 2.632100 0.846394 -0.221233 -0.484431 0.978925 0.662336
5.043053 4.645947 2.303086 0.885626 0.192919 0.422432 0.965942 0.673729
5.763496 4.645947 2.632100 0.846394 -0.221233 -0.484431 0.978925 0.662336
6.271580 4.645947 0.901718 0.846394 -0.075790 -0.527136 0.988081 0.722254
6.271580 4.645947 0.901718 0.846394 -0.075790 -0.527136 0.988081 0.722254
5.487635 4.645947 0.789003 0.885628 0.066091 0.459669 0.973954 0.726157
5.043053 4.645947 2.303086 0.885626 0.192919 0.422432 0.965942 0.673729
4.682835 3.960047 2.138580 0.500000 0.359761 0.787764 0.959451 0.679425
5.043053 4.645947 2.303086 0.885626 0.192919 0.422432 0.965942 0.673729
5.487635 4.645947 0.789003 0.885628 0.066091 0.459669 0.973954 0.726157
5.487635 4.645947 0.789003 0.885628 0.066091 0.459669 0.973954 0.726157
5.095654 3.960047 0.732645 0.500006 0.123247 0.857207 0.966890 0.728108
4.682835 3.960047 2.138580 0.500000 0.359761 0.787764 0.959451 0.679425
4.788479 4.645947 4.149243 0.846395 -0.348751 -0.402479 0.961355 0.609802
5.087759 3.960046 4.408572 0.500001 -0.567127 -0.654497 0.966748 0.600822
6.123713 3.960046 2.796606 0.499999 -0.359761 -0.787764 0.985416 0.656640
6.123713 3.960046 2.796606 0.499999 -0.359761 -0.787764 0.985416 0.656640
5.763496 4.645947 2.632100 0.846394 -0.221233 -0.484431 0.978925 0.662336
4.788479 4.645947 4.149243 0.846395 -0.348751 -0.402479 0.961355 0.609802
4.189920 4.645947 3.630588 0.885626 0.304116 0.350969 0.950569 0.627761
4.788479 4.645947 4.149243 0.846395 -0.348751 -0.402479 0.961355 0.609802
5.763496 4.645947 2.632100 0.846394 -0.221233 -0.484431 0.978925 0.662336
5.763496 4.645947 2.632100 0.846394 -0.221233 -0.484431 0.978925 0.662336
5.043053 4.645947 2.303086 0.885626 0.192919 0.422432 0.965942 0.673729
4.189920 4.645947 3.630588 0.885626 0.304116 0.350969 0.950569 0.627761
3.890638 3.960048 3.371261 0.500001 0.567126 0.654498 0.945175 0.636741
4.189920 4.645947 3.630588 0.885626 0.304116 0.350969 0.950569 0.627761
5.043053 4.645947 2.303086 0.885626 0.192919 0.422432 0.965942 0.673729
5.043053 4.645947 2.303086 0.885626 0.192919 0.422432 0.965942 0.673729
4.682835 3.960047 2.138580 0.500000 0.359761 0.787764 0.959451 0.679425
3.890638 3.960048 3.371261 0.500001 0.567126 0.654498 0.945175 0.636741
3.425535 4.645947 5.330242 0.846394 -0.448015 -0.287922 0.936794 0.568907
3.639631 3.960046 5.663383 0.500000 -0.728547 -0.468209 0.940652 0.557372
5.087759 3.960046 4.408572 0.500001 -0.567127 -0.654497 0.966748 0.600822
5.087759 3.960046 4.408572 0.500001 -0.567127 -0.654497 0.966748 0.600822
4.788479 4.645947 4.149243 0.846395 -0.348751 -0.402479 0.961355 0.609802
3.425535 4.645947 5.330242 0.846394 -0.448015 -0.287922 0.936794 0.568907
2.997343 4.645947 4.663962 0.885626 0.390677 0.251073 0.929078 0.591979
3.425535 4.645947 5.330242 0.846394 -0.448015 -0.287922 0.936794 0.568907
4.788479 4.645947 4.149243 0.846395 -0.348751 -0.402479 0.961355 0.609802
4.788479 4.645947 4.149243 0.846395 -0.348751 -0.402479 0.961355 0.609802
4.189920 4.645947 3.630588 0.885626 0.304116 0.350969 0.950569 0.627761
2.997343 4.645947 4.663962 0.885626 0.390677 0.251073 0.929078 0.591979
2.783247 3.960047 4.330821 0.500001 0.728546 0.468209 0.925220 0.603514
2.997343 4.645947 4.663962 0.885626 0.390677 0.251073 0.929078 0.591979
4.189920 4.645947 3.630588 0.885626 0.304116 0.350969 0.950569 0.627761
4.189920 4.645947 3.630588 0.885626 0.304116 0.350969 0.950569 0.627761
3.890638 3.960048 3.371261 0.500001 0.567126 0.654498 0.945175 0.636741
2.783247 3.960047 4.330821 0.500001 0.728546 0.468209 0.925220 0.603514
1.785075 4.645946 6.079416 0.846395 -0.510984 -0.150038 0.907232 0.542966
1.896643 3.960047 6.459381 0.500002 -0.830944 -0.243987 0.909243 0.529809
3.639631 3.960046 5.663383 0.500000 -0.728547 -0.468209 0.940652 0.557372
3.639631 3.960046 5.663383 0.500000 -0.728547 -0.468209 0.940652 0.557372
3.425535 4.645947 5.330242 0.846394 -0.448015 -0.287922 0.936794 0.568907
1.785075 4.645946 6.079416 0.846395 -0.510984 -0.150038 0.907232 0.542966
1.561940 4.645947 5.319489 0.885626 0.445588 0.130836 0.903211 0.569280
1.785075 4.645946 6.079416 0.846395 -0.510984 -0.150038 0.907232 0.542966
3.425535 4.645947 5.330242 0.846394 -0.448015 -0.287922 0.936794 0.568907
3.425535 4.645947 5.330242 0.846394 -0.448015 -0.287922 0.936794 0.568907
2.997343 4.645947 4.663962 0.885626 0.390677 0.251073 0.929078 0.591979
1.561940 4.645947 5.319489 0.885626 0.445588 0.130836 0.903211 0.569280
1.450374 3.960046 4.939526 0.499999 0.830946 0.243988 0.901201 0.582437
1.561940 4.645947 5.319489 0.885626 0.445588 0.130836 0.903211 0.569280
2.997343 4.645947 4.663962 0.885626 0.390677 0.251073 0.929078 0.591979
2.997343 4.645947 4.663962 0.885626 0.390677 0.251073 0.929078 0.591979
2.783247 3.960047 4.330821 0.500001 0.728546 0.468209 0.925220 0.603514
1.450374 3.960046 4.939526 0.499999 0.830946 0.243988 0.901201 0.582437
-0.000003 4.645946 6.336070 0.846395 -0.532556 0.000000 0.875064 0.534078
-0.000003 3.960045 6.732076 0.500000 -0.866025 0.000000 0.875064 0.520366
1.896643 3.960047 6.459381 0.500002 -0.830944 -0.243987 0.909243 0.529809
1.896643 3.960047 6.459381 0.500002 -0.830944 -0.243987 0.909243 0.529809
1.785075 4.645946 6.079416 0.846395 -0.510984 -0.150038 0.907232 0.542966
-0.000003 4.645946 6.336070 0.846395 -0.532556 0.000000 0.875064 0.534078
-0.000003 4.645947 5.544062 0.885626 0.464399 -0.000000 0.875064 0.561503
-0.000003 4.645946 6.336070 0.846395 -0.532556 0.000000 0.875064 0.534078
1.785075 4.645946 6.079416 0.846395 -0.510984 -0.150038 0.907232 0.542966
1.785075 4.645946 6.079416 0.846395 -0.510984 -0.150038 0.907232 0.542966
1.561940 4.645947 5.319489 0.885626 0.445588 0.130836 0.903211 0.569280
-0.000003 4.645947 5.544062 0.885626 0.464399 -0.000000 0.875064 0.561503
-0.000003 3.960047 5.148058 0.499999 0.866026 -0.000000 0.875064 0.575216
-0.000003 4.645947 5.544062 0.885626 0.464399 -0.000000 0.875064 0.561503
1.561940 4.645947 5.319489 0.885626 0.445588 0.130836 0.903211 0.569280
1.561940 4.645947 5.319489 0.885626 0.445588 0.130836 0.903211 0.569280
1.450374 3.960046 4.939526 0.499999 0.830946 0.243988 0.901201 0.582437
-0.000003 3.960047 5.148058 0.499999 0.866026 -0.000000 0.875064 0.575216
-1.785080 4.645947 6.079415 0.846395 -0.510984 0.150038 0.842897 0.542966
-1.896646 3.960047 6.459381 0.500001 -0.830945 0.243987 0.840886 0.529809
-0.000003 3.960045 6.732076 0.500000 -0.866025 0.000000 0.875064 0.520366
-0.000003 3.960045 6.732076 0.500000 -0.866025 0.000000 0.875064 0.520366
-0.000003 4.645946 6.336070 0.846395 -0.532556 0.000000 0.875064 0.534078
-1.785080 4.645947 6.079415 0.846395 -0.510984 0.150038 0.842897 0.542966
-1.561945 4.645947 5.319489 0.885626 0.445587 -0.130836 0.846918 0.569280
-1.785080 4.645947 6.079415 0.846395 -0.510984 0.150038 0.842897 0.542966
-0.000003 4.645946 6.336070 0.846395 -0.532556 0.000000 0.875064 0.534078
-0.000003 4.645946 6.336070 0.846395 -0.532556 0.000000 0.875064 0.534078
-0.000003 4.645947 5.544062 0.885626 0.464399 -0.000000 0.875064 0.561503
-1.561945 4.645947 5.319489 0.885626 0.445587 -0.130836 0.846918 0.569280
-1.450377 3.960046 4.939525 0.500001 0.830945 -0.243987 0.848928 0.582437
-1.561945 4.645947 5.319489 0.885626 0.445587 -0.130836 0.846918 0.569280
-0.000003 4.645947 5.544062 0.885626 0.464399 -0.000000 0.875064 0.561503
-0.000003 4.645947 5.544062 0.885626 0.464399 -0.000000 0.875064 0.561503
-0.000003 3.960047 5.148058 0.499999 0.866026 -0.000000 0.875064 0.575216
-1.450377 3.960046 4.939525 0.500001 0.830945 -0.243987 0.848928 0.582437
-3.425541 4.645947 5.330242 0.846395 -0.448015 0.287921 0.813335 0.568907
-3.639636 3.960047 5.663383 0.500000 -0.728547 0.468208 0.809477 0.557372
-1.896646 3.960047 6.459381 0.500001 -0.830945 0.243987 0.840886 0.529809
-1.896646 3.960047 6.459381 0.500001 -0.830945 0.243987 0.840886 0.529809
-1.785080 4.645947 6.079415 0.846395 -0.510984 0.150038 0.842897 0.542966
-3.425541 4.645947 5.330242 0.846395 -0.448015 0.287921 0.813335 0.568907
-2.997348 4.645947 4.663962 0.885626 0.390677 -0.251073 0.821051 0.591979
-3.425541 4.645947 5.330242 0.846395 -0.448015 0.287921 0.813335 0.568907
-1.785080 4.645947 6.079415 0.846395 -0.510984 0.150038 0.842897 0.542966
-1.785080 4.645947 6.079415 0.846395 -0.510984 0.150038 0.842897 0.542966
-1.561945 4.645947 5.319489 0.885626 0.445587 -0.130836 0.846918 0.569280
-2.997348 4.645947 4.663962 0.885626 0.390677 -0.251073 0.821051 0.591979
-2.783251 3.960046 4.330822 0.500000 0.728547 -0.468208 0.824909 0.603514
-2.997348 4.645947 4.663962 0.885626 0.390677 -0.251073 0.821051 0.591979
-1.561945 4.645947 5.319489 0.885626 0.445587 -0.130836 0.846918 0.569280
-1.561945 4.645947 5.319489 0.885626 0.445587 -0.130836 0.846918 0.569280
-1.450377 3.960046 4.939525 0.500001 0.830945 -0.243987 0.848928 0.582437
-2.783251 3.960046 4.330822 0.500000 0.728547 -0.468208 0.824909 0.603514
-4.788490 4.645947 4.149244 0.846394 -0.348751 0.402480 0.788774 0.609802
-5.087770 3.960047 4.408571 0.500000 -0.567126 0.654499 0.783381 0.600822
-3.639636 3.960047 5.663383 0.500000 -0.728547 0.468208 0.809477 0.557372
-3.639636 3.960047 5.663383 0.500000 -0.728547 0.468208 0.809477 0.557372
-3.425541 4.645947 5.330242 0.846395 -0.448015 0.287921 0.813335 0.568907
-4.788490 4.645947 4.149244 0.846394 -0.348751 0.402480 0.788774 0.609802
-4.189930 4.645947 3.630587 0.885627 0.304116 -0.350968 0.799560 0.627761
-4.788490 4.645947 4.149244 0.846394 -0.348751 0.402480 0.788774 0.609802
-3.425541 4.645947 5.330242 0.846395 -0.448015 0.287921 0.813335 0.568907
-3.425541 4.645947 5.330242 0.846395 -0.448015 0.287921 0.813335 0.568907
-2.997348 4.645947 4.663962 0.885626 0.390677 -0.251073 0.821051 0.591979
-4.189930 4.645947 3.630587 0.885627 0.304116 -0.350968 0.799560 0.627761
-3.890644 3.960046 3.371261 0.500002 0.567126 -0.654496 0.804953 0.636741
-4.189930 4.645947 3.630587 0.885627 0.304116 -0.350968 0.799560 0.627761
-2.997348 4.645947 4.663962 0.885626 0.390677 -0.251073 0.821051 0.591979
-2.997348 4.645947 4.663962 0.885626 0.390677 -0.251073 0.821051 0.591979
-2.783251 3.960046 4.330822 0.500000 0.728547 -0.468208 0.824909 0.603514
-3.890644 3.960046 3.371261 0.500002 0.567126 -0.654496 0.804953 0.636741
-5.763496 4.645947 2.632099 0.846395 -0.221231 0.484431 0.771204 0.662336
-6.123714 3.960047 2.796606 0.500000 -0.359759 0.787765 0.764713 0.656640
-5.087770 3.960047 4.408571 0.500000 -0.567126 0.654499 0.783381 0.600822
-5.087770 3.960047 4.408571 0.500000 -0.567126 0.654499 0.783381 0.600822
-4.788490 4.645947 4.149244 0.846394 -0.348751 0.402480 0.788774 0.609802
-5.763496 4.645947 2.632099 0.846395 -0.221231 0.484431 0.771204 0.662336
-5.043059 4.645946 2.303087 0.885626 0.192918 -0.422433 0.784186 0.673729
-5.763496 4.645947 2.632099 0.846395 -0.221231 0.484431 0.771204 0.662336
-4.788490 4.645947 4.149244 0.846394 -0.348751 0.402480 0.788774 0.609802
-4.788490 4.645947 4.149244 0.846394 -0.348751 0.402480 0.788774 0.609802
-4.189930 4.645947 3.630587 0.885627 0.304116 -0.350968 0.799560 0.627761
-5.043059 4.645946 2.303087 0.885626 0.192918 -0.422433 0.784186 0.673729
-4.682841 3.960046 2.138581 0.500000 0.359759 -0.787765 0.790678 0.679425
-5.043059 4.645946 2.303087 0.885626 0.192918 -0.422433 0.784186 0.673729
-4.189930 4.645947 3.630587 0.885627 0.304116 -0.350968 0.799560 0.627761
-4.189930 4.645947 3.630587 0.885627 0.304116 -0.350968 0.799560 0.627761
-3.890644 3.960046 3.371261 0.500002 0.567126 -0.654496 0.804953 0.636741
-4.682841 3.960046 2.138581 0.500000 0.359759 -0.787765 0.790678 0.679425
-6.271581 4.645946 0.901717 0.846394 -0.075791 0.527136 0.762048 0.722254
-6.663555 3.960047 0.958075 0.500001 -0.123248 0.857210 0.754984 0.720302
-6.123714 3.960047 2.796606 0.500000 -0.359759 0.787765 0.764713 0.656640
-6.123714 3.960047 2.796606 0.500000 -0.359759 0.787765 0.764713 0.656640
-5.763496 4.645947 2.632099 0.846395 -0.221231 0.484431 0.771204 0.662336
-6.271581 4.645946 0.901717 0.846394 -0.075791 0.527136 0.762048 0.722254
-5.487634 4.645945 0.789003 0.885626 0.066091 -0.459671 0.776175 0.726157
-6.271581 4.645946 0.901717 0.846394 -0.075791 0.527136 0.762048 0.722254
-5.763496 4.645947 2.632099 0.846395 -0.221231 0.484431 0.771204 0.662336
-5.763496 4.645947 2.632099 0.846395 -0.221231 0.484431 0.771204 0.662336
-5.043059 4.645946 2.303087 0.885626 0.192918 -0.422433 0.784186 0.673729
-5.487634 4.645945 0.789003 0.885626 0.066091 -0.459671 0.776175 0.726157
-5.095660 3.960047 0.732645 0.500001 0.123248 -0.857210 0.783239 0.728108
-5.487634 4.645945 0.789003 0.885626 0.066091 -0.459671 0.776175 0.726157
-5.043059 4.645946 2.303087 0.885626 0.192918 -0.422433 0.784186 0.673729
-5.043059 4.645946 2.303087 0.885626 0.192918 -0.422433 0.784186 0.673729
-4.682841 3.960046 2.138581 0.500000 0.359759 -0.787765 0.790678 0.679425
-5.095660 3.960047 0.732645 0.500001 0.123248 -0.857210 0.783239 0.728108
-6.271581 4.645946 -0.901717 0.846394 0.075791 0.527137 0.762048 0.784701
-6.663555 3.960047 -0.958073 0.500000 0.123248 0.857211 0.754984 0.786653
-6.663555 3.960047 0.958075 0.500001 -0.123248 0.857210 0.754984 0.720302
-6.663555 3.960047 0.958075 0.500001 -0.123248 0.857210 0.754984 0.720302
-6.271581 4.645946 0.901717 0.846394 -0.075791 0.527136 0.762048 0.722254
-6.271581 4.645946 -0.901717 0.846394 0.075791 0.527137 0.762048 0.784701
-5.487634 4.645947 -0.789002 0.885627 -0.066091 -0.459671 0.776175 0.780798
-6.271581 4.645946 -0.901717 0.846394 0.075791 0.527137 0.762048 0.784701
-6.271581 4.645946 0.901717 0.846394 -0.075791 0.527136 0.762048 0.722254
-6.271581 4.645946 0.901717 0.846394 -0.075791 0.527136 0.762048 0.722254
-5.487634 4.645945 0.789003 0.885626 0.066091 -0.459671 0.776175 0.726157
-5.487634 4.645947 -0.789002 0.885627 -0.066091 -0.459671 0.776175 0.780798
-5.095660 3.960047 -0.732645 0.500001 -0.123248 -0.857210 0.783239 0.778847
-5.487634 4.645947 -0.789002 0.885627 -0.066091 -0.459671 0.776175 0.780798
-5.487634 4.645945 0.789003 0.885626 0.066091 -0.459671 0.776175 0.726157
-5.487634 4.645945 0.789003 0.885626 0.066091 -0.459671 0.776175 0.726157
-5.095660 3.960047 0.732645 0.500001 0.123248 -0.857210 0.783239 0.728108
-5.095660 3.960047 -0.732645 0.500001 -0.123248 -0.857210 0.783239 0.778847
-5.763496 4.645947 -2.632098 0.846394 0.221232 0.484431 0.771204 0.844619
-6.123713 3.960047 -2.796604 0.499999 0.359760 0.787765 0.764713 0.850316
-6.663555 3.960047 -0.958073 0.500000 0.123248 0.857211 0.754984 0.786653
-6.663555 3.960047 -0.958073 0.500000 0.123248 0.857211 0.754984 0.786653
-6.271581 4.645946 -0.901717 0.846394 0.075791 0.527137 0.762048 0.784701
-5.763496 4.645947 -2.632098 0.846394 0.221232 0.484431 0.771204 0.844619
-5.043058 4.645947 -2.303085 0.885626 -0.192918 -0.422432 0.784186 0.833226
-5.763496 4.645947 -2.632098 0.846394 0.221232 0.484431 0.771204 0.844619
-6.271581 4.645946 -0.901717 0.846394 0.075791 0.527137 0.762048 0.784701
-6.271581 4.645946 -0.901717 0.846394 0.075791 0.527137 0.762048 0.784701
-5.487634 4.645947 -0.789002 0.885627 -0.066091 -0.459671 0.776175 0.780798
-5.043058 4.645947 -2.303085 0.885626 -0.192918 -0.422432 0.784186 0.833226
-4.682840 3.960047 -2.138579 0.500000 -0.359760 -0.787764 0.790678 0.827530
-5.043058 4.645947 -2.303085 0.885626 -0.192918 -0.422432 0.784186 0.833226
-5.487634 4.645947 -0.789002 0.885627 -0.066091 -0.459671 0.776175 0.780798
-5.487634 4.645947 -0.789002 0.885627 -0.066091 -0.459671 0.776175 0.780798
-5.095660 3.960047 -0.732645 0.500001 -0.123248 -0.857210 0.783239 0.778847
-4.682840 3.960047 -2.138579 0.500000 -0.359760 -0.787764 0.790678 0.827530
-4.788488 4.645947 -4.149242 0.846394 0.348751 0.402480 0.788774 0.897153
-5.087770 3.960047 -4.408568 0.499999 0.567126 0.654499 0.783381 0.906133
-6.123713 3.960047 -2.796604 0.499999 0.359760 0.787765 0.764713 0.850316
-6.123713 3.960047 -2.796604 0.499999 0.359760 0.787765 0.764713 0.850316
-5.763496 4.645947 -2.632098 0.846394 0.221232 0.484431 0.771204 0.844619
-4.788488 4.645947 -4.149242 0.846394 0.348751 0.402480 0.788774 0.897153
-4.189929 4.645947 -3.630587 0.885627 -0.304115 -0.350968 0.799560 0.879194
-4.788488 4.645947 -4.149242 0.846394 0.348751 0.402480 0.788774 0.897153
-5.763496 4.645947 -2.632098 0.846394 0.221232 0.484431 0.771204 0.844619
-5.763496 4.645947 -2.632098 0.846394 0.221232 0.484431 0.771204 0.844619
-5.043058 4.645947 -2.303085 0.885626 -0.192918 -0.422432 0.784186 0.833226
-4.189929 4.645947 -3.630587 0.885627 -0.304115 -0.350968 0.799560 0.879194
-3.890643 3.960047 -3.371259 0.500003 -0.567124 -0.654497 0.804953 0.870214
-4.189929 4.645947 -3.630587 0.885627 -0.304115 -0.350968 0.799560 0.879194
-5.043058 4.645947 -2.303085 0.885626 -0.192918 -0.422432 0.784186 0.833226
-5.043058 4.645947 -2.303085 0.885626 -0.192918 -0.422432 0.784186 0.833226
-4.682840 3.960047 -2.138579 0.500000 -0.359760 -0.787764 0.790678 0.827530
-3.890643 3.960047 -3.371259 0.500003 -0.567124 -0.654497 0.804953 0.870214
-3.425541 4.645947 -5.330242 0.846394 0.448015 0.287922 0.813335 0.938048
-3.639636 3.960046 -5.663382 0.499999 0.728548 0.468208 0.809477 0.949583
-5.087770 3.960047 -4.408568 0.499999 0.567126 0.654499 0.783381 0.906133
-5.087770 3.960047 -4.408568 0.499999 0.567126 0.654499 0.783381 0.906133
-4.788488 4.645947 -4.149242 0.846394 0.348751 0.402480 0.788774 0.897153
-3.425541 4.645947 -5.330242 0.846394 0.448015 0.287922 0.813335 0.938048
-2.997351 4.645947 -4.663960 0.885626 -0.390678 -0.251073 0.821051 0.914977
-3.425541 4.645947 -5.330242 0.846394 0.448015 0.287922 0.813335 0.938048
-4.788488 4.645947 -4.149242 0.846394 0.348751 0.402480 0.788774 0.897153
-4.788488 4.645947 -4.149242 0.846394 0.348751 0.402480 0.788774 0.897153
-4.189929 4.645947 -3.630587 0.885627 -0.304115 -0.350968 0.799560 0.879194
-2.997351 4.645947 -4.663960 0.885626 -0.390678 -0.251073 0.821051 0.914977
-2.783254 3.960047 -4.330822 0.500000 -0.728547 -0.468208 0.824909 0.903441
-2.997351 4.645947 -4.663960 0.885626 -0.390678 -0.251073 0.821051 0.914977
-4.189929 4.645947 -3.630587 0.885627 -0.304115 -0.350968 0.799560 0.879194
-4.189929 4.645947 -3.630587 0.885627 -0.304115 -0.350968 0.799560 0.879194
-3.890643 3.960047 -3.371259 0.500003 -0.567124 -0.654497 0.804953 0.870214
-2.783254 3.960047 -4.330822 0.500000 -0.728547 -0.468208 0.824909 0.903441
-1.785080 4.645948 -6.079414 0.846394 0.510985 0.150039 0.842897 0.963989
-1.896647 3.960045 -6.459378 0.499998 0.830946 0.243988 0.840886 0.977146
-3.639636 3.960046 -5.663382 0.499999 0.728548 0.468208 0.809477 0.949583
-3.639636 3.960046 -5.663382 0.499999 0.728548 0.468208 0.809477 0.949583
-3.425541 4.645947 -5.330242 0.846394 0.448015 0.287922 0.813335 0.938048
-1.785080 4.645948 -6.079414 0.846394 0.510985 0.150039 0.842897 0.963989
-1.561948 4.645948 -5.319485 0.885625 -0.445589 -0.130837 0.846918 0.937675
-1.785080 4.645948 -6.079414 0.846394 0.510985 0.150039 0.842897 0.963989
-3.425541 4.645947 -5.330242 0.846394 0.448015 0.287922 0.813335 0.938048
-3.425541 4.645947 -5.330242 0.846394 0.448015 0.287922 0.813335 0.938048
-2.997351 4.645947 -4.663960 0.885626 -0.390678 -0.251073 0.821051 0.914977
-1.561948 4.645948 -5.319485 0.885625 -0.445589 -0.130837 0.846918 0.937675
-1.450380 3.960048 -4.939524 0.499998 -0.830946 -0.243988 0.848928 0.924518
-1.561948 4.645948 -5.319485 0.885625 -0.445589 -0.130837 0.846918 0.937675
-2.997351 4.645947 -4.663960 0.885626 -0.390678 -0.251073 0.821051 0.914977
-2.997351 4.645947 -4.663960 0.885626 -0.390678 -0.251073 0.821051 0.914977
-2.783254 3.960047 -4.330822 0.500000 -0.728547 -0.468208 0.824909 0.903441
-1.450380 3.960048 -4.939524 0.499998 -0.830946 -0.243988 0.848928 0.924518
-0.000001 4.645947 -6.336071 0.846394 0.532557 0.000000 0.875064 0.972877
-0.000001 3.960047 -6.732076 0.500000 0.866025 0.000001 0.875064 0.986589
-1.896647 3.960045 -6.459378 0.499998 0.830946 0.243988 0.840886 0.977146
-1.896647 3.960045 -6.459378 0.499998 0.830946 0.243988 0.840886 0.977146
-1.785080 4.645948 -6.079414 0.846394 0.510985 0.150039 0.842897 0.963989
-0.000001 4.645947 -6.336071 0.846394 0.532557 0.000000 0.875064 0.972877
-0.000001 4.645947 -5.544063 0.885626 -0.464399 -0.000001 0.875064 0.945452
-0.000001 4.645947 -6.336071 0.846394 0.532557 0.000000 0.875064 0.972877
-1.785080 4.645948 -6.079414 0.846394 0.510985 0.150039 0.842897 0.963989
-1.785080 4.645948 -6.079414 0.846394 0.510985 0.150039 0.842897 0.963989
-1.561948 4.645948 -5.319485 0.885625 -0.445589 -0.130837 0.846918 0.937675
-0.000001 4.645947 -5.544063 0.885626 -0.464399 -0.000001 0.875064 0.945452
-0.000001 3.960047 -5.148058 0.500000 -0.866026 -0.000000 0.875064 0.931739
-0.000001 4.645947 -5.544063 0.885626 -0.464399 -0.000001 0.875064 0.945452
-1.561948 4.645948 -5.319485 0.885625 -0.445589 -0.130837 0.846918 0.937675
-1.561948 4.645948 -5.319485 0.885625 -0.445589 -0.130837 0.846918 0.937675
-1.450380 3.960048 -4.939524 0.499998 -0.830946 -0.243988 0.848928 0.924518
-0.000001 3.960047 -5.148058 0.500000 -0.866026 -0.000000 0.875064 0.931739
-0.247502 4.158046 -0.428687 1.000000 -0.000000 0.000001 0.684736 0.838437
0.247503 4.158046 0.428687 1.000000 -0.000000 0.000001 0.689954 0.797324
5.391750 4.158049 -2.541347 1.000000 0.000002 0.000001 0.744188 0.939745
5.391750 4.158049 -2.541347 1.000000 0.000002 0.000001 0.744188 0.939745
4.896744 4.158047 -3.398721 1.000000 0.000002 0.000001 0.738969 0.980858
-0.247502 4.158046 -0.428687 1.000000 -0.000000 0.000001 0.684736 0.838437
-0.247502 3.762042 -0.428687 0.000000 -0.500000 0.866025 0.709023 0.585409
0.247503 3.762041 0.428688 0.000001 -0.500000 0.866026 0.667043 0.585409
0.247503 4.158046 0.428687 0.000000 -0.500000 0.866026 0.667043 0.825313
0.247503 4.158046 0.428687 0.000000 -0.500000 0.866026 0.667043 0.825313
-0.247502 4.158046 -0.428687 -0.000000 -0.500000 0.866025 0.709023 0.825313
-0.247502 3.762042 -0.428687 0.000000 -0.500000 0.866025 0.709023 0.585409
0.247503 3.762041 0.428688 0.000001 -0.866025 -0.500000 0.689954 0.797324
5.391750 3.762045 -2.541347 -0.000001 -0.866025 -0.500000 0.744188 0.939745
5.391750 4.158049 -2.541347 -0.000001 -0.866025 -0.500000 0.744188 0.939745
5.391750 4.158049 -2.541347 -0.000001 -0.866025 -0.500000 0.744188 0.939745
0.247503 4.158046 0.428687 0.000001 -0.866025 -0.500000 0.689954 0.797324
0.247503 3.762041 0.428688 0.000001 -0.866025 -0.500000 0.689954 0.797324
4.896744 3.762043 -3.398720 -0.000002 0.866025 0.500000 0.738969 0.980858
-0.247502 3.762042 -0.428687 -0.000000 0.866025 0.500000 0.684736 0.838437
-0.247502 4.158046 -0.428687 -0.000000 0.866025 0.500000 0.684736 0.838437
-0.247502 4.158046 -0.428687 -0.000000 0.866025 0.500000 0.684736 0.838437
4.896744 4.158047 -3.398721 -0.000002 0.866025 0.500000 0.738969 0.980858
4.896744 3.762043 -3.398720 -0.000002 0.866025 0.500000 0.738969 0.980858
0.495005 4.158046 0.000001 1.000000 0.000000 0.000000 0.692564 0.817880
-0.495007 4.158046 0.000001 1.000000 0.000000 0.000000 0.682126 0.817880
-0.495007 4.158048 5.940066 1.000000 0.000000 0.000000 0.682126 0.533038
-0.495007 4.158048 5.940066 1.000000 0.000000 0.000000 0.682126 0.533038
0.495005 4.158048 5.940066 1.000000 0.000000 0.000000 0.692564 0.533038
0.495005 4.158046 0.000001 1.000000 0.000000 0.000000 0.692564 0.817880
0.495005 3.762043 0.000000 0.000002 1.000000 0.000000 0.646053 0.585409
-0.495007 3.762043 0.000000 0.000002 1.000000 0.000000 0.730012 0.585409
-0.495007 4.158046 0.000001 0.000002 1.000000 0.000000 0.730012 0.825313
-0.495007 4.158046 0.000001 0.000002 1.000000 0.000000 0.730012 0.825313
0.495005 4.158046 0.000001 0.000002 1.000000 0.000000 0.646053 0.825313
0.495005 3.762043 0.000000 0.000002 1.000000 0.000000 0.646053 0.585409
-0.495007 3.762043 0.000000 -0.000000 -0.000000 1.000000 0.682126 0.817880
-0.495007 3.762042 5.940067 -0.000000 -0.000000 1.000000 0.682126 0.533038
-0.495007 4.158048 5.940066 -0.000000 -0.000000 1.000000 0.682126 0.533038
-0.495007 4.158048 5.940066 -0.000000 -0.000000 1.000000 0.682126 0.533038
-0.495007 4.158046 0.000001 -0.000000 -0.000000 1.000000 0.682126 0.817880
-0.495007 3.762043 0.000000 -0.000000 -0.000000 1.000000 0.682126 0.817880
0.495005 3.762042 5.940067 0.000000 0.000000 -1.000000 0.692564 0.533038
0.495005 3.762043 0.000000 0.000000 0.000000 -1.000000 0.692564 0.817880
0.495005 4.158046 0.000001 0.000000 0.000000 -1.000000 0.692564 0.817880
0.495005 4.158046 0.000001 0.000000 0.000000 -1.000000 0.692564 0.817880
0.495005 4.158048 5.940066 0.000000 0.000000 -1.000000 0.692564 0.533038
0.495005 3.762042 5.940067 0.000000 0.000000 -1.000000 0.692564 0.533038
1.097579 4.356050 -0.454632 -0.000000 0.195092 -0.980785 0.698916 0.839681
1.188012 4.356052 0.000000 -0.000000 0.195092 -0.980785 0.699870 0.817880
1.188012 3.762043 0.000000 -0.000000 0.195092 -0.980785 0.699870 0.817880
1.188012 3.762043 0.000000 0.000000 0.195092 -0.980785 0.699870 0.817880
1.097579 3.762043 -0.454633 0.000000 0.195092 -0.980785 0.698916 0.839681
1.097579 4.356050 -0.454632 0.000000 0.195092 -0.980785 0.698916 0.839681
0.840051 4.356051 -0.840052 0.000001 0.555569 -0.831471 0.696201 0.858163
1.097579 4.356050 -0.454632 0.000001 0.555569 -0.831471 0.698916 0.839681
1.097579 3.762043 -0.454633 0.000001 0.555569 -0.831471 0.698916 0.839681
1.097579 3.762043 -0.454633 -0.000001 0.555570 -0.831469 0.698916 0.839681
0.840051 3.762044 -0.840052 -0.000001 0.555570 -0.831469 0.696201 0.858163
0.840051 4.356051 -0.840052 -0.000001 0.555570 -0.831469 0.696201 0.858163
0.454633 4.356050 -1.097580 -0.000001 0.831469 -0.555570 0.692138 0.870512
0.840051 4.356051 -0.840052 -0.000001 0.831469 -0.555570 0.696201 0.858163
0.840051 3.762044 -0.840052 -0.000001 0.831469 -0.555570 0.696201 0.858163
0.840051 3.762044 -0.840052 0.000000 0.831469 -0.555572 0.696201 0.858163
0.454633 3.762043 -1.097580 0.000000 0.831469 -0.555572 0.692138 0.870512
0.454633 4.356050 -1.097580 0.000000 0.831469 -0.555572 0.692138 0.870512
-0.000001 4.356050 -1.188012 0.000000 0.980786 -0.195089 0.687345 0.874849
0.454633 4.356050 -1.097580 0.000000 0.980786 -0.195089 0.692138 0.870512
0.454633 3.762043 -1.097580 0.000000 0.980786 -0.195089 0.692138 0.870512
0.454633 3.762043 -1.097580 0.000000 0.980786 -0.195089 0.692138 0.870512
-0.000001 3.762043 -1.188012 0.000000 0.980786 -0.195089 0.687345 0.874849
-0.000001 4.356050 -1.188012 0.000000 0.980786 -0.195089 0.687345 0.874849
-0.454635 4.356050 -1.097580 -0.000000 0.980786 0.195089 0.682552 0.870512
-0.000001 4.356050 -1.188012 -0.000000 0.980786 0.195089 0.687345 0.874849
-0.000001 3.762043 -1.188012 -0.000000 0.980786 0.195089 0.687345 0.874849
-0.000001 3.762043 -1.188012 -0.000000 0.980786 0.195089 0.687345 0.874849
-0.454635 3.762043 -1.097580 -0.000000 0.980786 0.195089 0.682552 0.870512
-0.454635 4.356050 -1.097580 -0.000000 0.980786 0.195089 0.682552 0.870512
-0.840053 4.356050 -0.840052 -0.000000 0.831469 0.555572 0.678489 0.858163
-0.454635 4.356050 -1.097580 -0.000000 0.831469 0.555572 0.682552 0.870512
-0.454635 3.762043 -1.097580 -0.000000 0.831469 0.555572 0.682552 0.870512
-0.454635 3.762043 -1.097580 -0.000000 0.831469 0.555571 0.682552 0.870512
-0.840053 3.762043 -0.840052 -0.000000 0.831469 0.555571 0.678489 0.858163
-0.840053 4.356050 -0.840052 -0.000000 0.831469 0.555571 0.678489 0.858163
-1.097582 4.356050 -0.454633 -0.000000 0.555571 0.831469 0.675774 0.839681
-0.840053 4.356050 -0.840052 -0.000000 0.555571 0.831469 0.678489 0.858163
-0.840053 3.762043 -0.840052 -0.000000 0.555571 0.831469 0.678489 0.858163
-0.840053 3.762043 -0.840052 -0.000000 0.555571 0.831469 0.678489 0.858163
-1.097582 3.762043 -0.454633 -0.000000 0.555571 0.831469 0.675774 0.839681
-1.097582 4.356050 -0.454633 -0.000000 0.555571 0.831469 0.675774 0.839681
-1.188014 4.356050 0.000000 -0.000000 0.195090 0.980785 0.674820 0.817880
-1.097582 4.356050 -0.454633 -0.000000 0.195090 0.980785 0.675774 0.839681
-1.097582 3.762043 -0.454633 -0.000000 0.195090 0.980785 0.675774 0.839681
-1.097582 3.762043 -0.454633 0.000000 0.195090 0.980785 0.675774 0.839681
-1.188014 3.762043 0.000000 0.000000 0.195090 0.980785 0.674820 0.817880
-1.188014 4.356050 0.000000 0.000000 0.195090 0.980785 0.674820 0.817880
-1.097582 4.356050 0.454634 -0.000000 -0.195090 0.980785 0.675774 0.796079
-1.188014 4.356050 0.000000 -0.000000 -0.195090 0.980785 0.674820 0.817880
-1.188014 3.762043 0.000000 -0.000000 -0.195090 0.980785 0.674820 0.817880
-1.188014 3.762043 0.000000 -0.000000 -0.195090 0.980785 0.674820 0.817880
-1.097582 3.762043 0.454634 -0.000000 -0.195090 0.980785 0.675774 0.796079
-1.097582 4.356050 0.454634 -0.000000 -0.195090 0.980785 0.675774 0.796079
-0.840053 4.356050 0.840053 -0.000000 -0.555571 0.831469 0.678489 0.777597
-1.097582 4.356050 0.454634 -0.000000 -0.555571 0.831469 0.675774 0.796079
-1.097582 3.762043 0.454634 -0.000000 -0.555571 0.831469 0.675774 0.796079
-1.097582 3.762043 0.454634 0.000000 -0.555571 0.831469 0.675774 0.796079
-0.840053 3.762043 0.840053 0.000000 -0.555571 0.831469 0.678489 0.777597
-0.840053 4.356050 0.840053 0.000000 -0.555571 0.831469 0.678489 0.777597
-0.454635 4.356050 1.097582 0.000001 -0.831468 0.555573 0.682552 0.765248
-0.840053 4.356050 0.840053 0.000001 -0.831468 0.555573 0.678489 0.777597
-0.840053 3.762043 0.840053 0.000001 -0.831468 0.555573 0.678489 0.777597
-0.840053 3.762043 0.840053 -0.000001 -0.831469 0.555571 0.678489 0.777597
-0.454635 3.762043 1.097582 -0.000001 -0.831469 0.555571 0.682552 0.765248
-0.454635 4.356050 1.097582 -0.000001 -0.831469 0.555571 0.682552 0.765248
-0.000001 4.356050 1.188014 -0.000002 -0.980786 0.195089 0.687345 0.760912
-0.454635 4.356050 1.097582 -0.000002 -0.980786 0.195089 0.682552 0.765248
-0.454635 3.762043 1.097582 -0.000002 -0.980786 0.195089 0.682552 0.765248
-0.454635 3.762043 1.097582 0.000000 -0.980785 0.195091 0.682552 0.765248
-0.000001 3.762043 1.188014 0.000000 -0.980785 0.195091 0.687345 0.760912
-0.000001 4.356050 1.188014 0.000000 -0.980785 0.195091 0.687345 0.760912
0.454633 4.356049 1.097582 0.000000 -0.980785 -0.195090 0.692138 0.765248
-0.000001 4.356050 1.188014 0.000000 -0.980785 -0.195090 0.687345 0.760912
-0.000001 3.762043 1.188014 0.000000 -0.980785 -0.195090 0.687345 0.760912
-0.000001 3.762043 1.188014 -0.000001 -0.980785 -0.195091 0.687345 0.760912
0.454633 3.762042 1.097581 -0.000001 -0.980785 -0.195091 0.692138 0.765248
0.454633 4.356049 1.097582 -0.000001 -0.980785 -0.195091 0.692138 0.765248
0.840051 4.356050 0.840053 -0.000000 -0.831469 -0.555571 0.696201 0.777597
0.454633 4.356049 1.097582 -0.000000 -0.831469 -0.555571 0.692138 0.765248
0.454633 3.762042 1.097581 -0.000000 -0.831469 -0.555571 0.692138 0.765248
0.454633 3.762042 1.097581 0.000000 -0.831469 -0.555571 0.692138 0.765248
0.840051 3.762043 0.840053 0.000000 -0.831469 -0.555571 0.696201 0.777597
0.840051 4.356050 0.840053 0.000000 -0.831469 -0.555571 0.696201 0.777597
1.097581 4.356050 0.454634 0.000000 -0.555572 -0.831468 0.698916 0.796079
0.840051 4.356050 0.840053 0.000000 -0.555572 -0.831468 0.696201 0.777597
0.840051 3.762043 0.840053 0.000000 -0.555572 -0.831468 0.696201 0.777597
0.840051 3.762043 0.840053 0.000000 -0.555572 -0.831468 0.696201 0.777597
1.097581 3.762044 0.454634 0.000000 -0.555572 -0.831468 0.698916 0.796079
1.097581 4.356050 0.454634 0.000000 -0.555572 -0.831468 0.698916 0.796079
1.188012 4.356052 0.000000 0.000000 -0.195088 -0.980786 0.699870 0.817880
1.097581 4.356050 0.454634 0.000000 -0.195088 -0.980786 0.698916 0.796079
1.097581 3.762044 0.454634 0.000000 -0.195088 -0.980786 0.698916 0.796079
1.097581 3.762044 0.454634 0.000000 -0.195088 -0.980786 0.698916 0.796079
1.188012 3.762043 0.000000 0.000000 -0.195088 -0.980786 0.699870 0.817880
1.188012 4.356052 0.000000 0.000000 -0.195088 -0.980786 0.699870 0.817880
-0.000001 4.356050 1.188014 1.000000 -0.000002 0.000000 0.687345 0.760912
0.454633 4.356049 1.097582 1.000000 -0.000012 -0.000004 0.692138 0.765248
0.840051 4.356050 0.840053 1.000000 -0.000002 0.000000 0.696201 0.777597
0.840051 4.356050 0.840053 1.000000 -0.000002 0.000000 0.696201 0.777597
1.097581 4.356050 0.454634 1.000000 -0.000007 -0.000011 0.698916 0.796079
1.188012 4.356052 0.000000 1.000000 -0.000001 0.000002 0.699870 0.817880
1.188012 4.356052 0.000000 1.000000 -0.000001 0.000002 0.699870 0.817880
1.097579 4.356050 -0.454632 1.000000 0.000009 -0.000019 0.698916 0.839681
0.840051 4.356051 -0.840052 1.000000 0.000001 0.000000 0.696201 0.858163
0.840051 4.356050 0.840053 1.000000 -0.000002 0.000000 0.696201 0.777597
1.188012 4.356052 0.000000 1.000000 -0.000001 0.000002 0.699870 0.817880
0.840051 4.356051 -0.840052 1.000000 0.000001 0.000000 0.696201 0.858163
0.840051 4.356051 -0.840052 1.000000 0.000001 0.000000 0.696201 0.858163
0.454633 4.356050 -1.097580 1.000000 0.000008 -0.000002 0.692138 0.870512
-0.000001 4.356050 -1.188012 1.000000 0.000001 0.000001 0.687345 0.874849
-0.000001 4.356050 -1.188012 1.000000 0.000001 0.000001 0.687345 0.874849
-0.454635 4.356050 -1.097580 1.000000 -0.000004 -0.000001 0.682552 0.870512
-0.840053 4.356050 -0.840052 1.000000 -0.000000 0.000000 0.678489 0.858163
0.840051 4.356051 -0.840052 1.000000 0.000001 0.000000 0.696201 0.858163
-0.000001 4.356050 -1.188012 1.000000 0.000001 0.000001 0.687345 0.874849
-0.840053 4.356050 -0.840052 1.000000 -0.000000 0.000000 0.678489 0.858163
0.840051 4.356050 0.840053 1.000000 -0.000002 0.000000 0.696201 0.777597
0.840051 4.356051 -0.840052 1.000000 0.000001 0.000000 0.696201 0.858163
-0.840053 4.356050 -0.840052 1.000000 -0.000000 0.000000 0.678489 0.858163
-0.840053 4.356050 -0.840052 1.000000 -0.000000 0.000000 0.678489 0.858163
-1.097582 4.356050 -0.454633 1.000000 -0.000001 -0.000004 0.675774 0.839681
-1.188014 4.356050 0.000000 1.000000 0.000000 -0.000002 0.674820 0.817880
-1.188014 4.356050 0.000000 1.000000 0.000000 -0.000002 0.674820 0.817880
-1.097582 4.356050 0.454634 1.000000 0.000001 -0.000004 0.675774 0.796079
-0.840053 4.356050 0.840053 1.000000 -0.000000 -0.000000 0.678489 0.777597
-0.840053 4.356050 -0.840052 1.000000 -0.000000 0.000000 0.678489 0.858163
-1.188014 4.356050 0.000000 1.000000 0.000000 -0.000002 0.674820 0.817880
-0.840053 4.356050 0.840053 1.000000 -0.000000 -0.000000 0.678489 0.777597
0.840051 4.356050 0.840053 1.000000 -0.000002 0.000000 0.696201 0.777597
-0.840053 4.356050 -0.840052 1.000000 -0.000000 0.000000 0.678489 0.858163
-0.840053 4.356050 0.840053 1.000000 -0.000000 -0.000000 0.678489 0.777597
-0.000001 4.356050 1.188014 1.000000 -0.000002 0.000000 0.687345 0.760912
0.840051 4.356050 0.840053 1.000000 -0.000002 0.000000 0.696201 0.777597
-0.840053 4.356050 0.840053 1.000000 -0.000000 -0.000000 0.678489 0.777597
-0.000001 4.356050 1.188014 1.000000 -0.000002 0.000000 0.687345 0.760912
-0.840053 4.356050 0.840053 1.000000 -0.000000 -0.000000 0.678489 0.777597
-0.454635 4.356050 1.097582 1.000000 0.000000 0.000000 0.682552 0.765248
-0.247505 4.158048 0.428687 1.000000 -0.000000 0.000000 0.684736 0.797324
0.247500 4.158048 -0.428687 1.000000 -0.000000 -0.000000 0.689954 0.838437
-4.896751 4.158049 -3.398721 1.000000 -0.000002 0.000001 0.635721 0.980858
-4.896751 4.158049 -3.398721 1.000000 -0.000002 0.000001 0.635721 0.980858
-5.391755 4.158047 -2.541345 1.000000 -0.000002 0.000001 0.630503 0.939745
-0.247505 4.158048 0.428687 1.000000 -0.000000 0.000000 0.684736 0.797324
-0.247505 3.762043 0.428687 -0.000001 -0.500000 -0.866026 0.709023 0.585409
0.247500 3.762044 -0.428688 -0.000001 -0.500000 -0.866026 0.667044 0.585409
0.247500 4.158048 -0.428687 -0.000001 -0.500000 -0.866026 0.667044 0.825313
0.247500 4.158048 -0.428687 -0.000001 -0.500000 -0.866026 0.667044 0.825313
-0.247505 4.158048 0.428687 -0.000001 -0.500000 -0.866025 0.709023 0.825313
-0.247505 3.762043 0.428687 -0.000001 -0.500000 -0.866026 0.709023 0.585409
0.247500 3.762044 -0.428688 0.000001 0.866026 -0.500000 0.689954 0.838437
-4.896751 3.762044 -3.398719 -0.000003 0.866026 -0.500000 0.635721 0.980858
-4.896751 4.158049 -3.398721 -0.000003 0.866026 -0.500000 0.635721 0.980858
-4.896751 4.158049 -3.398721 -0.000003 0.866026 -0.500000 0.635721 0.980858
0.247500 4.158048 -0.428687 0.000002 0.866026 -0.500000 0.689954 0.838437
0.247500 3.762044 -0.428688 0.000001 0.866026 -0.500000 0.689954 0.838437
-5.391755 3.762045 -2.541346 -0.000002 -0.866026 0.500000 0.630503 0.939745
-0.247505 3.762043 0.428687 -0.000001 -0.866026 0.500000 0.684736 0.797324
-0.247505 4.158048 0.428687 -0.000001 -0.866026 0.500000 0.684736 0.797324
-0.247505 4.158048 0.428687 -0.000001 -0.866026 0.500000 0.684736 0.797324
-5.391755 4.158047 -2.541345 -0.000003 -0.866026 0.500000 0.630503 0.939745
-5.391755 3.762045 -2.541346 -0.000002 -0.866026 0.500000 0.630503 0.939745
0.548788 0.000001 0.227317 0.000000 -0.195092 -0.980785 0.693131 0.806980
0.594005 0.000001 0.000001 0.000000 -0.195092 -0.980785 0.693607 0.817880
0.594006 3.960046 0.000001 0.000000 -0.195092 -0.980785 0.693607 0.817880
0.594006 3.960046 0.000001 0.000000 -0.195092 -0.980785 0.693607 0.817880
0.548789 3.960046 0.227317 0.000000 -0.195092 -0.980785 0.693131 0.806980
0.548788 0.000001 0.227317 0.000000 -0.195092 -0.980785 0.693131 0.806980
0.420025 0.000001 0.420027 0.000000 -0.555567 -0.831472 0.691773 0.797739
0.548788 0.000001 0.227317 0.000000 -0.555567 -0.831472 0.693131 0.806980
0.548789 3.960046 0.227317 0.000000 -0.555567 -0.831472 0.693131 0.806980
0.548789 3.960046 0.227317 0.000000 -0.555567 -0.831472 0.693131 0.806980
0.420026 3.960046 0.420027 0.000000 -0.555567 -0.831472 0.691773 0.797739
0.420025 0.000001 0.420027 0.000000 -0.555567 -0.831472 0.691773 0.797739
0.227314 0.000001 0.548791 0.000000 -0.831471 -0.555568 0.689742 0.791564
0.420025 0.000001 0.420027 0.000000 -0.831471 -0.555568 0.691773 0.797739
0.420026 3.960046 0.420027 0.000000 -0.831471 -0.555568 0.691773 0.797739
0.420026 3.960046 0.420027 0.000000 -0.831473 -0.555566 0.691773 0.797739
0.227315 3.960045 0.548790 0.000000 -0.831473 -0.555566 0.689742 0.791564
0.227314 0.000001 0.548791 0.000000 -0.831473 -0.555566 0.689742 0.791564
-0.000002 0.000001 0.594008 0.000000 -0.980785 -0.195092 0.687345 0.789396
0.227314 0.000001 0.548791 0.000000 -0.980785 -0.195092 0.689742 0.791564
0.227315 3.960045 0.548790 0.000000 -0.980785 -0.195092 0.689742 0.791564
0.227315 3.960045 0.548790 0.000000 -0.980784 -0.195095 0.689742 0.791564
-0.000001 3.960046 0.594008 0.000000 -0.980784 -0.195095 0.687345 0.789396
-0.000002 0.000001 0.594008 0.000000 -0.980784 -0.195095 0.687345 0.789396
-0.227318 0.000001 0.548791 -0.000000 -0.980785 0.195092 0.684949 0.791564
-0.000002 0.000001 0.594008 -0.000000 -0.980785 0.195092 0.687345 0.789396
-0.000001 3.960046 0.594008 -0.000000 -0.980785 0.195092 0.687345 0.789396
-0.000001 3.960046 0.594008 0.000000 -0.980784 0.195095 0.687345 0.789396
-0.227317 3.960045 0.548790 0.000000 -0.980784 0.195095 0.684949 0.791564
-0.227318 0.000001 0.548791 0.000000 -0.980784 0.195095 0.684949 0.791564
-0.420029 0.000001 0.420027 0.000000 -0.831471 0.555568 0.682917 0.797739
-0.227318 0.000001 0.548791 0.000000 -0.831471 0.555568 0.684949 0.791564
-0.227317 3.960045 0.548790 0.000000 -0.831471 0.555568 0.684949 0.791564
-0.227317 3.960045 0.548790 -0.000000 -0.831473 0.555566 0.684949 0.791564
-0.420028 3.960046 0.420027 -0.000000 -0.831473 0.555566 0.682917 0.797739
-0.420029 0.000001 0.420027 -0.000000 -0.831473 0.555566 0.682917 0.797739
-0.548792 0.000001 0.227318 -0.000000 -0.555568 0.831471 0.681560 0.806980
-0.420029 0.000001 0.420027 -0.000000 -0.555568 0.831471 0.682917 0.797739
-0.420028 3.960046 0.420027 -0.000000 -0.555568 0.831471 0.682917 0.797739
-0.420028 3.960046 0.420027 0.000000 -0.555567 0.831472 0.682917 0.797739
-0.548791 3.960045 0.227317 0.000000 -0.555567 0.831472 0.681560 0.806980
-0.548792 0.000001 0.227318 0.000000 -0.555567 0.831472 0.681560 0.806980
-0.594008 0.000001 0.000001 -0.000000 -0.195092 0.980785 0.681083 0.817880
-0.548792 0.000001 0.227318 -0.000000 -0.195092 0.980785 0.681560 0.806980
-0.548791 3.960045 0.227317 -0.000000 -0.195092 0.980785 0.681560 0.806980
-0.548791 3.960045 0.227317 -0.000000 -0.195092 0.980785 0.681560 0.806980
-0.594007 3.960045 0.000000 -0.000000 -0.195092 0.980785 0.681083 0.817880
-0.594008 0.000001 0.000001 -0.000000 -0.195092 0.980785 0.681083 0.817880
-0.548792 0.000001 -0.227316 -0.000000 0.195092 0.980785 0.681560 0.828781
-0.594008 0.000001 0.000001 -0.000000 0.195092 0.980785 0.681083 0.817880
-0.594007 3.960045 0.000000 -0.000000 0.195092 0.980785 0.681083 0.817880
-0.594007 3.960045 0.000000 -0.000000 0.195092 0.980785 0.681083 0.817880
-0.548791 3.960045 -0.227316 -0.000000 0.195092 0.980785 0.681560 0.828781
-0.548792 0.000001 -0.227316 -0.000000 0.195092 0.980785 0.681560 0.828781
-0.420029 0.000001 -0.420025 -0.000000 0.555567 0.831472 0.682917 0.838022
-0.548792 0.000001 -0.227316 -0.000000 0.555567 0.831472 0.681560 0.828781
-0.548791 3.960045 -0.227316 -0.000000 0.555567 0.831472 0.681560 0.828781
-0.548791 3.960045 -0.227316 -0.000000 0.555569 0.831471 0.681560 0.828781
-0.420028 3.960046 -0.420025 -0.000000 0.555569 0.831471 0.682917 0.838022
-0.420029 0.000001 -0.420025 -0.000000 0.555569 0.831471 0.682917 0.838022
-0.227318 0.000001 -0.548790 -0.000000 0.831471 0.555569 0.684949 0.844196
-0.420029 0.000001 -0.420025 -0.000000 0.831471 0.555569 0.682917 0.838022
-0.420028 3.960046 -0.420025 -0.000000 0.831471 0.555569 0.682917 0.838022
-0.420028 3.960046 -0.420025 -0.000000 0.831470 0.555570 0.682917 0.838022
-0.227317 3.960046 -0.548790 -0.000000 0.831470 0.555570 0.684949 0.844196
-0.227318 0.000001 -0.548790 -0.000000 0.831470 0.555570 0.684949 0.844196
-0.000002 0.000001 -0.594006 -0.000000 0.980786 0.195089 0.687345 0.846364
-0.227318 0.000001 -0.548790 -0.000000 0.980786 0.195089 0.684949 0.844196
-0.227317 3.960046 -0.548790 -0.000000 0.980786 0.195089 0.684949 0.844196
-0.227317 3.960046 -0.548790 -0.000000 0.980785 0.195092 0.684949 0.844196
-0.000001 3.960047 -0.594007 -0.000000 0.980785 0.195092 0.687345 0.846364
-0.000002 0.000001 -0.594006 -0.000000 0.980785 0.195092 0.687345 0.846364
0.227314 0.000001 -0.548790 -0.000000 0.980786 -0.195089 0.689742 0.844196
-0.000002 0.000001 -0.594006 -0.000000 0.980786 -0.195089 0.687345 0.846364
-0.000001 3.960047 -0.594007 -0.000000 0.980786 -0.195089 0.687345 0.846364
-0.000001 3.960047 -0.594007 -0.000000 0.980785 -0.195092 0.687345 0.846364
0.227315 3.960046 -0.548790 -0.000000 0.980785 -0.195092 0.689742 0.844196
0.227314 0.000001 -0.548790 -0.000000 0.980785 -0.195092 0.689742 0.844196
0.420025 0.000001 -0.420025 -0.000000 0.831471 -0.555569 0.691773 0.838022
0.227314 0.000001 -0.548790 -0.000000 0.831471 -0.555569 0.689742 0.844196
0.227315 3.960046 -0.548790 -0.000000 0.831471 -0.555569 0.689742 0.844196
0.227315 3.960046 -0.548790 0.000000 0.831470 -0.555570 0.689742 0.844196
0.420026 3.960046 -0.420025 0.000000 0.831470 -0.555570 0.691773 0.838022
0.420025 0.000001 -0.420025 0.000000 0.831470 -0.555570 0.691773 0.838022
0.548788 0.000001 -0.227316 0.000000 0.555567 -0.831472 0.693131 0.828781
0.420025 0.000001 -0.420025 0.000000 0.555567 -0.831472 0.691773 0.838022
0.420026 3.960046 -0.420025 0.000000 0.555567 -0.831472 0.691773 0.838022
0.420026 3.960046 -0.420025 0.000000 0.555567 -0.831472 0.691773 0.838022
0.548789 3.960046 -0.227315 0.000000 0.555567 -0.831472 0.693131 0.828781
0.548788 0.000001 -0.227316 0.000000 0.555567 -0.831472 0.693131 0.828781
0.594005 0.000001 0.000001 0.000000 0.195092 -0.980785 0.693607 0.817880
0.548788 0.000001 -0.227316 0.000000 0.195092 -0.980785 0.693131 0.828781
0.548789 3.960046 -0.227315 0.000000 0.195092 -0.980785 0.693131 0.828781
0.548789 3.960046 -0.227315 0.000000 0.195092 -0.980785 0.693131 0.828781
0.594006 3.960046 0.000001 0.000000 0.195092 -0.980785 0.693607 0.817880
0.594005 0.000001 0.000001 0.000000 0.195092 -0.980785 0.693607 0.817880
Box
0
End