180, 95, 8, 180, 31, 55
object_road_7.txt object_road_6.txt object_car_1.txt object_car_2.txt object_car_6.txt object_road_1.txt object_car_4.txt object_car_3.txt
Surface
0, 3, 2, 1
0, 4, 6, 1
0, 2, 9, 4
0, 5, 9, 4
1, 3, 2, 1
1, 4, 6, 1
1, 2, 9, 4
1, 5, 9, 4
2, 3, 2, 1
2, 4, 6, 1
2, 2, 9, 4
2, 5, 9, 4
3, 3, 2, 1
3, 4, 6, 1
3, 2, 9, 4
3, 5, 9, 4
4, 3, 2, 1
4, 4, 6, 1
4, 2, 9, 4
4, 5, 9, 4
5, 4, 6, 1
5, 3, 2, 1
5, 2, 9, 4
5, 5, 9, 4
6, 3, 3, 1
6, 4, 5, 1
6, 2, 9, 4
6, 5, 9, 4
7, 4, 3, 1
7, 3, 1, 1
7, 2, 9, 4
7, 5, 9, 4
8, 3, 2, 1
8, 4, 6, 1
8, 2, 9, 4
8, 5, 9, 4
9, 24, 9, 4
9, 14, 6, 1
9, 5, 9, 4
9, 33, 9, 4
9, 13, 2, 1
10, 2, 2, 1
10, 3, 6, 1
10, 5, 9, 4
10, 4, 9, 4
11, 2, 2, 1
11, 3, 6, 1
11, 5, 9, 4
11, 4, 9, 4
12, 3, 6, 1
12, 2, 2, 1
12, 5, 9, 4
12, 4, 9, 4
13, 22, 5, 1
13, 12, 1, 1
13, 19, 1, 1
13, 9, 5, 1
13, 5, 9, 4
13, 29, 9, 4
14, 1, 1, 1
14, 2, 5, 1
14, 3, 1, 1
14, 4, 5, 1
14, 5, 9, 4
15, 7, 1, 1
15, 8, 5, 1
15, 9, 1, 1
15, 10, 5, 1
15, 30, 9, 4
16, 2, 1, 1
16, 3, 5, 1
16, 4, 1, 1
16, 5, 5, 1
17, 8, 1, 1
17, 9, 5, 1
17, 11, 5, 1
17, 10, 1, 1
18, 9, 1, 1
18, 5, 1, 1
18, 6, 5, 1
18, 29, 5, 1
19, 6, 5, 1
19, 5, 1, 1
19, 4, 3, 1
20, 4, 2, 1
20, 5, 4, 1
20, 6, 5, 1
21, 4, 2, 1
21, 5, 4, 1
21, 6, 5, 1
22, 4, 2, 1
22, 5, 4, 1
22, 6, 5, 1
23, 14, 2, 1
23, 15, 4, 1
23, 16, 5, 1
24, 13, 2, 1
24, 14, 4, 1
24, 25, 10, 6
24, 15, 5, 1
25, 18, 10, 6
25, 8, 2, 1
25, 10, 5, 1
25, 9, 4, 1
25, 30, 10, 6
26, 23, 7, 1
26, 13, 1, 1
26, 25, 10, 6
26, 15, 5, 1
26, 33, 10, 6
26, 35, 4, 1
27, 2, 1, 1
27, 3, 7, 1
27, 4, 6, 1
27, 5, 10, 6
28, 2, 1, 1
28, 3, 7, 1
28, 4, 6, 1
28, 5, 10, 6
29, 2, 1, 1
29, 3, 7, 1
29, 4, 6, 1
29, 5, 10, 6
30, 12, 1, 1
30, 23, 10, 6
30, 13, 5, 1
30, 4, 3, 1
30, 5, 10, 6
31, 4, 3, 1
31, 2, 5, 1
31, 1, 1, 1
31, 3, 10, 6
31, 5, 10, 6
32, 20, 1, 1
32, 10, 5, 1
32, 2, 5, 1
32, 1, 1, 1
32, 3, 10, 6
32, 30, 10, 6
33, 14, 1, 1
33, 15, 5, 1
33, 12, 5, 1
33, 32, 1, 1
33, 13, 10, 6
34, 13, 1, 1
34, 14, 5, 1
34, 1, 3, 1
34, 33, 10, 6
35, 1, 3, 1
35, 2, 1, 1
35, 3, 5, 1
36, 7, 3, 1
36, 8, 1, 1
36, 9, 5, 1
37, 2, 3, 1
37, 3, 1, 1
37, 4, 5, 1
38, 2, 3, 1
38, 3, 1, 1
38, 4, 5, 1
39, 8, 3, 1
39, 9, 1, 1
39, 10, 5, 1
40, 3, 1, 1
40, 4, 1, 1
40, 5, 5, 1
41, 3, 3, 1
41, 4, 8, 1
41, 5, 5, 1
42, 3, 2, 1
42, 4, 4, 1
42, 5, 5, 1
43, 9, 2, 1
43, 10, 4, 1
43, 11, 5, 1
44, 4, 2, 1
44, 5, 4, 1
44, 6, 5, 1
45, 4, 2, 1
45, 5, 4, 1
45, 6, 5, 1
46, 4, 2, 1
46, 5, 4, 1
46, 6, 5, 1
47, 11, 4, 1
47, 20, 10, 6
47, 10, 2, 1
47, 31, 5, 1
48, 5, 2, 1
48, 6, 6, 1
48, 4, 10, 6
49, 5, 2, 1
49, 6, 6, 1
49, 4, 10, 6
50, 5, 2, 1
50, 6, 6, 1
50, 4, 10, 6
51, 5, 2, 1
51, 6, 6, 1
51, 4, 10, 6
52, 15, 2, 1
52, 26, 10, 6
52, 16, 6, 1
52, 14, 10, 6
53, 14, 2, 1
53, 15, 6, 1
53, 13, 10, 6
53, 16, 10, 6
54, 9, 2, 1
54, 10, 6, 1
54, 8, 10, 6
54, 11, 10, 6
55, 14, 1, 1
55, 15, 3, 1
55, 13, 10, 6
55, 16, 10, 6
56, 14, 5, 1
56, 13, 3, 1
56, 12, 10, 6
56, 15, 10, 6
57, 2, 2, 1
57, 3, 6, 1
57, 1, 10, 6
57, 4, 10, 6
58, 8, 2, 1
58, 9, 6, 1
58, 7, 10, 6
58, 29, 10, 6
59, 20, 4, 1
59, 10, 5, 1
59, 3, 2, 1
59, 2, 10, 6
60, 3, 2, 1
60, 4, 4, 1
60, 5, 5, 1
60, 2, 10, 6
61, 3, 2, 1
61, 4, 4, 1
61, 5, 5, 1
61, 2, 10, 6
62, 23, 7, 1
62, 13, 1, 1
62, 4, 4, 1
62, 5, 5, 1
62, 33, 10, 6
63, 2, 1, 1
63, 3, 7, 1
63, 4, 4, 1
63, 5, 5, 1
64, 2, 1, 1
64, 3, 7, 1
64, 4, 4, 1
64, 5, 5, 1
65, 12, 1, 1
65, 23, 10, 6
65, 13, 5, 1
65, 4, 1, 1
65, 5, 5, 1
66, 1, 1, 1
66, 2, 5, 1
66, 4, 1, 1
66, 5, 5, 1
66, 3, 10, 6
67, 1, 1, 1
67, 2, 5, 1
67, 4, 1, 1
67, 5, 5, 1
67, 3, 10, 6
68, 1, 1, 1
68, 2, 5, 1
68, 4, 1, 1
68, 5, 5, 1
68, 3, 10, 6
69, 7, 1, 1
69, 8, 5, 1
69, 10, 1, 1
69, 11, 5, 1
69, 9, 10, 6
70, 15, 1, 1
70, 16, 5, 1
70, 13, 5, 1
70, 12, 1, 1
70, 14, 10, 6
71, 1, 1, 1
71, 2, 5, 1
71, 4, 1, 1
71, 5, 5, 1
71, 3, 10, 6
72, 7, 1, 1
72, 8, 5, 1
72, 4, 1, 1
72, 5, 5, 1
72, 28, 10, 6
73, 3, 5, 1
73, 2, 1, 1
73, 4, 1, 1
73, 5, 5, 1
74, 2, 1, 1
74, 3, 5, 1
74, 4, 1, 1
74, 5, 5, 1
75, 2, 1, 1
75, 3, 5, 1
75, 4, 1, 1
75, 5, 5, 1
76, 15, 5, 1
76, 35, 1, 1
76, 2, 1, 1
76, 3, 5, 1
77, 12, 1, 1
77, 13, 7, 1
77, 24, 9, 4
77, 14, 6, 1
78, 1, 1, 1
78, 2, 7, 1
78, 3, 6, 1
78, 4, 9, 4
79, 2, 7, 1
79, 1, 1, 1
79, 3, 6, 1
79, 4, 9, 4
80, 7, 1, 1
80, 8, 5, 1
80, 9, 3, 1
80, 29, 9, 4
81, 12, 1, 1
81, 13, 5, 1
81, 24, 9, 4
81, 14, 3, 1
82, 7, 1, 1
82, 8, 5, 1
82, 9, 3, 1
82, 29, 9, 4
83, 8, 1, 1
83, 9, 5, 1
83, 10, 3, 1
84, 3, 1, 1
84, 4, 5, 1
84, 5, 3, 1
85, 3, 1, 1
85, 4, 5, 1
85, 5, 5, 1
86, 3, 1, 1
86, 4, 8, 1
86, 5, 3, 1
87, 3, 1, 1
87, 4, 5, 1
87, 5, 3, 1
88, 13, 1, 1
88, 14, 5, 1
88, 15, 3, 1
89, 2, 1, 1
89, 3, 7, 1
89, 4, 6, 1
90, 2, 1, 1
90, 3, 7, 1
90, 4, 6, 1
91, 8, 1, 1
91, 9, 7, 1
91, 10, 6, 1
92, 3, 1, 1
92, 4, 7, 1
92, 5, 6, 1
93, 3, 1, 1
93, 4, 7, 1
93, 5, 6, 1
94, 19, 10, 6
94, 9, 1, 1
94, 11, 6, 1
94, 10, 5, 1
95, 5, 7, 1
95, 4, 1, 1
95, 6, 6, 1
95, 3, 10, 6
96, 14, 1, 1
96, 15, 7, 1
96, 26, 10, 6
96, 16, 6, 1
96, 34, 10, 6
97, 3, 1, 1
97, 4, 7, 1
97, 5, 6, 1
97, 6, 10, 6
98, 21, 1, 1
98, 11, 5, 1
98, 19, 10, 6
98, 9, 1, 1
98, 29, 5, 1
98, 31, 10, 6
99, 4, 3, 1
99, 5, 1, 1
99, 6, 5, 1
99, 3, 10, 6
100, 14, 3, 1
100, 15, 1, 1
100, 16, 5, 1
100, 34, 10, 6
101, 13, 3, 1
101, 14, 1, 1
101, 15, 5, 1
102, 12, 3, 1
102, 13, 1, 1
102, 14, 5, 1
103, 1, 3, 1
103, 2, 1, 1
103, 3, 5, 1
104, 1, 3, 1
104, 2, 8, 1
104, 3, 5, 1
105, 1, 1, 1
105, 2, 1, 1
105, 3, 5, 1
106, 1, 3, 1
106, 2, 1, 1
106, 3, 5, 1
107, 1, 3, 1
107, 2, 1, 1
107, 3, 5, 1
108, 1, 3, 1
108, 2, 1, 1
108, 3, 5, 1
109, 7, 3, 1
109, 8, 1, 1
109, 9, 5, 1
110, 2, 3, 1
110, 3, 1, 1
110, 4, 5, 1
111, 12, 3, 1
111, 13, 1, 1
111, 14, 5, 1
112, 1, 3, 1
112, 2, 1, 1
112, 3, 5, 1
113, 1, 2, 1
113, 2, 4, 1
113, 3, 5, 1
114, 7, 2, 1
114, 8, 4, 1
114, 9, 5, 1
115, 8, 2, 1
115, 9, 4, 1
115, 10, 5, 1
116, 19, 9, 4
116, 9, 2, 1
116, 11, 5, 1
116, 10, 4, 1
117, 4, 2, 1
117, 5, 4, 1
117, 6, 5, 1
117, 3, 9, 4
118, 4, 2, 1
118, 5, 4, 1
118, 6, 5, 1
118, 3, 9, 4
119, 4, 2, 1
119, 5, 4, 1
119, 6, 5, 1
119, 3, 9, 4
120, 14, 2, 1
120, 15, 4, 1
120, 26, 9, 4
120, 16, 5, 1
120, 34, 9, 4
121, 19, 9, 4
121, 9, 2, 1
121, 11, 5, 1
121, 10, 4, 1
121, 31, 9, 4
122, 4, 2, 1
122, 5, 4, 1
122, 6, 5, 1
122, 3, 9, 4
123, 14, 2, 1
123, 15, 4, 1
123, 16, 5, 1
123, 34, 9, 4
124, 15, 5, 1
124, 23, 7, 1
124, 13, 1, 1
124, 35, 4, 1
125, 2, 1, 1
125, 3, 7, 1
125, 4, 6, 1
126, 2, 1, 1
126, 3, 7, 1
126, 4, 6, 1
127, 2, 1, 1
127, 3, 7, 1
127, 4, 6, 1
128, 2, 1, 1
128, 3, 7, 1
128, 4, 6, 1
129, 22, 10, 6
129, 12, 3, 1
129, 3, 2, 1
129, 4, 6, 1
130, 1, 3, 1
130, 3, 2, 1
130, 4, 6, 1
130, 2, 10, 6
131, 7, 3, 1
131, 19, 1, 1
131, 9, 5, 1
131, 10, 3, 1
131, 27, 10, 6
132, 8, 1, 1
132, 10, 5, 1
132, 11, 3, 1
132, 9, 8, 1
133, 9, 1, 1
133, 29, 8, 1
133, 5, 5, 1
133, 6, 3, 1
134, 4, 1, 1
134, 5, 5, 1
134, 6, 3, 1
135, 4, 1, 1
135, 5, 5, 1
135, 6, 3, 1
136, 4, 1, 1
136, 5, 5, 1
136, 6, 3, 1
137, 20, 10, 6
137, 10, 1, 1
137, 6, 3, 1
137, 30, 5, 1
138, 5, 3, 1
138, 6, 3, 1
138, 4, 10, 6
139, 5, 3, 1
139, 6, 3, 1
139, 4, 10, 6
140, 26, 10, 6
140, 16, 3, 1
140, 15, 3, 1
140, 35, 10, 6
141, 4, 3, 1
141, 5, 3, 1
141, 6, 10, 6
142, 14, 2, 1
142, 15, 6, 1
142, 16, 10, 6
143, 13, 2, 1
143, 14, 6, 1
143, 15, 10, 6
144, 2, 2, 1
144, 3, 6, 1
144, 4, 10, 6
145, 19, 4, 1
145, 9, 5, 1
145, 2, 2, 1
145, 29, 10, 6
146, 8, 2, 1
146, 9, 4, 1
146, 10, 5, 1
147, 9, 2, 1
147, 10, 4, 1
147, 11, 5, 1
148, 4, 2, 1
148, 5, 4, 1
148, 6, 5, 1
149, 14, 2, 1
149, 15, 4, 1
149, 16, 5, 1
150, 13, 2, 1
150, 14, 4, 1
150, 15, 5, 1
151, 12, 2, 1
151, 13, 4, 1
151, 14, 5, 1
152, 1, 2, 1
152, 2, 4, 1
152, 3, 5, 1
153, 1, 2, 1
153, 2, 4, 1
153, 3, 5, 1
154, 1, 1, 1
154, 2, 1, 1
154, 3, 5, 1
155, 1, 3, 1
155, 2, 8, 1
155, 3, 5, 1
156, 1, 2, 1
156, 2, 4, 1
156, 3, 5, 1
157, 7, 2, 1
157, 8, 4, 1
157, 9, 5, 1
158, 2, 2, 1
158, 3, 4, 1
158, 4, 5, 1
159, 2, 2, 1
159, 4, 5, 1
159, 3, 4, 1
160, 2, 2, 1
160, 3, 4, 1
160, 4, 5, 1
161, 2, 2, 1
161, 3, 4, 1
161, 4, 5, 1
162, 2, 2, 1
162, 3, 4, 1
162, 4, 5, 1
163, 9, 1, 1
163, 10, 5, 1
163, 18, 1, 1
163, 8, 5, 1
164, 2, 1, 1
164, 3, 5, 1
164, 4, 1, 1
164, 5, 5, 1
165, 2, 1, 1
165, 3, 5, 1
165, 4, 1, 1
165, 5, 5, 1
166, 2, 1, 1
166, 3, 5, 1
166, 4, 1, 1
166, 5, 5, 1
167, 2, 1, 1
167, 3, 5, 1
167, 4, 1, 1
167, 5, 5, 1
168, 2, 1, 1
168, 3, 5, 1
168, 4, 1, 1
168, 5, 5, 1
169, 2, 1, 1
169, 3, 5, 1
169, 4, 1, 1
169, 5, 5, 1
170, 2, 1, 1
170, 3, 5, 1
170, 4, 1, 1
170, 5, 5, 1
171, 12, 1, 1
171, 13, 5, 1
171, 14, 1, 1
171, 15, 5, 1
172, 12, 5, 1
172, 32, 1, 1
172, 24, 9, 4
172, 14, 5, 1
172, 13, 1, 1
173, 1, 3, 1
173, 2, 1, 1
173, 3, 5, 1
173, 4, 9, 4
174, 1, 3, 1
174, 2, 1, 1
174, 3, 5, 1
174, 4, 9, 4
175, 17, 9, 4
175, 7, 3, 1
175, 9, 5, 1
175, 8, 1, 1
175, 10, 9, 4
176, 2, 3, 1
176, 3, 1, 1
176, 4, 5, 1
176, 1, 9, 4
176, 5, 9, 4
177, 2, 3, 1
177, 4, 5, 1
177, 3, 1, 1
177, 1, 9, 4
177, 5, 9, 4
178, 8, 3, 1
178, 9, 1, 1
178, 10, 5, 1
178, 7, 9, 4
178, 11, 9, 4
179, 3, 3, 1
179, 4, 1, 1
179, 5, 5, 1
179, 2, 9, 4
179, 6, 9, 4
Object
2, 1, 65, 25, 0
1, 1, 0, 67, 0
3, 1, 54, 175, 180
3, 1, 65, 240, 0
1, 1, 0, 337, 0
4, 1, 65, 372, 0
2, 1, 56, 481, 0
5, 2, 45, 543, 0
6, 1, 60, 643, 0
3, 1, 73, 741, 0
2, 1, 56, 795, 180
3, 1, 84, 830, 0
4, 1, 71, 891, 180
3, 1, 65, 950, 180
4, 1, 75, 986, 0
3, 1, 66, 1105, 0
2, 1, 70, 1173, 0
4, 1, 54, 1256, 180
2, 1, 64, 1298, 0
3, 1, 44, 1326, 180
7, 1, 64, 1424, 0
2, 1, 35, 1440, 180
3, 1, 48, 1592, 0
7, 1, 64, 1700, 0
2, 1, 55, 1815, 180
4, 1, 72, 1902, 0
3, 1, 74, 2035, 0
5, 2, 86, 2190, 0
0, 1, 0, 2268, 0
5, 2, 74, 2310, 0
2, 1, 71, 2475, 0
3, 1, 53, 2589, 0
7, 1, 55, 2726, 180
6, 1, 70, 2797, 0
2, 1, 50, 2880, 180
4, 1, 66, 2952, 0
3, 1, 44, 2996, 180
3, 1, 69, 3064, 0
2, 1, 44, 3215, 180
2, 1, 70, 3241, 0
3, 1, 66, 3333, 0
7, 1, 48, 3373, 180
4, 1, 55, 3544, 0
2, 1, 59, 3643, 0
3, 1, 58, 3772, 180
3, 1, 69, 3850, 0
7, 1, 67, 3981, 0
2, 1, 53, 4042, 180
6, 1, 59, 4170, 180
2, 1, 66, 4290, 180
5, 2, 65, 4372, 0
7, 1, 79, 4463, 0
3, 1, 71, 4531, 0
2, 1, 50, 4679, 0
3, 1, 35, 4751, 180
2, 1, 54, 4810, 0
7, 1, 45, 4886, 0
4, 1, 64, 4963, 0
6, 1, 51, 5053, 0
2, 1, 49, 5165, 0
3, 1, 64, 5284, 180
2, 1, 84, 5322, 0
7, 1, 65, 5373, 180
4, 1, 56, 5446, 180
4, 1, 65, 5514, 180
3, 1, 68, 5599, 0
6, 1, 49, 5693, 180
2, 1, 65, 5789, 0
4, 1, 54, 5864, 180
5, 2, 34, 5870, 0
3, 1, 71, 5933, 0
2, 1, 72, 6029, 180
7, 1, 65, 6105, 180
4, 1, 84, 6243, 0
7, 1, 74, 6379, 0
4, 1, 54, 6535, 0
2, 1, 79, 6662, 0
6, 1, 50, 6884, 0
5, 2, 35, 6970, 0
3, 1, 44, 7026, 0
7, 1, 57, 7120, 0
4, 1, 64, 7190, 0
2, 1, 45, 7225, 180
6, 1, 61, 7347, 0
7, 1, 74, 7422, 0
3, 1, 45, 7451, 180
2, 1, 53, 7508, 180
6, 1, 49, 7590, 180
4, 1, 63, 7609, 0
3, 1, 52, 7667, 180
4, 1, 75, 7675, 0
7, 1, 59, 7737, 0
3, 1, 48, 7792, 0
2, 1, 50, 7968, 0
4, 1, 69, 8060, 0
Coin
65, 80
60, 130
65, 180
55, 230
65, 290
55, 350
55, 390
50, 430
45, 490
55, 550
45, 580
40, 630
50, 680
55, 710
50, 740
65, 780
75, 840
85, 900
75, 940
85, 990
80, 1020
70, 1060
50, 1110
60, 1150
50, 1210
45, 1250
50, 1290
55, 1340
40, 1370
45, 1420
40, 1480
35, 1510
35, 1550
40, 1590
40, 1640
55, 1670
45, 1710
60, 1760
65, 1810
75, 1850
60, 1900
75, 1950
70, 1990
85, 2040
70, 2080
80, 2140
75, 2190
85, 2230
80, 2270
85, 2310
75, 2350
65, 2400
60, 2460
65, 2500
55, 2530
45, 2590
60, 2650
70, 2690
65, 2730
60, 2790
50, 2820
60, 2880
50, 2930
35, 2990
40, 3040
35, 3090
45, 3140
40, 3170
35, 3230
55, 3280
45, 3320
60, 3380
55, 3430
45, 3460
35, 3520
45, 3550
40, 3610
45, 3660
35, 3700
55, 3730
70, 3770
60, 3820
55, 3880
65, 3920
55, 3960
55, 3990
45, 4040
60, 4090
65, 4120
75, 4180
75, 4230
85, 4260
75, 4300
80, 4350
60, 4410
70, 4470
60, 4520
60, 4580
45, 4610
40, 4660
35, 4700
45, 4760
35, 4810
40, 4840
35, 4900
45, 4940
55, 4980
40, 5020
35, 5070
45, 5110
60, 5160
65, 5210
80, 5250
75, 5280
70, 5330
80, 5380
70, 5420
75, 5470
80, 5520
60, 5560
55, 5590
55, 5620
60, 5670
65, 5710
60, 5740
50, 5770
55, 5820
65, 5860
55, 5900
55, 5940
75, 5990
85, 6030
75, 6060
80, 6100
70, 6150
85, 6190
75, 6230
85, 6290
75, 6330
65, 6370
60, 6410
60, 6470
50, 6500
45, 6530
60, 6580
75, 6620
70, 6670
80, 6720
60, 6750
55, 6810
40, 6850
35, 6900
45, 6960
55, 7010
55, 7060
45, 7090
45, 7140
55, 7180
55, 7220
65, 7260
55, 7290
45, 7330
45, 7380
60, 7430
65, 7470
75, 7500
60, 7550
70, 7580
75, 7610
65, 7660
45, 7710
35, 7740
35, 7800
45, 7840
55, 7880
45, 7920
60, 7950
60, 7980
50, 8020
60, 8050
Bonus
1, 55, 110
4, 55, 290
0, 60, 430
3, 65, 700
1, 40, 700
4, 85, 940
3, 65, 1220
2, 55, 1470
1, 55, 1630
4, 65, 2040
2, 55, 2690
1, 70, 2850
0, 65, 2930
2, 70, 3010
4, 75, 3150
3, 55, 3150
1, 65, 3420
2, 75, 3890
4, 65, 4040
2, 85, 4300
1, 50, 4570
1, 55, 4720
4, 80, 5430
1, 85, 6140
2, 55, 6450
1, 55, 6930
0, 60, 7090
4, 55, 7260
3, 65, 7390
2, 75, 7550
1, 40, 7890
End